"1","2018-05-15T17:57:40.286Z","0","1",NULL
"2","2018-05-15T17:57:40.388Z","0","1",NULL
"3","2018-05-15T17:57:40.757Z","1.916666","1",NULL
"4","2018-05-15T17:57:40.836Z","1.999999","1",NULL
"5","2018-05-15T17:57:40.279Z","0","2",NULL
"6","2018-05-15T17:57:41.009Z","3.874999","1",NULL
"7","2018-05-15T17:57:40.390Z","0","2",NULL
"8","2018-05-15T17:57:41.073Z","3.999999","1",NULL
"9","2018-05-15T17:57:40.543Z","1.962666","2",NULL
"10","2018-05-15T17:57:41.207Z","3.999999","1",NULL
"11","2018-05-15T17:57:40.762Z","3.925332","2",NULL
"12","2018-05-15T17:57:41.378Z","5.999999","1",NULL
"13","2018-05-15T17:57:40.768Z","3.925332","2",NULL
"14","2018-05-15T17:57:41.424Z","5.999999","1",NULL
"15","2018-05-15T17:57:40.947Z","5.887999","2",NULL
"16","2018-05-15T17:57:41.455Z","7.999999","1",NULL
"17","2018-05-15T17:57:41.014Z","5.887999","2",NULL
"18","2018-05-15T17:57:41.564Z","9.999999","1",NULL
"19","2018-05-15T17:57:41.095Z","7.850666","2",NULL
"20","2018-05-15T17:57:41.598Z","11.999999","1",NULL
"21","2018-05-15T17:57:41.214Z","7.850666","2",NULL
"22","2018-05-15T17:57:41.643Z","11.98575","1",NULL
"23","2018-05-15T17:57:41.382Z","9.813332","2",NULL
"24","2018-05-15T17:57:41.728Z","11.971108","1",NULL
"25","2018-05-15T17:57:41.427Z","9.813332","2",NULL
"26","2018-05-15T17:57:42.305Z","11.533957","1",NULL
"27","2018-05-15T17:57:41.473Z","11.775999","2",NULL
"28","2018-05-15T17:57:42.383Z","11.532806","1",NULL
"29","2018-05-15T17:57:41.602Z","11.775999","2",NULL
"30","2018-05-15T17:57:42.838Z","10.9063","1",NULL
"31","2018-05-15T17:57:41.732Z","11.747108","2",NULL
"32","2018-05-15T17:57:42.847Z","10.859786","1",NULL
"33","2018-05-15T17:57:42.370Z","11.309957","2",NULL
"34","2018-05-15T17:57:42.857Z","10.857475","1",NULL
"35","2018-05-15T17:57:42.406Z","11.308806","2",NULL
"36","2018-05-15T17:57:43.284Z","12.500948","1",NULL
"37","2018-05-15T17:57:42.842Z","12.644967","2",NULL
"38","2018-05-15T17:57:43.314Z","12.429017","1",NULL
"39","2018-05-15T17:57:42.852Z","12.598453","2",NULL
"40","2018-05-15T17:57:43.410Z","12.40656","1",NULL
"41","2018-05-15T17:57:42.868Z","12.596142","2",NULL
"42","2018-05-15T17:57:43.653Z","12.12455","1",NULL
"43","2018-05-15T17:57:43.047Z","14.352207","2",NULL
"44","2018-05-15T17:57:43.658Z","12.120046","1",NULL
"45","2018-05-15T17:57:43.306Z","14.202281","2",NULL
"46","2018-05-15T17:57:43.751Z","13.937544","1",NULL
"47","2018-05-15T17:57:43.355Z","14.13035","2",NULL
"48","2018-05-15T17:57:43.781Z","13.935856","1",NULL
"49","2018-05-15T17:57:43.548Z","15.805114","2",NULL
"50","2018-05-15T17:57:44.092Z","15.608073","1",NULL
"51","2018-05-15T17:57:43.656Z","15.746883","2",NULL
"52","2018-05-15T17:57:44.151Z","15.59929","1",NULL
"53","2018-05-15T17:57:43.661Z","15.742379","2",NULL
"54","2018-05-15T17:57:44.268Z","15.596204","1",NULL
"55","2018-05-15T17:57:43.757Z","15.601544","2",NULL
"56","2018-05-15T17:57:44.896Z","14.917155","1",NULL
"57","2018-05-15T17:57:44.134Z","17.23474","2",NULL
"58","2018-05-15T17:57:45.185Z","16.64938","1",NULL
"59","2018-05-15T17:57:44.180Z","17.225957","2",NULL
"60","2018-05-15T17:57:45.190Z","16.590611","1",NULL
"61","2018-05-15T17:57:44.530Z","16.78569","2",NULL
"62","2018-05-15T17:57:45.423Z","16.825407","1",NULL
"63","2018-05-15T17:57:44.903Z","16.543822","2",NULL
"64","2018-05-15T17:57:45.589Z","16.824351","1",NULL
"65","2018-05-15T17:57:45.071Z","18.249213","2",NULL
"66","2018-05-15T17:57:45.645Z","18.090749","1",NULL
"67","2018-05-15T17:57:45.672Z","18.08468","1",NULL
"68","2018-05-15T17:57:45.188Z","18.238713","2",NULL
"69","2018-05-15T17:57:45.687Z","18.08334","1",NULL
"70","2018-05-15T17:57:45.544Z","17.956407","2",NULL
"71","2018-05-15T17:57:45.992Z","17.761884","1",NULL
"72","2018-05-15T17:57:45.594Z","17.955351","2",NULL
"73","2018-05-15T17:57:46.233Z","17.508553","1",NULL
"74","2018-05-15T17:57:45.675Z","17.674013","2",NULL
"75","2018-05-15T17:57:46.725Z","17.012556","1",NULL
"76","2018-05-15T17:57:45.690Z","17.672673","2",NULL
"77","2018-05-15T17:57:47.013Z","16.729905","1",NULL
"78","2018-05-15T17:57:45.996Z","17.351217","2",NULL
"79","2018-05-15T17:57:47.360Z","16.399461","1",NULL
"80","2018-05-15T17:57:46.236Z","17.097886","2",NULL
"81","2018-05-15T17:57:47.365Z","16.398411","1",NULL
"82","2018-05-15T17:57:46.750Z","16.601889","2",NULL
"83","2018-05-15T17:57:47.591Z","16.153502","1",NULL
"84","2018-05-15T17:57:47.041Z","16.319238","2",NULL
"85","2018-05-15T17:57:47.645Z","16.1079","1",NULL
"86","2018-05-15T17:57:47.362Z","17.951461","2",NULL
"87","2018-05-15T17:57:47.652Z","16.10466","1",NULL
"88","2018-05-15T17:57:47.367Z","17.950411","2",NULL
"89","2018-05-15T17:57:47.959Z","15.782708","1",NULL
"90","2018-05-15T17:57:47.369Z","17.943683","2",NULL
"91","2018-05-15T17:57:48.355Z","15.524127","1",NULL
"92","2018-05-15T17:57:47.647Z","19.622567","2",NULL
"93","2018-05-15T17:57:48.724Z","15.156567","1",NULL
"94","2018-05-15T17:57:47.657Z","19.619327","2",NULL
"95","2018-05-15T17:57:48.875Z","14.963038","1",NULL
"96","2018-05-15T17:57:47.661Z","19.612254","2",NULL
"97","2018-05-15T17:57:49.013Z","16.229995","1",NULL
"98","2018-05-15T17:57:47.777Z","21.44448","2",NULL
"99","2018-05-15T17:57:49.076Z","16.664956","1",NULL
"100","2018-05-15T17:57:47.967Z","21.260041","2",NULL
"101","2018-05-15T17:57:49.228Z","18.513294","1",NULL
"102","2018-05-15T17:57:48.390Z","21.00146","2",NULL
"103","2018-05-15T17:57:49.235Z","18.507604","1",NULL
"104","2018-05-15T17:57:48.727Z","20.6339","2",NULL
"105","2018-05-15T17:57:49.294Z","18.445811","1",NULL
"106","2018-05-15T17:57:48.877Z","20.357038","2",NULL
"107","2018-05-15T17:57:49.571Z","18.178308","1",NULL
"108","2018-05-15T17:57:49.033Z","20.207328","2",NULL
"109","2018-05-15T17:57:49.661Z","18.08326","1",NULL
"110","2018-05-15T17:57:49.242Z","19.984937","2",NULL
"111","2018-05-15T17:57:49.986Z","17.757478","1",NULL
"112","2018-05-15T17:57:49.322Z","21.885811","2",NULL
"113","2018-05-15T17:57:50.241Z","17.741996","1",NULL
"114","2018-05-15T17:57:49.356Z","21.842162","2",NULL
"115","2018-05-15T17:57:50.304Z","19.443186","1",NULL
"116","2018-05-15T17:57:49.545Z","23.59369","2",NULL
"117","2018-05-15T17:57:50.368Z","19.371158","1",NULL
"118","2018-05-15T17:57:49.577Z","23.580975","2",NULL
"119","2018-05-15T17:57:50.517Z","19.229779","1",NULL
"120","2018-05-15T17:57:49.677Z","23.485927","2",NULL
"121","2018-05-15T17:57:50.693Z","19.03676","1",NULL
"122","2018-05-15T17:57:50.011Z","23.160145","2",NULL
"123","2018-05-15T17:57:50.828Z","18.920592","1",NULL
"124","2018-05-15T17:57:50.244Z","22.894663","2",NULL
"125","2018-05-15T17:57:51.292Z","18.441988","1",NULL
"126","2018-05-15T17:57:50.380Z","22.773825","2",NULL
"127","2018-05-15T17:57:51.828Z","17.993447","1",NULL
"128","2018-05-15T17:57:50.445Z","24.650812","2",NULL
"129","2018-05-15T17:57:52.442Z","17.480306","1",NULL
"130","2018-05-15T17:57:50.590Z","24.595112","2",NULL
"131","2018-05-15T17:57:52.599Z","17.463781","1",NULL
"132","2018-05-15T17:57:50.696Z","24.402093","2",NULL
"133","2018-05-15T17:57:52.728Z","18.197397","1",NULL
"134","2018-05-15T17:57:50.873Z","24.285925","2",NULL
"135","2018-05-15T17:57:52.905Z","18.170493","1",NULL
"136","2018-05-15T17:57:51.330Z","23.807321","2",NULL
"137","2018-05-15T17:57:53.121Z","18.510028","1",NULL
"138","2018-05-15T17:57:51.836Z","23.35878","2",NULL
"139","2018-05-15T17:57:53.152Z","18.399483","1",NULL
"140","2018-05-15T17:57:52.551Z","22.678972","2",NULL
"141","2018-05-15T17:57:53.160Z","18.617021","1",NULL
"142","2018-05-15T17:57:52.606Z","22.662447","2",NULL
"143","2018-05-15T17:57:53.220Z","18.757823","1",NULL
"144","2018-05-15T17:57:52.865Z","22.43773","2",NULL
"145","2018-05-15T17:57:53.255Z","19.767222","1",NULL
"146","2018-05-15T17:57:52.933Z","22.410826","2",NULL
"147","2018-05-15T17:57:53.284Z","20.442409","1",NULL
"148","2018-05-15T17:57:53.138Z","22.125361","2",NULL
"149","2018-05-15T17:57:53.520Z","20.206365","1",NULL
"150","2018-05-15T17:57:53.158Z","22.014816","2",NULL
"151","2018-05-15T17:57:53.799Z","20.000268","1",NULL
"152","2018-05-15T17:57:53.243Z","21.873156","2",NULL
"153","2018-05-15T17:57:54.568Z","19.798412","1",NULL
"154","2018-05-15T17:57:53.258Z","21.840888","2",NULL
"155","2018-05-15T17:57:54.577Z","19.798412","1",NULL
"156","2018-05-15T17:57:53.553Z","21.571698","2",NULL
"157","2018-05-15T17:57:54.950Z","19.798412","1",NULL
"158","2018-05-15T17:57:53.889Z","21.365601","2",NULL
"159","2018-05-15T17:57:54.573Z","21.163745","2",NULL
"160","2018-05-15T17:57:54.970Z","19.696586","1",NULL
"161","2018-05-15T17:57:54.583Z","21.163745","2",NULL
"162","2018-05-15T17:57:55.031Z","19.958318","1",NULL
"163","2018-05-15T17:57:54.740Z","23.126412","2",NULL
"164","2018-05-15T17:57:55.176Z","21.452258","1",NULL
"165","2018-05-15T17:57:54.952Z","23.126412","2",NULL
"166","2018-05-15T17:57:55.228Z","21.397445","1",NULL
"167","2018-05-15T17:57:54.977Z","22.982919","2",NULL
"168","2018-05-15T17:57:55.323Z","21.298404","1",NULL
"169","2018-05-15T17:57:55.041Z","22.952985","2",NULL
"170","2018-05-15T17:57:55.749Z","20.900541","1",NULL
"171","2018-05-15T17:57:55.249Z","22.725445","2",NULL
"172","2018-05-15T17:57:55.978Z","20.649239","1",NULL
"173","2018-05-15T17:57:55.372Z","22.626404","2",NULL
"174","2018-05-15T17:57:56.484Z","20.243838","1",NULL
"175","2018-05-15T17:57:55.753Z","22.228541","2",NULL
"176","2018-05-15T17:57:57.354Z","19.424814","1",NULL
"177","2018-05-15T17:57:55.988Z","21.977239","2",NULL
"178","2018-05-15T17:57:57.607Z","19.087165","1",NULL
"179","2018-05-15T17:57:56.491Z","21.571838","2",NULL
"180","2018-05-15T17:57:57.646Z","19.057881","1",NULL
"181","2018-05-15T17:57:57.428Z","20.752814","2",NULL
"182","2018-05-15T17:57:57.706Z","20.987851","1",NULL
"183","2018-05-15T17:57:57.565Z","22.437964","2",NULL
"184","2018-05-15T17:57:57.749Z","20.985252","1",NULL
"185","2018-05-15T17:57:57.624Z","22.377832","2",NULL
"186","2018-05-15T17:57:58.028Z","20.675903","1",NULL
"187","2018-05-15T17:57:57.648Z","22.348548","2",NULL
"188","2018-05-15T17:57:58.064Z","20.631546","1",NULL
"189","2018-05-15T17:57:57.712Z","22.278518","2",NULL
"190","2018-05-15T17:57:58.516Z","20.215153","1",NULL
"191","2018-05-15T17:57:58.036Z","23.929236","2",NULL
"192","2018-05-15T17:57:58.963Z","19.769313","1",NULL
"193","2018-05-15T17:57:58.096Z","23.884879","2",NULL
"194","2018-05-15T17:57:59.092Z","21.613048","1",NULL
"195","2018-05-15T17:57:58.126Z","23.882963","2",NULL
"196","2018-05-15T17:57:59.188Z","21.5155","1",NULL
"197","2018-05-15T17:57:58.540Z","23.468486","2",NULL
"198","2018-05-15T17:57:59.368Z","21.555469","1",NULL
"199","2018-05-15T17:57:58.968Z","23.022646","2",NULL
"200","2018-05-15T17:57:59.992Z","21.878689","1",NULL
"201","2018-05-15T17:57:59.118Z","22.866381","2",NULL
"202","2018-05-15T17:58:00.005Z","21.868152","1",NULL
"203","2018-05-15T17:57:59.381Z","22.600469","2",NULL
"204","2018-05-15T17:58:00.270Z","22.43147","1",NULL
"205","2018-05-15T17:57:59.998Z","22.048689","2",NULL
"206","2018-05-15T17:58:00.276Z","22.429876","1",NULL
"207","2018-05-15T17:58:00.012Z","22.038152","2",NULL
"208","2018-05-15T17:58:00.302Z","22.420639","1",NULL
"209","2018-05-15T17:58:00.273Z","23.64747","2",NULL
"210","2018-05-15T17:58:00.418Z","24.274085","1",NULL
"211","2018-05-15T17:58:00.280Z","23.645876","2",NULL
"212","2018-05-15T17:58:00.495Z","24.196836","1",NULL
"213","2018-05-15T17:58:00.299Z","23.636639","2",NULL
"214","2018-05-15T17:58:00.848Z","23.854193","1",NULL
"215","2018-05-15T17:58:00.501Z","23.412836","2",NULL
"216","2018-05-15T17:58:00.876Z","23.816595","1",NULL
"217","2018-05-15T17:58:00.853Z","23.070193","2",NULL
"218","2018-05-15T17:58:01.279Z","23.409014","1",NULL
"219","2018-05-15T17:58:00.879Z","24.995262","2",NULL
"220","2018-05-15T17:58:01.589Z","25.089973","1",NULL
"221","2018-05-15T17:58:00.887Z","24.982619","2",NULL
"222","2018-05-15T17:58:01.631Z","25.082371","1",NULL
"223","2018-05-15T17:58:01.281Z","24.587681","2",NULL
"224","2018-05-15T17:58:01.640Z","25.07787","1",NULL
"225","2018-05-15T17:58:01.635Z","26.223704","2",NULL
"226","2018-05-15T17:58:02.480Z","24.209941","1",NULL
"227","2018-05-15T17:58:01.642Z","26.219203","2",NULL
"228","2018-05-15T17:58:02.487Z","24.2073","1",NULL
"229","2018-05-15T17:58:01.644Z","26.1882","2",NULL
"230","2018-05-15T17:58:03.176Z","24.997611","1",NULL
"231","2018-05-15T17:58:01.727Z","28.060529","2",NULL
"232","2018-05-15T17:58:03.218Z","24.985961","1",NULL
"233","2018-05-15T17:58:02.482Z","27.313941","2",NULL
"234","2018-05-15T17:58:03.848Z","24.779897","1",NULL
"235","2018-05-15T17:58:02.492Z","27.3113","2",NULL
"236","2018-05-15T17:58:03.906Z","24.753918","1",NULL
"237","2018-05-15T17:58:03.179Z","26.643278","2",NULL
"238","2018-05-15T17:58:04.198Z","24.587358","1",NULL
"239","2018-05-15T17:58:03.222Z","26.631628","2",NULL
"240","2018-05-15T17:58:04.246Z","24.585909","1",NULL
"241","2018-05-15T17:58:03.535Z","28.236664","2",NULL
"242","2018-05-15T17:58:04.346Z","24.490875","1",NULL
"243","2018-05-15T17:58:03.861Z","28.138231","2",NULL
"244","2018-05-15T17:58:04.427Z","24.308491","1",NULL
"245","2018-05-15T17:58:03.932Z","28.112252","2",NULL
"246","2018-05-15T17:58:04.477Z","24.302207","1",NULL
"247","2018-05-15T17:58:04.203Z","29.616691","2",NULL
"248","2018-05-15T17:58:04.990Z","23.992708","1",NULL
"249","2018-05-15T17:58:04.324Z","29.615242","2",NULL
"250","2018-05-15T17:58:05.095Z","24.22551","1",NULL
"251","2018-05-15T17:58:04.344Z","29.520208","2",NULL
"252","2018-05-15T17:58:05.168Z","24.221775","1",NULL
"253","2018-05-15T17:58:04.459Z","29.337824","2",NULL
"254","2018-05-15T17:58:05.417Z","24.919377","1",NULL
"255","2018-05-15T17:58:04.480Z","29.33154","2",NULL
"256","2018-05-15T17:58:05.456Z","24.918394","1",NULL
"257","2018-05-15T17:58:05.014Z","28.772041","2",NULL
"258","2018-05-15T17:58:05.665Z","24.983964","1",NULL
"259","2018-05-15T17:58:05.150Z","28.67151","2",NULL
"260","2018-05-15T17:58:05.845Z","24.874855","1",NULL
"261","2018-05-15T17:58:05.196Z","28.667775","2",NULL
"262","2018-05-15T17:58:06.299Z","24.433875","1",NULL
"263","2018-05-15T17:58:05.442Z","28.365377","2",NULL
"264","2018-05-15T17:58:06.315Z","24.428215","1",NULL
"265","2018-05-15T17:58:05.463Z","28.364394","2",NULL
"266","2018-05-15T17:58:06.458Z","26.288549","1",NULL
"267","2018-05-15T17:58:05.668Z","28.054964","2",NULL
"268","2018-05-15T17:58:06.738Z","26.133608","1",NULL
"269","2018-05-15T17:58:06.240Z","29.431353","2",NULL
"270","2018-05-15T17:58:06.752Z","26.123112","1",NULL
"271","2018-05-15T17:58:06.302Z","29.425875","2",NULL
"272","2018-05-15T17:58:06.828Z","27.392325","1",NULL
"273","2018-05-15T17:58:06.318Z","29.420215","2",NULL
"274","2018-05-15T17:58:06.990Z","27.69435","1",NULL
"275","2018-05-15T17:58:06.741Z","28.958941","2",NULL
"276","2018-05-15T17:58:07.188Z","27.562588","1",NULL
"277","2018-05-15T17:58:06.754Z","28.948445","2",NULL
"278","2018-05-15T17:58:07.356Z","28.424942","1",NULL
"279","2018-05-15T17:58:06.838Z","28.842658","2",NULL
"280","2018-05-15T17:58:07.519Z","28.716609","1",NULL
"281","2018-05-15T17:58:06.997Z","30.649017","2",NULL
"282","2018-05-15T17:58:07.600Z","29.424942","1",NULL
"283","2018-05-15T17:58:07.231Z","30.517255","2",NULL
"284","2018-05-15T17:58:07.620Z","29.424942","1",NULL
"285","2018-05-15T17:58:07.360Z","30.379609","2",NULL
"286","2018-05-15T17:58:07.723Z","29.424942","1",NULL
"287","2018-05-15T17:58:07.522Z","30.379609","2",NULL
"288","2018-05-15T17:58:07.826Z","33.424942","1",NULL
"289","2018-05-15T17:58:07.604Z","30.379609","2",NULL
"290","2018-05-15T17:58:07.859Z","33.424942","1",NULL
"291","2018-05-15T17:58:07.879Z","30.379609","2",NULL
"292","2018-05-15T17:58:08.723Z","33.411267","1",NULL
"293","2018-05-15T17:58:08.729Z","30.365934","2",NULL
"294","2018-05-15T17:58:08.983Z","33.186296","1",NULL
"295","2018-05-15T17:58:08.990Z","30.140963","2",NULL
"296","2018-05-15T17:58:09.494Z","32.673576","1",NULL
"297","2018-05-15T17:58:09.538Z","29.628243","2",NULL
"298","2018-05-15T17:58:09.732Z","32.41698","1",NULL
"299","2018-05-15T17:58:09.740Z","29.371647","2",NULL
"300","2018-05-15T17:58:10.240Z","31.911844","1",NULL
"301","2018-05-15T17:58:10.252Z","28.866511","2",NULL
"302","2018-05-15T17:58:10.483Z","31.65596","1",NULL
"303","2018-05-15T17:58:10.547Z","28.610627","2",NULL
"304","2018-05-15T17:58:10.989Z","31.156668","1",NULL
"305","2018-05-15T17:58:11.012Z","28.111335","2",NULL
"306","2018-05-15T17:58:11.475Z","30.650479","1",NULL
"307","2018-05-15T17:58:11.548Z","27.605146","2",NULL
"308","2018-05-15T17:58:11.727Z","30.401243","1",NULL
"309","2018-05-15T17:58:11.729Z","27.35591","2",NULL
"310","2018-05-15T17:58:12.287Z","29.86977","1",NULL
"311","2018-05-15T17:58:12.333Z","26.824437","2",NULL
"312","2018-05-15T17:58:12.393Z","31.740674","1",NULL
"313","2018-05-15T17:58:12.434Z","26.687462","2",NULL
"314","2018-05-15T17:58:12.398Z","31.732795","1",NULL
"315","2018-05-15T17:58:12.536Z","26.579383","2",NULL
"316","2018-05-15T17:58:12.510Z","31.624716","1",NULL
"317","2018-05-15T17:58:12.604Z","26.49461","2",NULL
"318","2018-05-15T17:58:12.598Z","31.539943","1",NULL
"319","2018-05-15T17:58:13.032Z","28.457276","2",NULL
"320","2018-05-15T17:58:13.122Z","31.539943","1",NULL
"321","2018-05-15T17:58:13.132Z","30.419943","2",NULL
"322","2018-05-15T17:58:13.181Z","31.539943","1",NULL
"323","2018-05-15T17:58:13.186Z","30.419943","2",NULL
"324","2018-05-15T17:58:14.146Z","31.466902","1",NULL
"325","2018-05-15T17:58:13.210Z","30.419943","2",NULL
"326","2018-05-15T17:58:15.045Z","30.626714","1",NULL
"327","2018-05-15T17:58:14.162Z","30.346902","2",NULL
"328","2018-05-15T17:58:15.566Z","30.137222","1",NULL
"329","2018-05-15T17:58:15.069Z","29.506714","2",NULL
"330","2018-05-15T17:58:15.820Z","31.885887","1",NULL
"331","2018-05-15T17:58:15.591Z","29.017222","2",NULL
"332","2018-05-15T17:58:15.849Z","31.775793","1",NULL
"333","2018-05-15T17:58:15.824Z","28.765887","2",NULL
"334","2018-05-15T17:58:15.911Z","31.715891","1",NULL
"335","2018-05-15T17:58:15.919Z","28.595891","2",NULL
"336","2018-05-15T17:58:16.250Z","31.404325","1",NULL
"337","2018-05-15T17:58:16.296Z","28.284325","2",NULL
"338","2018-05-15T17:58:16.729Z","30.901245","1",NULL
"339","2018-05-15T17:58:16.731Z","27.781245","2",NULL
"340","2018-05-15T17:58:17.609Z","30.100044","1",NULL
"341","2018-05-15T17:58:17.650Z","26.980044","2",NULL
"342","2018-05-15T17:58:18.013Z","29.669897","1",NULL
"343","2018-05-15T17:58:18.016Z","26.549897","2",NULL
"344","2018-05-15T17:58:18.219Z","29.623038","1",NULL
"345","2018-05-15T17:58:18.107Z","28.465705","2",NULL
"346","2018-05-15T17:58:18.226Z","29.623038","1",NULL
"347","2018-05-15T17:58:18.224Z","28.465705","2",NULL
"348","2018-05-15T17:58:18.294Z","31.623038","1",NULL
"349","2018-05-15T17:58:18.227Z","28.465705","2",NULL
"350","2018-05-15T17:58:18.344Z","31.623038","1",NULL
"351","2018-05-15T17:58:18.229Z","30.428371","2",NULL
"352","2018-05-15T17:58:18.973Z","31.607892","1",NULL
"353","2018-05-15T17:58:18.346Z","30.428371","2",NULL
"354","2018-05-15T17:58:19.241Z","31.365927","1",NULL
"355","2018-05-15T17:58:18.975Z","30.413225","2",NULL
"356","2018-05-15T17:58:19.618Z","31.023765","1",NULL
"357","2018-05-15T17:58:19.242Z","30.17126","2",NULL
"358","2018-05-15T17:58:20.117Z","30.649056","1",NULL
"359","2018-05-15T17:58:19.658Z","29.829098","2",NULL
"360","2018-05-15T17:58:20.780Z","29.982687","1",NULL
"361","2018-05-15T17:58:20.124Z","29.454389","2",NULL
"362","2018-05-15T17:58:20.885Z","29.844216","1",NULL
"363","2018-05-15T17:58:20.449Z","30.931177","2",NULL
"364","2018-05-15T17:58:20.986Z","29.61707","1",NULL
"365","2018-05-15T17:58:20.830Z","30.750687","2",NULL
"366","2018-05-15T17:58:20.991Z","29.616057","1",NULL
"367","2018-05-15T17:58:20.897Z","30.612216","2",NULL
"368","2018-05-15T17:58:21.046Z","29.977296","1",NULL
"369","2018-05-15T17:58:20.989Z","30.38507","2",NULL
"370","2018-05-15T17:58:21.094Z","29.976256","1",NULL
"371","2018-05-15T17:58:21.004Z","30.384057","2",NULL
"372","2018-05-15T17:58:21.239Z","30.805352","1",NULL
"373","2018-05-15T17:58:21.070Z","30.328629","2",NULL
"374","2018-05-15T17:58:21.325Z","31.266384","1",NULL
"375","2018-05-15T17:58:21.125Z","30.327589","2",NULL
"376","2018-05-15T17:58:21.485Z","31.11863","1",NULL
"377","2018-05-15T17:58:21.248Z","30.156685","2",NULL
"378","2018-05-15T17:58:21.514Z","31.090349","1",NULL
"379","2018-05-15T17:58:21.496Z","29.88663","2",NULL
"380","2018-05-15T17:58:22.097Z","30.519834","1",NULL
"381","2018-05-15T17:58:21.516Z","29.858349","2",NULL
"382","2018-05-15T17:58:22.475Z","30.123211","1",NULL
"383","2018-05-15T17:58:22.119Z","29.287834","2",NULL
"384","2018-05-15T17:58:22.694Z","29.899846","1",NULL
"385","2018-05-15T17:58:22.270Z","31.052889","2",NULL
"386","2018-05-15T17:58:22.817Z","29.854347","1",NULL
"387","2018-05-15T17:58:22.487Z","30.853878","2",NULL
"388","2018-05-15T17:58:23.162Z","29.468748","1",NULL
"389","2018-05-15T17:58:22.704Z","30.630513","2",NULL
"390","2018-05-15T17:58:23.324Z","30.119858","1",NULL
"391","2018-05-15T17:58:22.866Z","30.585014","2",NULL
"392","2018-05-15T17:58:23.363Z","30.578191","1",NULL
"393","2018-05-15T17:58:23.181Z","30.199415","2",NULL
"394","2018-05-15T17:58:23.439Z","31.369858","1",NULL
"395","2018-05-15T17:58:23.328Z","30.100525","2",NULL
"396","2018-05-15T17:58:23.592Z","31.369858","1",NULL
"397","2018-05-15T17:58:23.376Z","30.100525","2",NULL
"398","2018-05-15T17:58:23.722Z","31.369858","1",NULL
"399","2018-05-15T17:58:24.230Z","31.309618","1",NULL
"400","2018-05-15T17:58:23.594Z","30.100525","2",NULL
"401","2018-05-15T17:58:24.485Z","31.071592","1",NULL
"402","2018-05-15T17:58:23.724Z","30.100525","2",NULL
"403","2018-05-15T17:58:24.878Z","30.678532","1",NULL
"404","2018-05-15T17:58:24.260Z","30.040285","2",NULL
"405","2018-05-15T17:58:24.893Z","30.677348","1",NULL
"406","2018-05-15T17:58:24.488Z","31.764925","2",NULL
"407","2018-05-15T17:58:25.338Z","31.688156","1",NULL
"408","2018-05-15T17:58:24.541Z","31.703278","2",NULL
"409","2018-05-15T17:58:25.469Z","32.0817","1",NULL
"410","2018-05-15T17:58:24.880Z","31.371865","2",NULL
"411","2018-05-15T17:58:25.513Z","32.037903","1",NULL
"412","2018-05-15T17:58:24.895Z","31.370681","2",NULL
"413","2018-05-15T17:58:25.792Z","31.832166","1",NULL
"414","2018-05-15T17:58:25.382Z","30.964822","2",NULL
"415","2018-05-15T17:58:25.981Z","31.578501","1",NULL
"416","2018-05-15T17:58:25.503Z","30.775033","2",NULL
"417","2018-05-15T17:58:26.503Z","31.081251","1",NULL
"418","2018-05-15T17:58:25.797Z","30.525499","2",NULL
"419","2018-05-15T17:58:27.072Z","30.482886","1",NULL
"420","2018-05-15T17:58:25.984Z","30.271834","2",NULL
"421","2018-05-15T17:58:27.572Z","30.143661","1",NULL
"422","2018-05-15T17:58:26.556Z","29.774584","2",NULL
"423","2018-05-15T17:58:27.592Z","29.964074","1",NULL
"424","2018-05-15T17:58:27.076Z","29.176219","2",NULL
"425","2018-05-15T17:58:27.692Z","31.859729","1",NULL
"426","2018-05-15T17:58:27.576Z","30.799661","2",NULL
"427","2018-05-15T17:58:27.757Z","31.812067","1",NULL
"428","2018-05-15T17:58:27.579Z","30.635049","2",NULL
"429","2018-05-15T17:58:27.876Z","31.723307","1",NULL
"430","2018-05-15T17:58:27.631Z","30.620074","2",NULL
"431","2018-05-15T17:58:28.019Z","31.540338","1",NULL
"432","2018-05-15T17:58:27.776Z","30.468067","2",NULL
"433","2018-05-15T17:58:28.476Z","31.082233","1",NULL
"434","2018-05-15T17:58:27.907Z","30.379307","2",NULL
"435","2018-05-15T17:58:28.974Z","30.582588","1",NULL
"436","2018-05-15T17:58:28.022Z","30.196338","2",NULL
"437","2018-05-15T17:58:29.143Z","30.411403","1",NULL
"438","2018-05-15T17:58:28.484Z","29.738233","2",NULL
"439","2018-05-15T17:58:29.679Z","30.411403","1",NULL
"440","2018-05-15T17:58:28.989Z","29.238588","2",NULL
"441","2018-05-15T17:58:30.059Z","30.411403","1",NULL
"442","2018-05-15T17:58:29.148Z","29.067403","2",NULL
"443","2018-05-15T17:58:30.240Z","32.411403","1",NULL
"444","2018-05-15T17:58:29.682Z","29.067403","2",NULL
"445","2018-05-15T17:58:30.260Z","32.411403","1",NULL
"446","2018-05-15T17:58:29.960Z","31.03007","2",NULL
"447","2018-05-15T17:58:30.484Z","32.308736","1",NULL
"448","2018-05-15T17:58:30.065Z","31.03007","2",NULL
"449","2018-05-15T17:58:30.972Z","31.816248","1",NULL
"450","2018-05-15T17:58:30.243Z","31.03007","2",NULL
"451","2018-05-15T17:58:31.222Z","31.564863","1",NULL
"452","2018-05-15T17:58:30.513Z","30.927403","2",NULL
"453","2018-05-15T17:58:31.732Z","31.053169","1",NULL
"454","2018-05-15T17:58:30.973Z","30.434915","2",NULL
"455","2018-05-15T17:58:32.088Z","30.702169","1",NULL
"456","2018-05-15T17:58:31.224Z","30.18353","2",NULL
"457","2018-05-15T17:58:32.347Z","30.432328","1",NULL
"458","2018-05-15T17:58:31.735Z","29.671836","2",NULL
"459","2018-05-15T17:58:32.597Z","30.22894","1",NULL
"460","2018-05-15T17:58:32.099Z","29.320836","2",NULL
"461","2018-05-15T17:58:32.929Z","31.852953","1",NULL
"462","2018-05-15T17:58:32.402Z","31.013661","2",NULL
"463","2018-05-15T17:58:33.017Z","31.804128","1",NULL
"464","2018-05-15T17:58:32.426Z","30.93722","2",NULL
"465","2018-05-15T17:58:33.065Z","31.718958","1",NULL
"466","2018-05-15T17:58:32.603Z","30.810273","2",NULL
"467","2018-05-15T17:58:33.485Z","31.318023","1",NULL
"468","2018-05-15T17:58:33.028Z","30.385461","2",NULL
"469","2018-05-15T17:58:33.740Z","31.072851","1",NULL
"470","2018-05-15T17:58:33.069Z","30.300291","2",NULL
"471","2018-05-15T17:58:33.986Z","30.814888","1",NULL
"472","2018-05-15T17:58:33.508Z","29.899356","2",NULL
"473","2018-05-15T17:58:34.253Z","30.544381","1",NULL
"474","2018-05-15T17:58:33.858Z","29.654184","2",NULL
"475","2018-05-15T17:58:34.675Z","30.544381","1",NULL
"476","2018-05-15T17:58:33.988Z","29.396221","2",NULL
"477","2018-05-15T17:58:35.180Z","30.544381","1",NULL
"478","2018-05-15T17:58:34.296Z","29.125714","2",NULL
"479","2018-05-15T17:58:35.823Z","32.450685","1",NULL
"480","2018-05-15T17:58:34.676Z","29.125714","2",NULL
"481","2018-05-15T17:58:35.833Z","32.443887","1",NULL
"482","2018-05-15T17:58:34.886Z","31.088381","2",NULL
"483","2018-05-15T17:58:35.859Z","32.433912","1",NULL
"484","2018-05-15T17:58:35.215Z","31.088381","2",NULL
"485","2018-05-15T17:58:36.231Z","32.093978","1",NULL
"486","2018-05-15T17:58:35.820Z","32.957352","2",NULL
"487","2018-05-15T17:58:36.483Z","31.837064","1",NULL
"488","2018-05-15T17:58:35.835Z","32.950554","2",NULL
"489","2018-05-15T17:58:37.276Z","31.143968","1",NULL
"490","2018-05-15T17:58:35.862Z","32.940579","2",NULL
"491","2018-05-15T17:58:37.584Z","30.822421","1",NULL
"492","2018-05-15T17:58:36.233Z","32.600645","2",NULL
"493","2018-05-15T17:58:38.218Z","30.228004","1",NULL
"494","2018-05-15T17:58:36.490Z","32.343731","2",NULL
"495","2018-05-15T17:58:38.305Z","31.633202","1",NULL
"496","2018-05-15T17:58:37.295Z","31.650635","2",NULL
"497","2018-05-15T17:58:38.405Z","31.907595","1",NULL
"498","2018-05-15T17:58:05.004Z","0","3",NULL
"499","2018-05-15T17:58:37.598Z","31.329088","2",NULL
"500","2018-05-15T17:58:05.000Z","0","4",NULL
"501","2018-05-15T17:58:05.087Z","0","3",NULL
"502","2018-05-15T17:58:38.489Z","31.829954","1",NULL
"503","2018-05-15T17:58:38.221Z","30.693004","2",NULL
"504","2018-05-15T17:58:05.093Z","0","4",NULL
"505","2018-05-15T17:58:38.639Z","31.68272","1",NULL
"506","2018-05-15T17:58:05.343Z","1.916666","3",NULL
"507","2018-05-15T17:58:38.336Z","30.514869","2",NULL
"508","2018-05-15T17:58:05.962Z","1.999999","3",NULL
"509","2018-05-15T17:58:39.160Z","31.342169","1",NULL
"510","2018-05-15T17:58:05.197Z","1.962666","4",NULL
"511","2018-05-15T17:58:38.530Z","30.336621","2",NULL
"512","2018-05-15T17:58:05.719Z","1.962666","4",NULL
"513","2018-05-15T17:58:06.396Z","1.999999","3",NULL
"514","2018-05-15T17:58:39.694Z","30.684002","1",NULL
"515","2018-05-15T17:58:38.641Z","30.189387","2",NULL
"516","2018-05-15T17:58:06.398Z","1.962666","4",NULL
"517","2018-05-15T17:58:40.025Z","30.333269","1",NULL
"518","2018-05-15T17:58:06.504Z","3.999999","3",NULL
"519","2018-05-15T17:58:39.174Z","29.848836","2",NULL
"520","2018-05-15T17:58:06.581Z","3.925332","4",NULL
"521","2018-05-15T17:58:40.271Z","30.083277","1",NULL
"522","2018-05-15T17:58:06.567Z","3.999999","3",NULL
"523","2018-05-15T17:58:39.716Z","29.190669","2",NULL
"524","2018-05-15T17:58:06.600Z","3.925332","4",NULL
"525","2018-05-15T17:58:40.357Z","30.049699","1",NULL
"526","2018-05-15T17:58:06.743Z","3.999999","3",NULL
"527","2018-05-15T17:58:40.061Z","28.839936","2",NULL
"528","2018-05-15T17:58:06.745Z","3.925332","4",NULL
"529","2018-05-15T17:58:40.580Z","29.910271","1",NULL
"530","2018-05-15T17:58:07.588Z","4.666666","3",NULL
"531","2018-05-15T17:58:40.350Z","30.55261","2",NULL
"532","2018-05-15T17:58:07.280Z","5.887999","4",NULL
"533","2018-05-15T17:58:40.598Z","29.899755","1",NULL
"534","2018-05-15T17:58:07.670Z","5.999999","3",NULL
"535","2018-05-15T17:58:40.403Z","30.519032","2",NULL
"536","2018-05-15T17:58:07.592Z","7.850666","4",NULL
"537","2018-05-15T17:58:40.671Z","31.640837","1",NULL
"538","2018-05-15T17:58:07.678Z","5.999999","3",NULL
"539","2018-05-15T17:58:40.436Z","30.517364","2",NULL
"540","2018-05-15T17:58:07.623Z","7.850666","4",NULL
"541","2018-05-15T17:58:40.745Z","31.593088","1",NULL
"542","2018-05-15T17:58:07.877Z","7.999999","3",NULL
"543","2018-05-15T17:58:40.591Z","30.212937","2",NULL
"544","2018-05-15T17:58:07.674Z","9.813332","4",NULL
"545","2018-05-15T17:58:40.809Z","31.593088","1",NULL
"546","2018-05-15T17:58:07.959Z","9.999999","3",NULL
"547","2018-05-15T17:58:40.601Z","30.202421","2",NULL
"548","2018-05-15T17:58:07.831Z","9.813332","4",NULL
"549","2018-05-15T17:58:07.982Z","9.999999","3",NULL
"550","2018-05-15T17:58:41.027Z","31.593088","1",NULL
"551","2018-05-15T17:58:40.752Z","30.062421","2",NULL
"552","2018-05-15T17:58:07.920Z","11.775999","4",NULL
"553","2018-05-15T17:58:42.018Z","31.343555","1",NULL
"554","2018-05-15T17:58:09.061Z","11.999999","3",NULL
"555","2018-05-15T17:58:40.829Z","30.062421","2",NULL
"556","2018-05-15T17:58:07.986Z","11.775999","4",NULL
"557","2018-05-15T17:58:42.540Z","30.834661","1",NULL
"558","2018-05-15T17:58:09.112Z","11.991828","3",NULL
"559","2018-05-15T17:58:41.032Z","30.062421","2",NULL
"560","2018-05-15T17:58:09.085Z","13.738666","4",NULL
"561","2018-05-15T17:58:09.120Z","11.980126","3",NULL
"562","2018-05-15T17:58:42.547Z","30.817075","1",NULL
"563","2018-05-15T17:58:42.020Z","29.812888","2",NULL
"564","2018-05-15T17:58:09.118Z","13.730495","4",NULL
"565","2018-05-15T17:58:42.259Z","31.529971","2",NULL
"566","2018-05-15T17:58:09.278Z","13.913774","3",NULL
"567","2018-05-15T17:58:42.952Z","30.417777","1",NULL
"568","2018-05-15T17:58:09.123Z","13.718793","4",NULL
"569","2018-05-15T17:58:09.357Z","13.831844","3",NULL
"570","2018-05-15T17:58:42.542Z","31.266661","2",NULL
"571","2018-05-15T17:58:43.045Z","32.331151","1",NULL
"572","2018-05-15T17:58:09.291Z","15.601457","4",NULL
"573","2018-05-15T17:58:42.600Z","31.249075","2",NULL
"574","2018-05-15T17:58:09.508Z","13.697184","3",NULL
"575","2018-05-15T17:58:43.198Z","32.164662","1",NULL
"576","2018-05-15T17:58:09.395Z","15.533177","4",NULL
"577","2018-05-15T17:58:09.895Z","13.284485","3",NULL
"578","2018-05-15T17:58:43.281Z","32.112351","1",NULL
"579","2018-05-15T17:58:42.956Z","30.849777","2",NULL
"580","2018-05-15T17:58:09.517Z","15.398517","4",NULL
"581","2018-05-15T17:58:10.152Z","13.031431","3",NULL
"582","2018-05-15T17:58:43.744Z","31.635379","1",NULL
"583","2018-05-15T17:58:43.212Z","30.596662","2",NULL
"584","2018-05-15T17:58:09.909Z","14.985818","4",NULL
"585","2018-05-15T17:58:43.298Z","30.544351","2",NULL
"586","2018-05-15T17:58:10.648Z","12.530327","3",NULL
"587","2018-05-15T17:58:43.990Z","31.371296","1",NULL
"588","2018-05-15T17:58:10.167Z","14.732764","4",NULL
"589","2018-05-15T17:58:44.635Z","30.728862","1",NULL
"590","2018-05-15T17:58:10.937Z","12.280156","3",NULL
"591","2018-05-15T17:58:43.752Z","30.067379","2",NULL
"592","2018-05-15T17:58:10.679Z","14.23166","4",NULL
"593","2018-05-15T17:58:12.021Z","11.176499","3",NULL
"594","2018-05-15T17:58:44.944Z","32.409189","1",NULL
"595","2018-05-15T17:58:43.992Z","29.803296","2",NULL
"596","2018-05-15T17:58:10.995Z","13.981489","4",NULL
"597","2018-05-15T17:58:44.641Z","29.160862","2",NULL
"598","2018-05-15T17:58:12.092Z","11.079609","3",NULL
"599","2018-05-15T17:58:44.961Z","32.396177","1",NULL
"600","2018-05-15T17:58:12.024Z","12.877832","4",NULL
"601","2018-05-15T17:58:44.974Z","32.385725","1",NULL
"602","2018-05-15T17:58:12.208Z","12.999609","3",NULL
"603","2018-05-15T17:58:44.806Z","30.953194","2",NULL
"604","2018-05-15T17:58:12.085Z","14.755901","4",NULL
"605","2018-05-15T17:58:45.478Z","31.885763","1",NULL
"606","2018-05-15T17:58:12.323Z","14.143739","3",NULL
"607","2018-05-15T17:58:44.949Z","30.803856","2",NULL
"608","2018-05-15T17:58:12.389Z","16.520406","4",NULL
"609","2018-05-15T17:58:12.632Z","14.563113","3",NULL
"610","2018-05-15T17:58:45.756Z","31.618004","1",NULL
"611","2018-05-15T17:58:44.988Z","30.780392","2",NULL
"612","2018-05-15T17:58:12.470Z","16.497244","4",NULL
"613","2018-05-15T17:58:46.222Z","31.618004","1",NULL
"614","2018-05-15T17:58:12.650Z","14.557302","3",NULL
"615","2018-05-15T17:58:45.529Z","30.28043","2",NULL
"616","2018-05-15T17:58:12.645Z","16.18978","4",NULL
"617","2018-05-15T17:58:46.723Z","31.380661","1",NULL
"618","2018-05-15T17:58:12.709Z","14.540919","3",NULL
"619","2018-05-15T17:58:45.807Z","30.012671","2",NULL
"620","2018-05-15T17:58:12.677Z","16.183969","4",NULL
"621","2018-05-15T17:58:13.082Z","16.168058","3",NULL
"622","2018-05-15T17:58:47.164Z","30.970035","1",NULL
"623","2018-05-15T17:58:46.224Z","30.012671","2",NULL
"624","2018-05-15T17:58:13.112Z","15.794725","4",NULL
"625","2018-05-15T17:58:47.539Z","30.649453","1",NULL
"626","2018-05-15T17:58:13.120Z","16.150145","3",NULL
"627","2018-05-15T17:58:46.725Z","29.775328","2",NULL
"628","2018-05-15T17:58:13.139Z","15.776812","4",NULL
"629","2018-05-15T17:58:47.184Z","29.364702","2",NULL
"630","2018-05-15T17:58:13.181Z","16.107301","3",NULL
"631","2018-05-15T17:58:47.578Z","30.618126","1",NULL
"632","2018-05-15T17:58:13.575Z","15.311649","4",NULL
"633","2018-05-15T17:58:47.716Z","30.387602","1",NULL
"634","2018-05-15T17:58:13.551Z","16.559982","3",NULL
"635","2018-05-15T17:58:47.559Z","31.006786","2",NULL
"636","2018-05-15T17:58:13.602Z","15.292505","4",NULL
"637","2018-05-15T17:58:47.767Z","32.333008","1",NULL
"638","2018-05-15T17:58:13.580Z","16.540838","3",NULL
"639","2018-05-15T17:58:47.591Z","30.975459","2",NULL
"640","2018-05-15T17:58:13.784Z","15.061645","4",NULL
"641","2018-05-15T17:58:47.830Z","32.331366","1",NULL
"642","2018-05-15T17:58:13.703Z","17.528445","3",NULL
"643","2018-05-15T17:58:47.616Z","30.917367","2",NULL
"644","2018-05-15T17:58:13.789Z","15.060485","4",NULL
"645","2018-05-15T17:58:47.718Z","30.744935","2",NULL
"646","2018-05-15T17:58:13.782Z","17.434978","3",NULL
"647","2018-05-15T17:58:47.972Z","32.132538","1",NULL
"648","2018-05-15T17:58:14.010Z","14.840951","4",NULL
"649","2018-05-15T17:58:48.495Z","31.63201","1",NULL
"650","2018-05-15T17:58:47.776Z","30.690341","2",NULL
"651","2018-05-15T17:58:13.787Z","17.433818","3",NULL
"652","2018-05-15T17:58:14.335Z","14.531717","4",NULL
"653","2018-05-15T17:58:48.720Z","31.382063","1",NULL
"654","2018-05-15T17:58:48.005Z","30.489871","2",NULL
"655","2018-05-15T17:58:13.839Z","19.354677","3",NULL
"656","2018-05-15T17:58:14.691Z","14.135329","4",NULL
"657","2018-05-15T17:58:48.975Z","31.138473","1",NULL
"658","2018-05-15T17:58:48.546Z","29.989343","2",NULL
"659","2018-05-15T17:58:13.978Z","19.214284","3",NULL
"660","2018-05-15T17:58:15.019Z","13.844976","4",NULL
"661","2018-05-15T17:58:49.474Z","30.628267","1",NULL
"662","2018-05-15T17:58:48.722Z","29.739396","2",NULL
"663","2018-05-15T17:58:14.327Z","18.90505","3",NULL
"664","2018-05-15T17:58:15.301Z","13.642054","4",NULL
"665","2018-05-15T17:58:49.779Z","30.347435","1",NULL
"666","2018-05-15T17:58:48.991Z","29.495806","2",NULL
"667","2018-05-15T17:58:14.689Z","18.508662","3",NULL
"668","2018-05-15T17:58:15.665Z","13.177439","4",NULL
"669","2018-05-15T17:58:49.850Z","30.249009","1",NULL
"670","2018-05-15T17:58:49.476Z","28.9856","2",NULL
"671","2018-05-15T17:58:14.750Z","20.444197","3",NULL
"672","2018-05-15T17:58:15.897Z","12.926851","4",NULL
"673","2018-05-15T17:58:50.035Z","32.064012","1",NULL
"674","2018-05-15T17:58:49.570Z","30.850096","2",NULL
"675","2018-05-15T17:58:14.975Z","20.218309","3",NULL
"676","2018-05-15T17:58:50.188Z","31.91038","1",NULL
"677","2018-05-15T17:58:16.207Z","12.658882","4",NULL
"678","2018-05-15T17:58:15.281Z","20.015387","3",NULL
"679","2018-05-15T17:58:49.787Z","30.667435","2",NULL
"680","2018-05-15T17:58:16.737Z","12.144295","4",NULL
"681","2018-05-15T17:58:50.293Z","31.808129","1",NULL
"682","2018-05-15T17:58:15.644Z","19.550772","3",NULL
"683","2018-05-15T17:58:49.899Z","30.569009","2",NULL
"684","2018-05-15T17:58:17.147Z","11.677288","4",NULL
"685","2018-05-15T17:58:50.732Z","31.38225","1",NULL
"686","2018-05-15T17:58:50.200Z","32.193047","2",NULL
"687","2018-05-15T17:58:15.895Z","19.300184","3",NULL
"688","2018-05-15T17:58:17.482Z","11.430167","4",NULL
"689","2018-05-15T17:58:51.235Z","30.880282","1",NULL
"690","2018-05-15T17:58:16.186Z","19.032215","3",NULL
"691","2018-05-15T17:58:50.268Z","32.118693","2",NULL
"692","2018-05-15T17:58:17.914Z","10.924568","4",NULL
"693","2018-05-15T17:58:51.723Z","30.380863","1",NULL
"694","2018-05-15T17:58:50.295Z","32.090796","2",NULL
"695","2018-05-15T17:58:16.687Z","18.517628","3",NULL
"696","2018-05-15T17:58:18.449Z","10.411729","4",NULL
"697","2018-05-15T17:58:52.456Z","29.65217","1",NULL
"698","2018-05-15T17:58:50.747Z","31.664917","2",NULL
"699","2018-05-15T17:58:17.145Z","18.050621","3",NULL
"700","2018-05-15T17:58:18.876Z","9.990382","4",NULL
"701","2018-05-15T17:58:52.853Z","29.321919","1",NULL
"702","2018-05-15T17:58:17.410Z","17.8035","3",NULL
"703","2018-05-15T17:58:51.275Z","31.162949","2",NULL
"704","2018-05-15T17:58:52.920Z","29.3177","1",NULL
"705","2018-05-15T17:58:19.158Z","9.669213","4",NULL
"706","2018-05-15T17:58:17.911Z","17.297901","3",NULL
"707","2018-05-15T17:58:51.744Z","30.66353","2",NULL
"708","2018-05-15T17:58:19.399Z","9.42185","4",NULL
"709","2018-05-15T17:58:53.214Z","28.907172","1",NULL
"710","2018-05-15T17:58:18.446Z","16.785062","3",NULL
"711","2018-05-15T17:58:52.478Z","29.934837","2",NULL
"712","2018-05-15T17:58:19.670Z","9.174584","4",NULL
"713","2018-05-15T17:58:53.299Z","30.801898","1",NULL
"714","2018-05-15T17:58:18.872Z","16.363715","3",NULL
"715","2018-05-15T17:58:52.588Z","31.760581","2",NULL
"716","2018-05-15T17:58:20.147Z","8.676519","4",NULL
"717","2018-05-15T17:58:53.342Z","30.759865","1",NULL
"718","2018-05-15T17:58:19.147Z","16.042546","3",NULL
"719","2018-05-15T17:58:52.884Z","31.567252","2",NULL
"720","2018-05-15T17:58:53.489Z","30.617416","1",NULL
"721","2018-05-15T17:58:20.446Z","8.424168","4",NULL
"722","2018-05-15T17:58:52.958Z","31.563033","2",NULL
"723","2018-05-15T17:58:19.396Z","15.795183","3",NULL
"724","2018-05-15T17:58:53.972Z","30.131376","1",NULL
"725","2018-05-15T17:58:20.666Z","8.170621","4",NULL
"726","2018-05-15T17:58:19.666Z","15.547917","3",NULL
"727","2018-05-15T17:58:53.219Z","31.152505","2",NULL
"728","2018-05-15T17:58:21.347Z","7.504448","4",NULL
"729","2018-05-15T17:58:54.228Z","29.879539","1",NULL
"730","2018-05-15T17:58:53.351Z","31.005198","2",NULL
"731","2018-05-15T17:58:20.144Z","15.049852","3",NULL
"732","2018-05-15T17:58:21.698Z","9.08956","4",NULL
"733","2018-05-15T17:58:55.034Z","29.105821","1",NULL
"734","2018-05-15T17:58:20.397Z","14.797501","3",NULL
"735","2018-05-15T17:58:53.492Z","30.862749","2",NULL
"736","2018-05-15T17:58:21.824Z","9.016102","4",NULL
"737","2018-05-15T17:58:20.652Z","14.543954","3",NULL
"738","2018-05-15T17:58:55.466Z","28.740366","1",NULL
"739","2018-05-15T17:58:53.976Z","30.376709","2",NULL
"740","2018-05-15T17:58:21.866Z","9.012125","4",NULL
"741","2018-05-15T17:58:21.344Z","13.877781","3",NULL
"742","2018-05-15T17:58:55.633Z","28.557522","1",NULL
"743","2018-05-15T17:58:54.396Z","30.124872","2",NULL
"744","2018-05-15T17:58:21.913Z","10.82965","4",NULL
"745","2018-05-15T17:58:21.809Z","13.426769","3",NULL
"746","2018-05-15T17:58:55.640Z","28.554712","1",NULL
"747","2018-05-15T17:58:22.079Z","12.641794","4",NULL
"748","2018-05-15T17:58:55.038Z","29.351154","2",NULL
"749","2018-05-15T17:58:21.836Z","13.422792","3",NULL
"750","2018-05-15T17:58:22.118Z","13.097013","3",NULL
"751","2018-05-15T17:58:55.765Z","30.332147","1",NULL
"752","2018-05-15T17:58:55.517Z","30.948366","2",NULL
"753","2018-05-15T17:58:22.125Z","12.61168","4",NULL
"754","2018-05-15T17:58:22.228Z","12.974589","3",NULL
"755","2018-05-15T17:58:55.838Z","30.262866","1",NULL
"756","2018-05-15T17:58:22.194Z","14.473546","4",NULL
"757","2018-05-15T17:58:55.610Z","30.839341","2",NULL
"758","2018-05-15T17:58:22.260Z","12.963","3",NULL
"759","2018-05-15T17:58:22.230Z","14.451922","4",NULL
"760","2018-05-15T17:58:55.971Z","30.129833","1",NULL
"761","2018-05-15T17:58:55.638Z","30.682189","2",NULL
"762","2018-05-15T17:58:22.297Z","12.89512","3",NULL
"763","2018-05-15T17:58:22.300Z","16.33512","4",NULL
"764","2018-05-15T17:58:55.652Z","30.679379","2",NULL
"765","2018-05-15T17:58:56.406Z","31.713001","1",NULL
"766","2018-05-15T17:58:22.731Z","12.570398","3",NULL
"767","2018-05-15T17:58:56.502Z","31.615275","1",NULL
"768","2018-05-15T17:58:55.867Z","30.470866","2",NULL
"769","2018-05-15T17:58:22.385Z","16.245762","4",NULL
"770","2018-05-15T17:58:23.163Z","12.168152","3",NULL
"771","2018-05-15T17:58:56.527Z","31.569918","1",NULL
"772","2018-05-15T17:58:22.816Z","16.010398","4",NULL
"773","2018-05-15T17:58:55.974Z","30.337833","2",NULL
"774","2018-05-15T17:58:23.196Z","12.148354","3",NULL
"775","2018-05-15T17:58:57.425Z","30.842171","1",NULL
"776","2018-05-15T17:58:22.960Z","17.662259","4",NULL
"777","2018-05-15T17:58:56.515Z","29.823275","2",NULL
"778","2018-05-15T17:58:23.450Z","12.057604","3",NULL
"779","2018-05-15T17:58:57.925Z","30.208793","1",NULL
"780","2018-05-15T17:58:56.530Z","29.777918","2",NULL
"781","2018-05-15T17:58:23.174Z","17.570819","4",NULL
"782","2018-05-15T17:58:23.618Z","12.229135","3",NULL
"783","2018-05-15T17:58:23.224Z","17.551021","4",NULL
"784","2018-05-15T17:58:57.428Z","29.050171","2",NULL
"785","2018-05-15T17:58:58.171Z","30.000543","1",NULL
"786","2018-05-15T17:58:23.645Z","12.201406","3",NULL
"787","2018-05-15T17:58:58.089Z","30.37946","2",NULL
"788","2018-05-15T17:58:58.178Z","30.000543","1",NULL
"789","2018-05-15T17:58:23.468Z","17.210271","4",NULL
"790","2018-05-15T17:58:23.840Z","12.622334","3",NULL
"791","2018-05-15T17:58:58.211Z","32.000543","1",NULL
"792","2018-05-15T17:58:23.630Z","17.090135","4",NULL
"793","2018-05-15T17:58:58.145Z","30.17121","2",NULL
"794","2018-05-15T17:58:23.892Z","12.622334","3",NULL
"795","2018-05-15T17:58:58.240Z","32.000543","1",NULL
"796","2018-05-15T17:58:58.176Z","30.17121","2",NULL
"797","2018-05-15T17:58:23.651Z","17.062406","4",NULL
"798","2018-05-15T17:58:23.972Z","13.539001","3",NULL
"799","2018-05-15T17:58:58.540Z","31.980696","1",NULL
"800","2018-05-15T17:58:24.096Z","11.789001","3",NULL
"801","2018-05-15T17:58:58.179Z","30.17121","2",NULL
"802","2018-05-15T17:58:23.868Z","16.941668","4",NULL
"803","2018-05-15T17:58:58.742Z","31.751149","1",NULL
"804","2018-05-15T17:58:23.894Z","16.941668","4",NULL
"805","2018-05-15T17:58:24.128Z","12.062358","3",NULL
"806","2018-05-15T17:58:58.242Z","30.17121","2",NULL
"807","2018-05-15T17:58:59.043Z","31.499032","1",NULL
"808","2018-05-15T17:58:24.105Z","16.941668","4",NULL
"809","2018-05-15T17:58:24.206Z","13.508357","3",NULL
"810","2018-05-15T17:58:58.555Z","30.151363","2",NULL
"811","2018-05-15T17:58:59.690Z","30.829721","1",NULL
"812","2018-05-15T17:58:24.133Z","16.923358","4",NULL
"813","2018-05-15T17:58:24.648Z","12.037738","3",NULL
"814","2018-05-15T17:58:58.776Z","29.921816","2",NULL
"815","2018-05-15T17:59:00.253Z","30.271446","1",NULL
"816","2018-05-15T17:58:24.695Z","16.648738","4",NULL
"817","2018-05-15T17:58:24.699Z","11.945326","3",NULL
"818","2018-05-15T17:58:59.064Z","29.669699","2",NULL
"819","2018-05-15T17:59:00.710Z","29.856769","1",NULL
"820","2018-05-15T17:58:24.702Z","16.556326","4",NULL
"821","2018-05-15T17:58:59.714Z","29.000388","2",NULL
"822","2018-05-15T17:58:24.752Z","12.678529","3",NULL
"823","2018-05-15T17:59:00.716Z","29.852124","1",NULL
"824","2018-05-15T17:58:24.766Z","16.372863","4",NULL
"825","2018-05-15T17:59:00.263Z","28.442113","2",NULL
"826","2018-05-15T17:58:24.787Z","12.938264","3",NULL
"827","2018-05-15T17:59:00.765Z","29.719308","1",NULL
"828","2018-05-15T17:58:24.822Z","18.290668","4",NULL
"829","2018-05-15T17:59:00.593Z","30.011152","2",NULL
"830","2018-05-15T17:58:24.797Z","12.925335","3",NULL
"831","2018-05-15T17:59:00.866Z","31.619034","1",NULL
"832","2018-05-15T17:58:24.828Z","18.25933","4",NULL
"833","2018-05-15T17:59:00.714Z","29.990102","2",NULL
"834","2018-05-15T17:58:25.098Z","12.619434","3",NULL
"835","2018-05-15T17:58:25.117Z","17.984767","4",NULL
"836","2018-05-15T17:59:00.970Z","31.503447","1",NULL
"837","2018-05-15T17:58:25.225Z","12.530344","3",NULL
"838","2018-05-15T17:59:00.718Z","29.985457","2",NULL
"839","2018-05-15T17:59:01.037Z","31.432327","1",NULL
"840","2018-05-15T17:58:25.289Z","17.895677","4",NULL
"841","2018-05-15T17:59:00.775Z","29.852641","2",NULL
"842","2018-05-15T17:58:25.493Z","12.264788","3",NULL
"843","2018-05-15T17:59:01.222Z","31.253204","1",NULL
"844","2018-05-15T17:58:25.509Z","17.630121","4",NULL
"845","2018-05-15T17:59:00.852Z","31.715034","2",NULL
"846","2018-05-15T17:58:25.893Z","11.8218","3",NULL
"847","2018-05-15T17:59:01.720Z","30.752902","1",NULL
"848","2018-05-15T17:58:25.897Z","17.187133","4",NULL
"849","2018-05-15T17:59:00.972Z","31.599447","2",NULL
"850","2018-05-15T17:58:26.368Z","11.365574","3",NULL
"851","2018-05-15T17:58:26.370Z","16.730907","4",NULL
"852","2018-05-15T17:59:02.290Z","30.219136","1",NULL
"853","2018-05-15T17:58:26.516Z","13.195478","3",NULL
"854","2018-05-15T17:59:01.040Z","31.528327","2",NULL
"855","2018-05-15T17:59:02.527Z","29.953025","1",NULL
"856","2018-05-15T17:58:26.519Z","16.560811","4",NULL
"857","2018-05-15T17:59:01.274Z","31.349204","2",NULL
"858","2018-05-15T17:58:26.673Z","13.038794","3",NULL
"859","2018-05-15T17:58:27.157Z","16.00486","4",NULL
"860","2018-05-15T17:59:02.537Z","29.951547","1",NULL
"861","2018-05-15T17:58:27.145Z","12.639527","3",NULL
"862","2018-05-15T17:59:01.731Z","30.848902","2",NULL
"863","2018-05-15T17:59:03.015Z","29.472842","1",NULL
"864","2018-05-15T17:58:27.212Z","15.913146","4",NULL
"865","2018-05-15T17:59:02.298Z","30.315136","2",NULL
"866","2018-05-15T17:58:27.192Z","12.547813","3",NULL
"867","2018-05-15T17:58:27.229Z","15.911743","4",NULL
"868","2018-05-15T17:59:03.282Z","31.229197","1",NULL
"869","2018-05-15T17:58:27.223Z","12.54641","3",NULL
"870","2018-05-15T17:59:02.367Z","32.160578","2",NULL
"871","2018-05-15T17:58:27.580Z","15.567674","4",NULL
"872","2018-05-15T17:59:03.332Z","31.186157","1",NULL
"873","2018-05-15T17:58:27.544Z","13.119008","3",NULL
"874","2018-05-15T17:59:02.533Z","32.011692","2",NULL
"875","2018-05-15T17:59:03.480Z","30.995746","1",NULL
"876","2018-05-15T17:58:28.071Z","15.104217","4",NULL
"877","2018-05-15T17:59:02.543Z","32.010214","2",NULL
"878","2018-05-15T17:58:28.068Z","13.363884","3",NULL
"879","2018-05-15T17:58:28.095Z","15.099544","4",NULL
"880","2018-05-15T17:59:03.716Z","30.756136","1",NULL
"881","2018-05-15T17:59:03.030Z","31.531509","2",NULL
"882","2018-05-15T17:58:28.073Z","13.359211","3",NULL
"883","2018-05-15T17:59:03.974Z","30.756136","1",NULL
"884","2018-05-15T17:58:29.060Z","14.239405","4",NULL
"885","2018-05-15T17:58:28.149Z","13.56405","3",NULL
"886","2018-05-15T17:59:03.318Z","31.287864","2",NULL
"887","2018-05-15T17:58:29.072Z","14.177493","4",NULL
"888","2018-05-15T17:59:04.661Z","30.334089","1",NULL
"889","2018-05-15T17:59:03.483Z","31.054413","2",NULL
"890","2018-05-15T17:58:29.051Z","12.915739","3",NULL
"891","2018-05-15T17:59:04.903Z","30.076057","1",NULL
"892","2018-05-15T17:58:29.715Z","13.563921","4",NULL
"893","2018-05-15T17:59:03.724Z","30.814803","2",NULL
"894","2018-05-15T17:58:29.067Z","12.853827","3",NULL
"895","2018-05-15T17:59:04.984Z","30.00605","1",NULL
"896","2018-05-15T17:58:29.753Z","13.495341","4",NULL
"897","2018-05-15T17:59:03.975Z","30.814803","2",NULL
"898","2018-05-15T17:58:29.589Z","12.823588","3",NULL
"899","2018-05-15T17:58:30.228Z","14.913781","4",NULL
"900","2018-05-15T17:59:05.188Z","31.79169","1",NULL
"901","2018-05-15T17:59:04.702Z","30.392756","2",NULL
"902","2018-05-15T17:58:29.733Z","12.755008","3",NULL
"903","2018-05-15T17:58:30.246Z","14.900192","4",NULL
"904","2018-05-15T17:59:05.236Z","31.764421","1",NULL
"905","2018-05-15T17:58:30.215Z","12.710781","3",NULL
"906","2018-05-15T17:59:04.850Z","32.150598","2",NULL
"907","2018-05-15T17:58:30.266Z","14.825835","4",NULL
"908","2018-05-15T17:59:05.258Z","31.721126","1",NULL
"909","2018-05-15T17:59:04.950Z","32.09739","2",NULL
"910","2018-05-15T17:58:30.235Z","12.697192","3",NULL
"911","2018-05-15T17:58:30.517Z","14.607618","4",NULL
"912","2018-05-15T17:59:05.801Z","31.254128","1",NULL
"913","2018-05-15T17:59:04.994Z","32.027383","2",NULL
"914","2018-05-15T17:58:30.460Z","12.862951","3",NULL
"915","2018-05-15T17:58:30.528Z","14.606805","4",NULL
"916","2018-05-15T17:59:06.230Z","30.757995","1",NULL
"917","2018-05-15T17:59:05.238Z","31.785754","2",NULL
"918","2018-05-15T17:58:30.524Z","12.862138","3",NULL
"919","2018-05-15T17:59:06.731Z","30.254351","1",NULL
"920","2018-05-15T17:58:30.649Z","16.35581","4",NULL
"921","2018-05-15T17:58:30.712Z","13.04889","3",NULL
"922","2018-05-15T17:59:05.273Z","31.742459","2",NULL
"923","2018-05-15T17:59:07.055Z","29.928003","1",NULL
"924","2018-05-15T17:58:30.715Z","16.339557","4",NULL
"925","2018-05-15T17:58:30.726Z","13.047848","3",NULL
"926","2018-05-15T17:59:05.817Z","31.275461","2",NULL
"927","2018-05-15T17:58:30.729Z","16.338515","4",NULL
"928","2018-05-15T17:59:07.726Z","29.278102","1",NULL
"929","2018-05-15T17:58:30.732Z","13.000967","3",NULL
"930","2018-05-15T17:59:06.248Z","30.779328","2",NULL
"931","2018-05-15T17:58:30.812Z","18.154293","4",NULL
"932","2018-05-15T17:59:07.738Z","29.271751","1",NULL
"933","2018-05-15T17:58:30.894Z","12.842118","3",NULL
"934","2018-05-15T17:59:06.736Z","30.275684","2",NULL
"935","2018-05-15T17:59:07.970Z","29.044003","1",NULL
"936","2018-05-15T17:58:30.898Z","18.095451","4",NULL
"937","2018-05-15T17:59:07.057Z","29.949336","2",NULL
"938","2018-05-15T17:58:30.990Z","13.898663","3",NULL
"939","2018-05-15T17:59:08.135Z","29.561266","1",NULL
"940","2018-05-15T17:58:30.994Z","18.026996","4",NULL
"941","2018-05-15T17:59:07.735Z","31.262102","2",NULL
"942","2018-05-15T17:58:32.176Z","13.366919","3",NULL
"943","2018-05-15T17:59:08.155Z","29.561266","1",NULL
"944","2018-05-15T17:58:32.180Z","16.828585","4",NULL
"945","2018-05-15T17:59:07.773Z","31.255751","2",NULL
"946","2018-05-15T17:58:32.183Z","13.36596","3",NULL
"947","2018-05-15T17:58:32.184Z","16.827626","4",NULL
"948","2018-05-15T17:59:08.214Z","30.894599","1",NULL
"949","2018-05-15T17:58:32.245Z","13.46866","3",NULL
"950","2018-05-15T17:59:07.788Z","31.236443","2",NULL
"951","2018-05-15T17:59:08.389Z","30.894599","1",NULL
"952","2018-05-15T17:58:32.274Z","16.709541","4",NULL
"953","2018-05-15T17:58:32.272Z","13.456208","3",NULL
"954","2018-05-15T17:59:08.005Z","31.028003","2",NULL
"955","2018-05-15T17:59:08.478Z","30.894599","1",NULL
"956","2018-05-15T17:58:32.681Z","16.31246","4",NULL
"957","2018-05-15T17:58:32.317Z","13.40572","3",NULL
"958","2018-05-15T17:59:08.140Z","30.878599","2",NULL
"959","2018-05-15T17:59:08.764Z","30.746071","1",NULL
"960","2018-05-15T17:58:32.686Z","16.307891","4",NULL
"961","2018-05-15T17:59:08.164Z","30.878599","2",NULL
"962","2018-05-15T17:58:32.678Z","13.26746","3",NULL
"963","2018-05-15T17:59:08.395Z","30.878599","2",NULL
"964","2018-05-15T17:59:09.229Z","30.249546","1",NULL
"965","2018-05-15T17:58:32.813Z","16.171516","4",NULL
"966","2018-05-15T17:58:32.684Z","13.262891","3",NULL
"967","2018-05-15T17:59:08.520Z","30.878599","2",NULL
"968","2018-05-15T17:59:09.716Z","29.820142","1",NULL
"969","2018-05-15T17:58:33.014Z","15.995984","4",NULL
"970","2018-05-15T17:58:32.729Z","16.995428","3",NULL
"971","2018-05-15T17:58:32.799Z","18.918183","3",NULL
"972","2018-05-15T17:58:33.454Z","15.623819","4",NULL
"973","2018-05-15T17:59:08.789Z","30.730071","2",NULL
"974","2018-05-15T17:59:10.113Z","29.436871","1",NULL
"975","2018-05-15T17:58:32.957Z","18.759563","3",NULL
"976","2018-05-15T17:59:09.296Z","30.233546","2",NULL
"977","2018-05-15T17:59:10.246Z","29.224961","1",NULL
"978","2018-05-15T17:58:33.507Z","15.5571","4",NULL
"979","2018-05-15T17:58:32.982Z","18.742651","3",NULL
"980","2018-05-15T17:59:09.738Z","29.804142","2",NULL
"981","2018-05-15T17:59:10.251Z","29.221145","1",NULL
"982","2018-05-15T17:58:33.872Z","15.105401","4",NULL
"983","2018-05-15T17:58:33.205Z","20.511586","3",NULL
"984","2018-05-15T17:59:10.129Z","29.420871","2",NULL
"985","2018-05-15T17:59:10.802Z","30.094507","1",NULL
"986","2018-05-15T17:58:34.170Z","14.827087","4",NULL
"987","2018-05-15T17:59:10.248Z","31.171628","2",NULL
"988","2018-05-15T17:58:33.423Z","20.370486","3",NULL
"989","2018-05-15T17:58:34.644Z","14.330963","4",NULL
"990","2018-05-15T17:59:10.857Z","30.073496","1",NULL
"991","2018-05-15T17:59:10.272Z","31.167812","2",NULL
"992","2018-05-15T17:58:33.491Z","20.303767","3",NULL
"993","2018-05-15T17:59:10.991Z","30.425857","1",NULL
"994","2018-05-15T17:58:34.898Z","14.081277","4",NULL
"995","2018-05-15T17:59:10.279Z","31.166409","2",NULL
"996","2018-05-15T17:58:33.869Z","19.852068","3",NULL
"997","2018-05-15T17:59:11.005Z","30.475645","1",NULL
"998","2018-05-15T17:58:35.168Z","13.830817","4",NULL
"999","2018-05-15T17:58:34.167Z","19.573754","3",NULL
"1000","2018-05-15T17:59:10.844Z","30.791174","2",NULL
"1001","2018-05-15T17:59:11.058Z","30.415155","1",NULL
"1002","2018-05-15T17:58:35.396Z","13.579816","4",NULL
"1003","2018-05-15T17:59:10.868Z","30.770163","2",NULL
"1004","2018-05-15T17:58:34.642Z","19.07763","3",NULL
"1005","2018-05-15T17:59:11.134Z","32.33403","1",NULL
"1006","2018-05-15T17:58:35.897Z","13.079923","4",NULL
"1007","2018-05-15T17:58:34.894Z","18.827944","3",NULL
"1008","2018-05-15T17:59:10.996Z","30.497524","2",NULL
"1009","2018-05-15T17:58:36.251Z","14.710642","4",NULL
"1010","2018-05-15T17:59:11.187Z","32.280759","1",NULL
"1011","2018-05-15T17:59:11.061Z","30.361822","2",NULL
"1012","2018-05-15T17:58:35.154Z","18.577484","3",NULL
"1013","2018-05-15T17:58:36.478Z","14.680625","4",NULL
"1014","2018-05-15T17:59:11.295Z","32.234112","1",NULL
"1015","2018-05-15T17:58:35.394Z","18.326483","3",NULL
"1016","2018-05-15T17:59:11.190Z","30.227426","2",NULL
"1017","2018-05-15T17:58:36.496Z","14.680625","4",NULL
"1018","2018-05-15T17:59:11.725Z","31.751034","1",NULL
"1019","2018-05-15T17:59:11.353Z","30.180779","2",NULL
"1020","2018-05-15T17:58:35.894Z","17.82659","3",NULL
"1021","2018-05-15T17:59:12.643Z","31.067028","1",NULL
"1022","2018-05-15T17:58:36.530Z","16.643292","4",NULL
"1023","2018-05-15T17:58:36.448Z","17.464625","3",NULL
"1024","2018-05-15T17:59:11.733Z","29.697701","2",NULL
"1025","2018-05-15T17:58:36.613Z","16.643292","4",NULL
"1026","2018-05-15T17:59:12.958Z","31.067028","1",NULL
"1027","2018-05-15T17:59:12.660Z","29.013695","2",NULL
"1028","2018-05-15T17:58:36.494Z","17.464625","3",NULL
"1029","2018-05-15T17:59:13.360Z","32.108695","1",NULL
"1030","2018-05-15T17:58:36.918Z","18.605958","4",NULL
"1031","2018-05-15T17:58:36.607Z","17.464625","3",NULL
"1032","2018-05-15T17:59:12.987Z","29.013695","2",NULL
"1033","2018-05-15T17:59:13.457Z","33.067028","1",NULL
"1034","2018-05-15T17:58:37.005Z","18.605958","4",NULL
"1035","2018-05-15T17:59:13.160Z","30.976361","2",NULL
"1036","2018-05-15T17:58:36.981Z","18.172958","3",NULL
"1037","2018-05-15T17:58:37.103Z","18.605958","4",NULL
"1038","2018-05-15T17:59:13.637Z","33.067028","1",NULL
"1039","2018-05-15T17:58:37.058Z","18.922958","3",NULL
"1040","2018-05-15T17:59:13.389Z","30.976361","2",NULL
"1041","2018-05-15T17:59:13.983Z","32.937054","1",NULL
"1042","2018-05-15T17:58:37.783Z","18.273887","4",NULL
"1043","2018-05-15T17:58:37.316Z","19.464625","3",NULL
"1044","2018-05-15T17:59:13.640Z","30.976361","2",NULL
"1045","2018-05-15T17:59:14.271Z","32.672047","1",NULL
"1046","2018-05-15T17:58:37.868Z","18.269535","4",NULL
"1047","2018-05-15T17:58:37.772Z","19.132554","3",NULL
"1048","2018-05-15T17:59:13.986Z","30.846387","2",NULL
"1049","2018-05-15T17:58:37.963Z","20.018157","4",NULL
"1050","2018-05-15T17:59:14.519Z","32.390748","1",NULL
"1051","2018-05-15T17:59:14.273Z","30.58138","2",NULL
"1052","2018-05-15T17:58:37.791Z","19.128202","3",NULL
"1053","2018-05-15T17:59:14.797Z","32.15426","1",NULL
"1054","2018-05-15T17:58:38.152Z","21.887958","4",NULL
"1055","2018-05-15T17:58:38.128Z","19.821291","3",NULL
"1056","2018-05-15T17:59:14.524Z","32.262748","2",NULL
"1057","2018-05-15T17:58:38.260Z","21.714391","4",NULL
"1058","2018-05-15T17:59:15.037Z","31.931968","1",NULL
"1059","2018-05-15T17:58:38.229Z","20.356057","3",NULL
"1060","2018-05-15T17:59:14.562Z","32.214402","2",NULL
"1061","2018-05-15T17:59:15.289Z","31.766471","1",NULL
"1062","2018-05-15T17:58:38.306Z","21.713062","4",NULL
"1063","2018-05-15T17:59:14.822Z","32.02626","2",NULL
"1064","2018-05-15T17:58:38.515Z","20.439829","3",NULL
"1065","2018-05-15T17:59:15.369Z","33.541829","1",NULL
"1066","2018-05-15T17:58:38.518Z","21.506496","4",NULL
"1067","2018-05-15T17:59:15.050Z","31.803968","2",NULL
"1068","2018-05-15T17:58:38.546Z","20.384938","3",NULL
"1069","2018-05-15T17:59:15.394Z","33.516181","1",NULL
"1070","2018-05-15T17:58:38.548Z","21.451605","4",NULL
"1071","2018-05-15T17:59:15.299Z","31.513471","2",NULL
"1072","2018-05-15T17:58:38.557Z","20.360464","3",NULL
"1073","2018-05-15T17:58:38.653Z","23.252533","4",NULL
"1074","2018-05-15T17:59:15.599Z","33.329032","1",NULL
"1075","2018-05-15T17:59:15.425Z","31.388181","2",NULL
"1076","2018-05-15T17:58:38.773Z","22.108888","3",NULL
"1077","2018-05-15T17:59:15.976Z","32.936325","1",NULL
"1078","2018-05-15T17:58:38.908Z","23.020943","4",NULL
"1079","2018-05-15T17:58:38.900Z","22.158277","3",NULL
"1080","2018-05-15T17:59:15.601Z","31.201032","2",NULL
"1081","2018-05-15T17:59:16.473Z","32.438336","1",NULL
"1082","2018-05-15T17:58:39.044Z","22.956685","4",NULL
"1083","2018-05-15T17:59:15.982Z","30.808325","2",NULL
"1084","2018-05-15T17:58:39.039Z","22.760685","3",NULL
"1085","2018-05-15T17:59:16.496Z","30.310336","2",NULL
"1086","2018-05-15T17:59:16.970Z","32.026163","1",NULL
"1087","2018-05-15T17:58:39.169Z","22.761668","4",NULL
"1088","2018-05-15T17:58:39.144Z","23.690668","3",NULL
"1089","2018-05-15T17:59:16.973Z","29.898163","2",NULL
"1090","2018-05-15T17:58:39.524Z","22.465662","4",NULL
"1091","2018-05-15T17:59:17.323Z","31.680697","1",NULL
"1092","2018-05-15T17:58:39.216Z","23.659798","3",NULL
"1093","2018-05-15T17:59:17.372Z","29.552697","2",NULL
"1094","2018-05-15T17:59:17.737Z","31.260985","1",NULL
"1095","2018-05-15T17:58:39.663Z","22.298099","4",NULL
"1096","2018-05-15T17:58:39.362Z","25.515018","3",NULL
"1097","2018-05-15T17:59:17.765Z","29.132985","2",NULL
"1098","2018-05-15T17:58:39.765Z","22.200383","4",NULL
"1099","2018-05-15T17:59:18.428Z","30.71404","1",NULL
"1100","2018-05-15T17:59:18.447Z","30.548707","2",NULL
"1101","2018-05-15T17:58:39.506Z","25.644662","3",NULL
"1102","2018-05-15T17:59:18.495Z","30.58053","1",NULL
"1103","2018-05-15T17:58:40.088Z","21.891485","4",NULL
"1104","2018-05-15T17:59:18.534Z","30.415197","2",NULL
"1105","2018-05-15T17:58:39.623Z","26.060433","3",NULL
"1106","2018-05-15T17:59:18.728Z","30.342944","1",NULL
"1107","2018-05-15T17:58:40.124Z","21.890643","4",NULL
"1108","2018-05-15T17:58:39.748Z","26.629383","3",NULL
"1109","2018-05-15T17:59:18.555Z","30.373156","2",NULL
"1110","2018-05-15T17:59:18.762Z","30.30891","1",NULL
"1111","2018-05-15T17:58:40.408Z","21.51809","4",NULL
"1112","2018-05-15T17:59:18.741Z","30.177611","2",NULL
"1113","2018-05-15T17:58:39.822Z","27.086646","3",NULL
"1114","2018-05-15T17:58:40.648Z","21.267213","4",NULL
"1115","2018-05-15T17:59:18.846Z","32.122583","1",NULL
"1116","2018-05-15T17:59:18.771Z","30.143577","2",NULL
"1117","2018-05-15T17:58:40.072Z","26.862152","3",NULL
"1118","2018-05-15T17:58:40.981Z","20.93562","4",NULL
"1119","2018-05-15T17:59:18.910Z","29.909995","2",NULL
"1120","2018-05-15T17:59:18.898Z","32.075328","1",NULL
"1121","2018-05-15T17:58:40.119Z","26.86131","3",NULL
"1122","2018-05-15T17:58:41.130Z","22.898287","4",NULL
"1123","2018-05-15T17:59:18.970Z","32.001201","1",NULL
"1124","2018-05-15T17:59:19.002Z","29.835868","2",NULL
"1125","2018-05-15T17:58:40.394Z","26.488757","3",NULL
"1126","2018-05-15T17:58:41.286Z","24.860954","4",NULL
"1127","2018-05-15T17:59:19.218Z","31.749388","1",NULL
"1128","2018-05-15T17:59:19.220Z","29.584055","2",NULL
"1129","2018-05-15T17:58:40.645Z","26.23788","3",NULL
"1130","2018-05-15T17:58:41.305Z","24.860954","4",NULL
"1131","2018-05-15T17:59:19.917Z","31.123297","1",NULL
"1132","2018-05-15T17:59:19.933Z","28.957964","2",NULL
"1133","2018-05-15T17:58:40.979Z","25.906287","3",NULL
"1134","2018-05-15T17:58:41.372Z","26.82362","4",NULL
"1135","2018-05-15T17:59:20.475Z","30.574398","1",NULL
"1136","2018-05-15T17:59:20.516Z","28.409065","2",NULL
"1137","2018-05-15T17:58:41.282Z","25.906287","3",NULL
"1138","2018-05-15T17:58:41.453Z","26.82362","4",NULL
"1139","2018-05-15T17:59:20.852Z","30.170236","1",NULL
"1140","2018-05-15T17:59:20.897Z","29.967569","2",NULL
"1141","2018-05-15T17:58:41.349Z","27.906287","3",NULL
"1142","2018-05-15T17:59:20.928Z","30.165451","1",NULL
"1143","2018-05-15T17:59:20.963Z","29.962784","2",NULL
"1144","2018-05-15T17:58:41.592Z","26.82362","4",NULL
"1145","2018-05-15T17:58:41.447Z","27.906287","3",NULL
"1146","2018-05-15T17:58:42.201Z","26.630042","4",NULL
"1147","2018-05-15T17:59:20.965Z","29.908","2",NULL
"1148","2018-05-15T17:59:21.161Z","29.873613","1",NULL
"1149","2018-05-15T17:58:41.587Z","27.906287","3",NULL
"1150","2018-05-15T17:59:21.449Z","29.868843","1",NULL
"1151","2018-05-15T17:59:21.313Z","29.670946","2",NULL
"1152","2018-05-15T17:58:42.443Z","26.378509","4",NULL
"1153","2018-05-15T17:58:42.160Z","27.712709","3",NULL
"1154","2018-05-15T17:58:42.912Z","25.879615","4",NULL
"1155","2018-05-15T17:59:21.451Z","29.666176","2",NULL
"1156","2018-05-15T17:59:21.487Z","29.868843","1",NULL
"1157","2018-05-15T17:58:42.440Z","27.461176","3",NULL
"1158","2018-05-15T17:59:21.567Z","30.118843","1",NULL
"1159","2018-05-15T17:58:43.207Z","25.627035","4",NULL
"1160","2018-05-15T17:59:21.488Z","29.666176","2",NULL
"1161","2018-05-15T17:58:42.910Z","26.962282","3",NULL
"1162","2018-05-15T17:58:43.711Z","25.065155","4",NULL
"1163","2018-05-15T17:59:21.570Z","29.666176","2",NULL
"1164","2018-05-15T17:59:21.718Z","31.868843","1",NULL
"1165","2018-05-15T17:58:43.160Z","26.709702","3",NULL
"1166","2018-05-15T17:59:21.761Z","31.868843","1",NULL
"1167","2018-05-15T17:59:21.638Z","31.628843","2",NULL
"1168","2018-05-15T17:58:43.948Z","26.785954","4",NULL
"1169","2018-05-15T17:58:43.710Z","26.356155","3",NULL
"1170","2018-05-15T17:59:21.759Z","31.628843","2",NULL
"1171","2018-05-15T17:58:44.383Z","28.503083","4",NULL
"1172","2018-05-15T17:59:21.800Z","31.861016","1",NULL
"1173","2018-05-15T17:58:43.950Z","27.905954","3",NULL
"1174","2018-05-15T17:58:44.508Z","28.48662","4",NULL
"1175","2018-05-15T17:59:22.361Z","31.402574","1",NULL
"1176","2018-05-15T17:59:21.821Z","31.621016","2",NULL
"1177","2018-05-15T17:58:44.369Z","27.827083","3",NULL
"1178","2018-05-15T17:59:22.377Z","31.162574","2",NULL
"1179","2018-05-15T17:59:22.869Z","30.994496","1",NULL
"1180","2018-05-15T17:58:44.565Z","28.326936","4",NULL
"1181","2018-05-15T17:58:44.411Z","27.81062","3",NULL
"1182","2018-05-15T17:59:23.305Z","30.525373","1",NULL
"1183","2018-05-15T17:58:44.640Z","28.071569","4",NULL
"1184","2018-05-15T17:59:22.917Z","30.754496","2",NULL
"1185","2018-05-15T17:58:44.634Z","28.270569","3",NULL
"1186","2018-05-15T17:59:23.050Z","32.370602","2",NULL
"1187","2018-05-15T17:59:23.423Z","30.416268","1",NULL
"1188","2018-05-15T17:58:44.818Z","29.959017","4",NULL
"1189","2018-05-15T17:58:44.739Z","28.570351","3",NULL
"1190","2018-05-15T17:59:23.797Z","30.01735","1",NULL
"1191","2018-05-15T17:58:44.850Z","29.955262","4",NULL
"1192","2018-05-15T17:59:23.368Z","32.24804","2",NULL
"1193","2018-05-15T17:58:44.821Z","28.566596","3",NULL
"1194","2018-05-15T17:58:45.085Z","28.86726","3",NULL
"1195","2018-05-15T17:59:23.957Z","30.145679","1",NULL
"1196","2018-05-15T17:58:44.863Z","29.921284","4",NULL
"1197","2018-05-15T17:59:23.512Z","32.138935","2",NULL
"1198","2018-05-15T17:58:45.138Z","28.769989","3",NULL
"1199","2018-05-15T17:59:24.059Z","30.145679","1",NULL
"1200","2018-05-15T17:59:23.851Z","31.740017","2",NULL
"1201","2018-05-15T17:58:45.087Z","29.672593","4",NULL
"1202","2018-05-15T17:58:45.217Z","28.663995","3",NULL
"1203","2018-05-15T17:59:23.961Z","31.493346","2",NULL
"1204","2018-05-15T17:59:24.386Z","30.251492","1",NULL
"1205","2018-05-15T17:58:45.221Z","31.431995","4",NULL
"1206","2018-05-15T17:58:45.248Z","28.655145","3",NULL
"1207","2018-05-15T17:59:24.072Z","31.493346","2",NULL
"1208","2018-05-15T17:58:45.428Z","28.432888","3",NULL
"1209","2018-05-15T17:59:24.461Z","30.217472","1",NULL
"1210","2018-05-15T17:58:45.274Z","31.423145","4",NULL
"1211","2018-05-15T17:59:24.407Z","31.140826","2",NULL
"1212","2018-05-15T17:59:24.635Z","30.578514","1",NULL
"1213","2018-05-15T17:58:45.318Z","31.304896","4",NULL
"1214","2018-05-15T17:58:45.506Z","28.427104","3",NULL
"1215","2018-05-15T17:59:24.463Z","31.106806","2",NULL
"1216","2018-05-15T17:59:24.713Z","30.568252","1",NULL
"1217","2018-05-15T17:58:45.435Z","31.200888","4",NULL
"1218","2018-05-15T17:59:24.694Z","30.801181","2",NULL
"1219","2018-05-15T17:58:45.891Z","27.963629","3",NULL
"1220","2018-05-15T17:59:24.792Z","30.870204","1",NULL
"1221","2018-05-15T17:58:46.005Z","27.84844","3",NULL
"1222","2018-05-15T17:58:45.543Z","31.195104","4",NULL
"1223","2018-05-15T17:59:24.731Z","30.790919","2",NULL
"1224","2018-05-15T17:59:24.890Z","30.816161","1",NULL
"1225","2018-05-15T17:59:24.812Z","30.676204","2",NULL
"1226","2018-05-15T17:58:46.357Z","27.84844","3",NULL
"1227","2018-05-15T17:58:45.894Z","30.731629","4",NULL
"1228","2018-05-15T17:59:25.016Z","30.681355","1",NULL
"1229","2018-05-15T17:59:25.040Z","30.404022","2",NULL
"1230","2018-05-15T17:58:46.007Z","30.61644","4",NULL
"1231","2018-05-15T17:58:46.512Z","28.34844","3",NULL
"1232","2018-05-15T17:59:25.238Z","30.611005","1",NULL
"1233","2018-05-15T17:58:46.359Z","30.61644","4",NULL
"1234","2018-05-15T17:58:46.587Z","29.84844","3",NULL
"1235","2018-05-15T17:59:25.255Z","30.333672","2",NULL
"1236","2018-05-15T17:59:25.518Z","30.190114","1",NULL
"1237","2018-05-15T17:58:46.456Z","32.579107","4",NULL
"1238","2018-05-15T17:59:25.538Z","29.912781","2",NULL
"1239","2018-05-15T17:58:46.966Z","29.84844","3",NULL
"1240","2018-05-15T17:59:25.984Z","30.750626","1",NULL
"1241","2018-05-15T17:58:46.515Z","32.579107","4",NULL
"1242","2018-05-15T17:59:26.060Z","30.749542","1",NULL
"1243","2018-05-15T17:58:47.148Z","31.84844","3",NULL
"1244","2018-05-15T17:59:26.048Z","29.598293","2",NULL
"1245","2018-05-15T17:58:47.007Z","32.579107","4",NULL
"1246","2018-05-15T17:59:26.724Z","30.342732","1",NULL
"1247","2018-05-15T17:59:26.092Z","29.597209","2",NULL
"1248","2018-05-15T17:58:47.220Z","31.84844","3",NULL
"1249","2018-05-15T17:58:47.167Z","32.579107","4",NULL
"1250","2018-05-15T17:59:26.736Z","28.732066","2",NULL
"1251","2018-05-15T17:58:47.892Z","31.610778","3",NULL
"1252","2018-05-15T17:59:26.762Z","30.341682","1",NULL
"1253","2018-05-15T17:58:47.903Z","32.341445","4",NULL
"1254","2018-05-15T17:59:26.800Z","30.918591","1",NULL
"1255","2018-05-15T17:59:26.766Z","28.731016","2",NULL
"1256","2018-05-15T17:58:48.406Z","31.10869","3",NULL
"1257","2018-05-15T17:58:48.408Z","31.839357","4",NULL
"1258","2018-05-15T17:59:26.863Z","30.899821","1",NULL
"1259","2018-05-15T17:59:26.848Z","28.641258","2",NULL
"1260","2018-05-15T17:58:48.910Z","30.727129","3",NULL
"1261","2018-05-15T17:58:48.939Z","31.457796","4",NULL
"1262","2018-05-15T17:59:26.887Z","30.896576","1",NULL
"1263","2018-05-15T17:59:26.865Z","28.622488","2",NULL
"1264","2018-05-15T17:58:49.218Z","30.322002","3",NULL
"1265","2018-05-15T17:58:49.227Z","31.052669","4",NULL
"1266","2018-05-15T17:59:27.645Z","30.643706","1",NULL
"1267","2018-05-15T17:59:27.680Z","28.15804","2",NULL
"1268","2018-05-15T17:58:49.607Z","29.990207","3",NULL
"1269","2018-05-15T17:58:49.414Z","32.781073","4",NULL
"1270","2018-05-15T17:59:27.707Z","30.643706","1",NULL
"1271","2018-05-15T17:59:27.744Z","28.15804","2",NULL
"1272","2018-05-15T17:58:49.706Z","29.977558","3",NULL
"1273","2018-05-15T17:58:49.649Z","32.68354","4",NULL
"1274","2018-05-15T17:59:27.897Z","28.15804","2",NULL
"1275","2018-05-15T17:59:27.873Z","31.10204","1",NULL
"1276","2018-05-15T17:58:49.910Z","29.753267","3",NULL
"1277","2018-05-15T17:58:49.771Z","32.670891","4",NULL
"1278","2018-05-15T17:59:27.898Z","31.10204","1",NULL
"1279","2018-05-15T17:59:27.900Z","28.15804","2",NULL
"1280","2018-05-15T17:58:49.964Z","29.715117","3",NULL
"1281","2018-05-15T17:58:49.935Z","32.363267","4",NULL
"1282","2018-05-15T17:59:27.966Z","31.270873","1",NULL
"1283","2018-05-15T17:59:27.969Z","27.99354","2",NULL
"1284","2018-05-15T17:58:50.133Z","30.124136","3",NULL
"1285","2018-05-15T17:58:50.015Z","32.325117","4",NULL
"1286","2018-05-15T17:58:50.236Z","30.733025","3",NULL
"1287","2018-05-15T17:59:28.010Z","29.883832","2",NULL
"1288","2018-05-15T17:59:27.986Z","32.198499","1",NULL
"1289","2018-05-15T17:58:50.139Z","32.067469","4",NULL
"1290","2018-05-15T17:59:28.194Z","29.715421","2",NULL
"1291","2018-05-15T17:59:28.038Z","32.166354","1",NULL
"1292","2018-05-15T17:58:50.684Z","30.885869","3",NULL
"1293","2018-05-15T17:58:50.336Z","32.009691","4",NULL
"1294","2018-05-15T17:59:28.475Z","29.59184","2",NULL
"1295","2018-05-15T17:58:50.744Z","30.884552","3",NULL
"1296","2018-05-15T17:59:28.225Z","33.959667","1",NULL
"1297","2018-05-15T17:58:50.713Z","31.579202","4",NULL
"1298","2018-05-15T17:59:28.418Z","33.906507","1",NULL
"1299","2018-05-15T17:58:50.767Z","30.813348","3",NULL
"1300","2018-05-15T17:59:28.624Z","29.274751","2",NULL
"1301","2018-05-15T17:58:50.751Z","31.577885","4",NULL
"1302","2018-05-15T17:58:50.910Z","30.609523","3",NULL
"1303","2018-05-15T17:59:28.613Z","33.589418","1",NULL
"1304","2018-05-15T17:59:28.632Z","29.264651","2",NULL
"1305","2018-05-15T17:58:50.917Z","31.302856","4",NULL
"1306","2018-05-15T17:58:51.579Z","29.928923","3",NULL
"1307","2018-05-15T17:59:28.628Z","33.579318","1",NULL
"1308","2018-05-15T17:59:28.643Z","31.18737","2",NULL
"1309","2018-05-15T17:58:51.582Z","30.622256","4",NULL
"1310","2018-05-15T17:58:51.921Z","29.601892","3",NULL
"1311","2018-05-15T17:59:28.691Z","31.145443","2",NULL
"1312","2018-05-15T17:59:28.686Z","33.497443","1",NULL
"1313","2018-05-15T17:58:51.926Z","30.295225","4",NULL
"1314","2018-05-15T17:59:29.106Z","30.763879","2",NULL
"1315","2018-05-15T17:58:52.084Z","30.426038","3",NULL
"1316","2018-05-15T17:59:29.095Z","33.115879","1",NULL
"1317","2018-05-15T17:58:52.019Z","32.150938","4",NULL
"1318","2018-05-15T17:58:52.258Z","31.331381","3",NULL
"1319","2018-05-15T17:59:29.796Z","30.044218","2",NULL
"1320","2018-05-15T17:59:29.789Z","32.396218","1",NULL
"1321","2018-05-15T17:58:52.087Z","32.082038","4",NULL
"1322","2018-05-15T17:58:52.350Z","31.331381","3",NULL
"1323","2018-05-15T17:59:29.819Z","31.964991","2",NULL
"1324","2018-05-15T17:59:30.085Z","32.086709","1",NULL
"1325","2018-05-15T17:58:52.426Z","31.331381","3",NULL
"1326","2018-05-15T17:58:52.285Z","31.987381","4",NULL
"1327","2018-05-15T17:59:30.088Z","31.697376","2",NULL
"1328","2018-05-15T17:59:30.226Z","31.95817","1",NULL
"1329","2018-05-15T17:58:52.667Z","31.331381","3",NULL
"1330","2018-05-15T17:58:52.428Z","31.987381","4",NULL
"1331","2018-05-15T17:59:30.477Z","31.711711","1",NULL
"1332","2018-05-15T17:59:30.228Z","31.568837","2",NULL
"1333","2018-05-15T17:58:53.825Z","30.99132","3",NULL
"1334","2018-05-15T17:58:52.670Z","31.987381","4",NULL
"1335","2018-05-15T17:59:30.769Z","31.465704","1",NULL
"1336","2018-05-15T17:59:30.479Z","31.322378","2",NULL
"1337","2018-05-15T17:58:54.065Z","31.163591","3",NULL
"1338","2018-05-15T17:58:53.857Z","33.609987","4",NULL
"1339","2018-05-15T17:59:30.968Z","31.217306","1",NULL
"1340","2018-05-15T17:59:30.781Z","31.076371","2",NULL
"1341","2018-05-15T17:58:54.074Z","31.162367","3",NULL
"1342","2018-05-15T17:58:53.928Z","33.547094","4",NULL
"1343","2018-05-15T17:59:31.476Z","30.712561","1",NULL
"1344","2018-05-15T17:59:30.980Z","30.827973","2",NULL
"1345","2018-05-15T17:58:54.071Z","33.365591","4",NULL
"1346","2018-05-15T17:58:54.411Z","32.428166","3",NULL
"1347","2018-05-15T17:59:31.483Z","30.323228","2",NULL
"1348","2018-05-15T17:59:32.507Z","29.733472","1",NULL
"1349","2018-05-15T17:58:54.443Z","32.391429","3",NULL
"1350","2018-05-15T17:58:54.118Z","33.364367","4",NULL
"1351","2018-05-15T17:59:32.815Z","29.437548","1",NULL
"1352","2018-05-15T17:59:32.534Z","29.344139","2",NULL
"1353","2018-05-15T17:58:54.561Z","32.205318","3",NULL
"1354","2018-05-15T17:58:54.440Z","33.046833","4",NULL
"1355","2018-05-15T17:59:33.092Z","29.141583","1",NULL
"1356","2018-05-15T17:59:32.849Z","29.048215","2",NULL
"1357","2018-05-15T17:58:54.877Z","31.943543","3",NULL
"1358","2018-05-15T17:58:54.493Z","33.010096","4",NULL
"1359","2018-05-15T17:59:33.539Z","28.761486","1",NULL
"1360","2018-05-15T17:59:33.111Z","30.714916","2",NULL
"1361","2018-05-15T17:58:54.892Z","32.56221","4",NULL
"1362","2018-05-15T17:58:54.925Z","31.850313","3",NULL
"1363","2018-05-15T17:59:33.607Z","28.686925","1",NULL
"1364","2018-05-15T17:59:33.296Z","30.460001","2",NULL
"1365","2018-05-15T17:58:55.140Z","31.612651","3",NULL
"1366","2018-05-15T17:58:54.954Z","32.46898","4",NULL
"1367","2018-05-15T17:58:55.444Z","31.361897","3",NULL
"1368","2018-05-15T17:59:33.572Z","30.334819","2",NULL
"1369","2018-05-15T17:59:33.775Z","29.118752","1",NULL
"1370","2018-05-15T17:58:55.144Z","32.231318","4",NULL
"1371","2018-05-15T17:59:33.635Z","30.260258","2",NULL
"1372","2018-05-15T17:58:55.901Z","30.863236","3",NULL
"1373","2018-05-15T17:59:33.845Z","29.074899","1",NULL
"1374","2018-05-15T17:58:55.457Z","31.980564","4",NULL
"1375","2018-05-15T17:59:33.987Z","29.822975","1",NULL
"1376","2018-05-15T17:58:56.213Z","30.539892","3",NULL
"1377","2018-05-15T17:59:33.810Z","30.025418","2",NULL
"1378","2018-05-15T17:58:55.904Z","31.481903","4",NULL
"1379","2018-05-15T17:59:33.887Z","29.981565","2",NULL
"1380","2018-05-15T17:58:56.476Z","32.275553","3",NULL
"1381","2018-05-15T17:59:34.149Z","30.060695","1",NULL
"1382","2018-05-15T17:58:56.216Z","31.158559","4",NULL
"1383","2018-05-15T17:59:34.223Z","30.03379","1",NULL
"1384","2018-05-15T17:58:56.595Z","32.162255","3",NULL
"1385","2018-05-15T17:59:34.035Z","29.771308","2",NULL
"1386","2018-05-15T17:58:56.418Z","32.914602","4",NULL
"1387","2018-05-15T17:59:34.151Z","29.634028","2",NULL
"1388","2018-05-15T17:58:56.654Z","32.110828","3",NULL
"1389","2018-05-15T17:59:34.978Z","29.4111","1",NULL
"1390","2018-05-15T17:58:56.598Z","32.743588","4",NULL
"1391","2018-05-15T17:59:35.006Z","28.984433","2",NULL
"1392","2018-05-15T17:59:35.087Z","29.356094","1",NULL
"1393","2018-05-15T17:58:57.151Z","31.611242","3",NULL
"1394","2018-05-15T17:58:56.664Z","32.692161","4",NULL
"1395","2018-05-15T17:59:35.090Z","28.929427","2",NULL
"1396","2018-05-15T17:59:35.263Z","28.992431","1",NULL
"1397","2018-05-15T17:58:57.652Z","31.113648","3",NULL
"1398","2018-05-15T17:59:35.611Z","28.726348","1",NULL
"1399","2018-05-15T17:58:57.154Z","32.192575","4",NULL
"1400","2018-05-15T17:59:35.275Z","28.565764","2",NULL
"1401","2018-05-15T17:58:57.896Z","30.863288","3",NULL
"1402","2018-05-15T17:58:57.672Z","31.694981","4",NULL
"1403","2018-05-15T17:59:35.517Z","30.262348","2",NULL
"1404","2018-05-15T17:59:35.644Z","28.726348","1",NULL
"1405","2018-05-15T17:58:58.048Z","30.717658","3",NULL
"1406","2018-05-15T17:58:57.898Z","31.444621","4",NULL
"1407","2018-05-15T17:59:35.661Z","28.726348","1",NULL
"1408","2018-05-15T17:59:35.640Z","30.262348","2",NULL
"1409","2018-05-15T17:58:58.434Z","30.717658","3",NULL
"1410","2018-05-15T17:58:58.050Z","31.298991","4",NULL
"1411","2018-05-15T17:59:35.806Z","28.726348","1",NULL
"1412","2018-05-15T17:59:35.651Z","30.262348","2",NULL
"1413","2018-05-15T17:58:58.954Z","30.592276","3",NULL
"1414","2018-05-15T17:58:58.439Z","31.298991","4",NULL
"1415","2018-05-15T17:59:35.882Z","30.726348","1",NULL
"1416","2018-05-15T17:59:35.668Z","30.262348","2",NULL
"1417","2018-05-15T17:58:59.059Z","32.457347","3",NULL
"1418","2018-05-15T17:58:58.957Z","31.173609","4",NULL
"1419","2018-05-15T17:59:36.034Z","30.726348","1",NULL
"1420","2018-05-15T17:59:35.814Z","30.262348","2",NULL
"1421","2018-05-15T17:58:59.108Z","32.439708","3",NULL
"1422","2018-05-15T17:59:36.135Z","30.726072","1",NULL
"1423","2018-05-15T17:59:36.036Z","30.262348","2",NULL
"1424","2018-05-15T17:58:59.025Z","33.039357","4",NULL
"1425","2018-05-15T17:58:59.164Z","32.360072","3",NULL
"1426","2018-05-15T17:59:36.467Z","30.489762","1",NULL
"1427","2018-05-15T17:59:36.139Z","30.262072","2",NULL
"1428","2018-05-15T17:58:59.069Z","33.001347","4",NULL
"1429","2018-05-15T17:58:59.667Z","31.869127","3",NULL
"1430","2018-05-15T17:58:59.167Z","32.904072","4",NULL
"1431","2018-05-15T17:59:36.967Z","29.988666","1",NULL
"1432","2018-05-15T17:59:36.470Z","30.025762","2",NULL
"1433","2018-05-15T17:59:00.142Z","31.376811","3",NULL
"1434","2018-05-15T17:59:37.264Z","29.710678","1",NULL
"1435","2018-05-15T17:59:36.969Z","29.524666","2",NULL
"1436","2018-05-15T17:58:59.710Z","32.413127","4",NULL
"1437","2018-05-15T17:59:00.391Z","31.126613","3",NULL
"1438","2018-05-15T17:59:37.222Z","31.233447","2",NULL
"1439","2018-05-15T17:59:37.477Z","29.477328","1",NULL
"1440","2018-05-15T17:59:00.144Z","31.920811","4",NULL
"1441","2018-05-15T17:59:00.891Z","30.628829","3",NULL
"1442","2018-05-15T17:59:38.085Z","29.084445","1",NULL
"1443","2018-05-15T17:59:37.275Z","31.209345","2",NULL
"1444","2018-05-15T17:59:00.393Z","31.670613","4",NULL
"1445","2018-05-15T17:59:01.273Z","30.247104","3",NULL
"1446","2018-05-15T17:59:00.961Z","31.172829","4",NULL
"1447","2018-05-15T17:59:38.205Z","29.033409","1",NULL
"1448","2018-05-15T17:59:37.503Z","30.975995","2",NULL
"1449","2018-05-15T17:59:01.735Z","29.837046","3",NULL
"1450","2018-05-15T17:59:38.095Z","30.458112","2",NULL
"1451","2018-05-15T17:59:38.547Z","29.629193","1",NULL
"1452","2018-05-15T17:59:01.276Z","30.791104","4",NULL
"1453","2018-05-15T17:59:01.875Z","29.941984","3",NULL
"1454","2018-05-15T17:59:38.275Z","30.407076","2",NULL
"1455","2018-05-15T17:59:38.574Z","29.560817","1",NULL
"1456","2018-05-15T17:59:01.585Z","32.439597","4",NULL
"1457","2018-05-15T17:59:01.930Z","30.385339","3",NULL
"1458","2018-05-15T17:59:38.551Z","32.048859","2",NULL
"1459","2018-05-15T17:59:39.004Z","29.700337","1",NULL
"1460","2018-05-15T17:59:01.739Z","32.343713","4",NULL
"1461","2018-05-15T17:59:02.028Z","31.488359","3",NULL
"1462","2018-05-15T17:59:38.594Z","31.980483","2",NULL
"1463","2018-05-15T17:59:39.048Z","29.584072","1",NULL
"1464","2018-05-15T17:59:01.888Z","32.240318","4",NULL
"1465","2018-05-15T17:59:02.142Z","31.379117","3",NULL
"1466","2018-05-15T17:59:38.616Z","31.865651","2",NULL
"1467","2018-05-15T17:59:39.337Z","29.8502","1",NULL
"1468","2018-05-15T17:59:01.954Z","32.100339","4",NULL
"1469","2018-05-15T17:59:02.229Z","31.292722","3",NULL
"1470","2018-05-15T17:59:02.154Z","31.885784","4",NULL
"1471","2018-05-15T17:59:39.355Z","29.736325","1",NULL
"1472","2018-05-15T17:59:39.033Z","31.66167","2",NULL
"1473","2018-05-15T17:59:02.675Z","30.874087","3",NULL
"1474","2018-05-15T17:59:02.233Z","31.799389","4",NULL
"1475","2018-05-15T17:59:39.080Z","31.545405","2",NULL
"1476","2018-05-15T17:59:39.383Z","29.611306","1",NULL
"1477","2018-05-15T17:59:03.153Z","30.378271","3",NULL
"1478","2018-05-15T17:59:02.691Z","31.380754","4",NULL
"1479","2018-05-15T17:59:40.186Z","28.956343","1",NULL
"1480","2018-05-15T17:59:39.352Z","31.311533","2",NULL
"1481","2018-05-15T17:59:03.315Z","30.251873","3",NULL
"1482","2018-05-15T17:59:40.292Z","28.924485","1",NULL
"1483","2018-05-15T17:59:39.379Z","31.197658","2",NULL
"1484","2018-05-15T17:59:03.184Z","30.884938","4",NULL
"1485","2018-05-15T17:59:03.928Z","30.251873","3",NULL
"1486","2018-05-15T17:59:40.211Z","30.417676","2",NULL
"1487","2018-05-15T17:59:40.850Z","28.66548","1",NULL
"1488","2018-05-15T17:59:03.339Z","30.75854","4",NULL
"1489","2018-05-15T17:59:04.208Z","32.073997","3",NULL
"1490","2018-05-15T17:59:03.950Z","30.75854","4",NULL
"1491","2018-05-15T17:59:40.350Z","30.385818","2",NULL
"1492","2018-05-15T17:59:40.854Z","28.580043","1",NULL
"1493","2018-05-15T17:59:04.336Z","31.944795","3",NULL
"1494","2018-05-15T17:59:40.852Z","29.876813","2",NULL
"1495","2018-05-15T17:59:04.339Z","30.451462","4",NULL
"1496","2018-05-15T17:59:04.508Z","31.780122","3",NULL
"1497","2018-05-15T17:59:40.975Z","28.7379","1",NULL
"1498","2018-05-15T17:59:40.855Z","29.791376","2",NULL
"1499","2018-05-15T17:59:04.510Z","30.286789","4",NULL
"1500","2018-05-15T17:59:04.677Z","33.676299","3",NULL
"1501","2018-05-15T17:59:40.982Z","28.733133","1",NULL
"1502","2018-05-15T17:59:40.980Z","31.4119","2",NULL
"1503","2018-05-15T17:59:40.991Z","29.456172","1",NULL
"1504","2018-05-15T17:59:04.717Z","30.103057","4",NULL
"1505","2018-05-15T17:59:04.683Z","33.59639","3",NULL
"1506","2018-05-15T17:59:40.984Z","31.407133","2",NULL
"1507","2018-05-15T17:59:04.893Z","29.899776","4",NULL
"1508","2018-05-15T17:59:04.891Z","33.393109","3",NULL
"1509","2018-05-15T17:59:41.074Z","29.869621","1",NULL
"1510","2018-05-15T17:59:40.998Z","31.380172","2",NULL
"1511","2018-05-15T17:59:41.370Z","30.511792","1",NULL
"1512","2018-05-15T17:59:05.391Z","32.909541","3",NULL
"1513","2018-05-15T17:59:05.393Z","29.416208","4",NULL
"1514","2018-05-15T17:59:41.000Z","31.37897","2",NULL
"1515","2018-05-15T17:59:41.646Z","30.791916","1",NULL
"1516","2018-05-15T17:59:05.665Z","29.16945","4",NULL
"1517","2018-05-15T17:59:05.654Z","32.662783","3",NULL
"1518","2018-05-15T17:59:41.412Z","31.102459","2",NULL
"1519","2018-05-15T17:59:05.969Z","28.929774","4",NULL
"1520","2018-05-15T17:59:05.948Z","32.423107","3",NULL
"1521","2018-05-15T17:59:41.726Z","30.697458","1",NULL
"1522","2018-05-15T17:59:41.722Z","30.840916","2",NULL
"1523","2018-05-15T17:59:42.445Z","30.620221","1",NULL
"1524","2018-05-15T17:59:06.635Z","31.742332","3",NULL
"1525","2018-05-15T17:59:06.703Z","28.248999","4",NULL
"1526","2018-05-15T17:59:41.810Z","30.746458","2",NULL
"1527","2018-05-15T17:59:07.040Z","31.339312","3",NULL
"1528","2018-05-15T17:59:06.927Z","29.880057","4",NULL
"1529","2018-05-15T17:59:42.551Z","30.579801","1",NULL
"1530","2018-05-15T17:59:42.538Z","30.044221","2",NULL
"1531","2018-05-15T17:59:07.045Z","29.808645","4",NULL
"1532","2018-05-15T17:59:42.607Z","30.485914","1",NULL
"1533","2018-05-15T17:59:07.078Z","31.324452","3",NULL
"1534","2018-05-15T17:59:42.570Z","30.003801","2",NULL
"1535","2018-05-15T17:59:42.858Z","30.317641","1",NULL
"1536","2018-05-15T17:59:07.106Z","29.793785","4",NULL
"1537","2018-05-15T17:59:07.247Z","31.680624","3",NULL
"1538","2018-05-15T17:59:42.861Z","29.741641","2",NULL
"1539","2018-05-15T17:59:42.898Z","30.317641","1",NULL
"1540","2018-05-15T17:59:07.263Z","29.60829","4",NULL
"1541","2018-05-15T17:59:07.375Z","31.679523","3",NULL
"1542","2018-05-15T17:59:42.900Z","29.741641","2",NULL
"1543","2018-05-15T17:59:43.216Z","30.317641","1",NULL
"1544","2018-05-15T17:59:07.415Z","29.607189","4",NULL
"1545","2018-05-15T17:59:07.578Z","31.90023","3",NULL
"1546","2018-05-15T17:59:43.222Z","29.741641","2",NULL
"1547","2018-05-15T17:59:43.456Z","30.317641","1",NULL
"1548","2018-05-15T17:59:07.659Z","31.841797","3",NULL
"1549","2018-05-15T17:59:07.628Z","29.28623","4",NULL
"1550","2018-05-15T17:59:43.382Z","31.704308","2",NULL
"1551","2018-05-15T17:59:07.674Z","29.227797","4",NULL
"1552","2018-05-15T17:59:07.796Z","32.550741","3",NULL
"1553","2018-05-15T17:59:43.496Z","30.567641","1",NULL
"1554","2018-05-15T17:59:43.458Z","31.704308","2",NULL
"1555","2018-05-15T17:59:07.863Z","28.999768","4",NULL
"1556","2018-05-15T17:59:07.830Z","32.530435","3",NULL
"1557","2018-05-15T17:59:43.910Z","31.984308","1",NULL
"1558","2018-05-15T17:59:43.503Z","31.704308","2",NULL
"1559","2018-05-15T17:59:07.911Z","32.438373","3",NULL
"1560","2018-05-15T17:59:44.240Z","32.317641","1",NULL
"1561","2018-05-15T17:59:07.919Z","28.907706","4",NULL
"1562","2018-05-15T17:59:43.918Z","31.704308","2",NULL
"1563","2018-05-15T17:59:08.400Z","28.426104","4",NULL
"1564","2018-05-15T17:59:08.390Z","31.956771","3",NULL
"1565","2018-05-15T17:59:44.947Z","31.865102","1",NULL
"1566","2018-05-15T17:59:44.971Z","31.251769","2",NULL
"1567","2018-05-15T17:59:09.036Z","27.790241","4",NULL
"1568","2018-05-15T17:59:09.034Z","31.320908","3",NULL
"1569","2018-05-15T17:59:44.995Z","31.860887","1",NULL
"1570","2018-05-15T17:59:45.013Z","31.247554","2",NULL
"1571","2018-05-15T17:59:09.055Z","27.770699","4",NULL
"1572","2018-05-15T17:59:09.053Z","31.301366","3",NULL
"1573","2018-05-15T17:59:45.207Z","31.975874","1",NULL
"1574","2018-05-15T17:59:45.267Z","31.029208","2",NULL
"1575","2018-05-15T17:59:09.650Z","31.301366","3",NULL
"1576","2018-05-15T17:59:45.294Z","31.974727","1",NULL
"1577","2018-05-15T17:59:09.677Z","27.770699","4",NULL
"1578","2018-05-15T17:59:45.310Z","31.028061","2",NULL
"1579","2018-05-15T17:59:09.929Z","32.259699","3",NULL
"1580","2018-05-15T17:59:45.629Z","32.283102","1",NULL
"1581","2018-05-15T17:59:09.836Z","29.733366","4",NULL
"1582","2018-05-15T17:59:45.655Z","30.586436","2",NULL
"1583","2018-05-15T17:59:09.948Z","29.733366","4",NULL
"1584","2018-05-15T17:59:10.117Z","33.301366","3",NULL
"1585","2018-05-15T17:59:45.666Z","32.258017","1",NULL
"1586","2018-05-15T17:59:45.671Z","30.561351","2",NULL
"1587","2018-05-15T17:59:45.886Z","32.234205","1",NULL
"1588","2018-05-15T17:59:10.124Z","31.696033","4",NULL
"1589","2018-05-15T17:59:10.329Z","33.301366","3",NULL
"1590","2018-05-15T17:59:45.932Z","30.287539","2",NULL
"1591","2018-05-15T17:59:45.935Z","32.185805","1",NULL
"1592","2018-05-15T17:59:10.621Z","33.301366","3",NULL
"1593","2018-05-15T17:59:10.367Z","31.696033","4",NULL
"1594","2018-05-15T17:59:45.946Z","30.239139","2",NULL
"1595","2018-05-15T17:59:46.118Z","32.436582","1",NULL
"1596","2018-05-15T17:59:11.169Z","33.207331","3",NULL
"1597","2018-05-15T17:59:10.430Z","33.658699","4",NULL
"1598","2018-05-15T17:59:45.953Z","32.163236","2",NULL
"1599","2018-05-15T17:59:46.221Z","32.412274","1",NULL
"1600","2018-05-15T17:59:11.713Z","32.681001","3",NULL
"1601","2018-05-15T17:59:10.622Z","33.658699","4",NULL
"1602","2018-05-15T17:59:46.174Z","32.035915","2",NULL
"1603","2018-05-15T17:59:46.422Z","32.288333","1",NULL
"1604","2018-05-15T17:59:11.183Z","33.564664","4",NULL
"1605","2018-05-15T17:59:12.144Z","32.236189","3",NULL
"1606","2018-05-15T17:59:46.263Z","32.011607","2",NULL
"1607","2018-05-15T17:59:46.532Z","32.230847","1",NULL
"1608","2018-05-15T17:59:12.640Z","31.737","3",NULL
"1609","2018-05-15T17:59:11.729Z","33.038334","4",NULL
"1610","2018-05-15T17:59:46.623Z","31.58018","2",NULL
"1611","2018-05-15T17:59:12.153Z","32.593522","4",NULL
"1612","2018-05-15T17:59:46.641Z","32.226662","1",NULL
"1613","2018-05-15T17:59:46.649Z","31.575995","2",NULL
"1614","2018-05-15T17:59:12.892Z","31.487031","3",NULL
"1615","2018-05-15T17:59:12.642Z","32.094333","4",NULL
"1616","2018-05-15T17:59:46.871Z","31.255756","2",NULL
"1617","2018-05-15T17:59:13.147Z","31.231122","3",NULL
"1618","2018-05-15T17:59:46.866Z","32.19809","1",NULL
"1619","2018-05-15T17:59:12.893Z","31.844364","4",NULL
"1620","2018-05-15T17:59:46.878Z","31.229225","2",NULL
"1621","2018-05-15T17:59:13.834Z","30.540109","3",NULL
"1622","2018-05-15T17:59:46.874Z","32.171559","1",NULL
"1623","2018-05-15T17:59:13.148Z","31.588455","4",NULL
"1624","2018-05-15T17:59:47.255Z","32.799201","1",NULL
"1625","2018-05-15T17:59:47.303Z","30.940201","2",NULL
"1626","2018-05-15T17:59:13.986Z","32.388224","3",NULL
"1627","2018-05-15T17:59:13.836Z","30.897442","4",NULL
"1628","2018-05-15T17:59:47.330Z","32.797827","1",NULL
"1629","2018-05-15T17:59:47.361Z","30.938827","2",NULL
"1630","2018-05-15T17:59:14.102Z","32.276511","3",NULL
"1631","2018-05-15T17:59:13.944Z","32.745811","4",NULL
"1632","2018-05-15T17:59:48.031Z","32.934408","1",NULL
"1633","2018-05-15T17:59:48.048Z","30.283741","2",NULL
"1634","2018-05-15T17:59:14.128Z","32.596511","4",NULL
"1635","2018-05-15T17:59:14.206Z","32.204305","3",NULL
"1636","2018-05-15T17:59:48.052Z","32.882372","1",NULL
"1637","2018-05-15T17:59:48.094Z","30.231705","2",NULL
"1638","2018-05-15T17:59:14.652Z","31.730108","3",NULL
"1639","2018-05-15T17:59:14.244Z","32.524305","4",NULL
"1640","2018-05-15T17:59:48.159Z","32.073276","2",NULL
"1641","2018-05-15T17:59:48.120Z","32.761276","1",NULL
"1642","2018-05-15T17:59:14.661Z","32.050108","4",NULL
"1643","2018-05-15T17:59:15.145Z","31.239241","3",NULL
"1644","2018-05-15T17:59:48.227Z","32.678993","1",NULL
"1645","2018-05-15T17:59:48.270Z","31.990993","2",NULL
"1646","2018-05-15T17:59:15.390Z","30.989098","3",NULL
"1647","2018-05-15T17:59:15.152Z","31.559241","4",NULL
"1648","2018-05-15T17:59:48.571Z","32.172346","1",NULL
"1649","2018-05-15T17:59:48.606Z","31.484346","2",NULL
"1650","2018-05-15T17:59:15.668Z","30.7348","3",NULL
"1651","2018-05-15T17:59:15.392Z","31.309098","4",NULL
"1652","2018-05-15T17:59:48.668Z","32.158765","1",NULL
"1653","2018-05-15T17:59:48.692Z","31.470765","2",NULL
"1654","2018-05-15T17:59:15.670Z","31.0548","4",NULL
"1655","2018-05-15T17:59:16.283Z","30.108612","3",NULL
"1656","2018-05-15T17:59:48.859Z","32.38998","1",NULL
"1657","2018-05-15T17:59:48.891Z","31.20198","2",NULL
"1658","2018-05-15T17:59:16.639Z","29.739393","3",NULL
"1659","2018-05-15T17:59:16.290Z","30.428612","4",NULL
"1660","2018-05-15T17:59:16.893Z","29.489325","3",NULL
"1661","2018-05-15T17:59:48.951Z","31.20092","2",NULL
"1662","2018-05-15T17:59:48.893Z","32.38892","1",NULL
"1663","2018-05-15T17:59:16.641Z","30.059393","4",NULL
"1664","2018-05-15T17:59:17.386Z","29.112555","3",NULL
"1665","2018-05-15T17:59:17.644Z","28.77865","3",NULL
"1666","2018-05-15T17:59:49.143Z","30.968709","2",NULL
"1667","2018-05-15T17:59:49.132Z","32.990042","1",NULL
"1668","2018-05-15T17:59:16.895Z","29.809325","4",NULL
"1669","2018-05-15T17:59:17.728Z","28.647104","3",NULL
"1670","2018-05-15T17:59:49.481Z","30.748158","2",NULL
"1671","2018-05-15T17:59:49.268Z","33.460132","1",NULL
"1672","2018-05-15T17:59:17.388Z","29.432555","4",NULL
"1673","2018-05-15T17:59:17.900Z","28.477831","3",NULL
"1674","2018-05-15T17:59:50.177Z","30.010412","2",NULL
"1675","2018-05-15T17:59:49.455Z","33.436158","1",NULL
"1676","2018-05-15T17:59:17.566Z","31.107398","4",NULL
"1677","2018-05-15T17:59:18.349Z","28.077944","3",NULL
"1678","2018-05-15T17:59:50.180Z","30.010412","2",NULL
"1679","2018-05-15T17:59:17.669Z","31.061317","4",NULL
"1680","2018-05-15T17:59:50.167Z","32.698412","1",NULL
"1681","2018-05-15T17:59:18.398Z","28.068847","3",NULL
"1682","2018-05-15T17:59:17.741Z","30.929771","4",NULL
"1683","2018-05-15T17:59:50.179Z","32.698412","1",NULL
"1684","2018-05-15T17:59:50.231Z","30.010412","2",NULL
"1685","2018-05-15T17:59:18.518Z","29.897808","3",NULL
"1686","2018-05-15T17:59:17.901Z","30.760498","4",NULL
"1687","2018-05-15T17:59:51.514Z","29.906339","2",NULL
"1688","2018-05-15T17:59:50.229Z","32.698412","1",NULL
"1689","2018-05-15T17:59:18.379Z","30.360611","4",NULL
"1690","2018-05-15T17:59:19.191Z","29.235132","3",NULL
"1691","2018-05-15T17:59:52.561Z","28.878814","2",NULL
"1692","2018-05-15T17:59:51.490Z","32.594339","1",NULL
"1693","2018-05-15T17:59:19.239Z","29.209871","3",NULL
"1694","2018-05-15T17:59:18.432Z","30.351514","4",NULL
"1695","2018-05-15T17:59:52.854Z","30.545933","2",NULL
"1696","2018-05-15T17:59:52.551Z","31.566814","1",NULL
"1697","2018-05-15T17:59:19.491Z","28.957331","3",NULL
"1698","2018-05-15T17:59:19.235Z","29.517799","4",NULL
"1699","2018-05-15T17:59:52.866Z","30.485251","2",NULL
"1700","2018-05-15T17:59:52.850Z","31.271266","1",NULL
"1701","2018-05-15T17:59:53.008Z","30.37269","2",NULL
"1702","2018-05-15T17:59:19.259Z","29.492538","4",NULL
"1703","2018-05-15T17:59:19.535Z","28.891473","3",NULL
"1704","2018-05-15T17:59:52.987Z","31.098023","1",NULL
"1705","2018-05-15T17:59:19.758Z","28.667786","3",NULL
"1706","2018-05-15T17:59:53.133Z","30.269117","2",NULL
"1707","2018-05-15T17:59:19.520Z","31.202664","4",NULL
"1708","2018-05-15T17:59:53.114Z","31.452783","1",NULL
"1709","2018-05-15T17:59:19.872Z","28.589047","3",NULL
"1710","2018-05-15T17:59:53.433Z","29.972785","2",NULL
"1711","2018-05-15T17:59:19.544Z","31.136806","4",NULL
"1712","2018-05-15T17:59:53.417Z","32.698118","1",NULL
"1713","2018-05-15T17:59:20.091Z","29.118953","3",NULL
"1714","2018-05-15T17:59:53.554Z","29.929682","2",NULL
"1715","2018-05-15T17:59:19.566Z","31.131804","4",NULL
"1716","2018-05-15T17:59:53.531Z","32.655015","1",NULL
"1717","2018-05-15T17:59:20.869Z","29.172116","3",NULL
"1718","2018-05-15T17:59:19.761Z","30.913119","4",NULL
"1719","2018-05-15T17:59:53.881Z","29.473617","2",NULL
"1720","2018-05-15T17:59:53.836Z","32.222458","1",NULL
"1721","2018-05-15T17:59:20.916Z","29.155814","3",NULL
"1722","2018-05-15T17:59:53.930Z","29.455818","2",NULL
"1723","2018-05-15T17:59:19.922Z","30.792713","4",NULL
"1724","2018-05-15T17:59:53.879Z","32.19895","1",NULL
"1725","2018-05-15T17:59:21.239Z","29.357595","3",NULL
"1726","2018-05-15T17:59:54.377Z","29.124039","2",NULL
"1727","2018-05-15T17:59:20.129Z","30.572619","4",NULL
"1728","2018-05-15T17:59:53.922Z","32.181151","1",NULL
"1729","2018-05-15T17:59:21.261Z","29.357595","3",NULL
"1730","2018-05-15T17:59:20.913Z","30.000782","4",NULL
"1731","2018-05-15T17:59:55.394Z","28.055153","2",NULL
"1732","2018-05-15T17:59:54.306Z","31.849372","1",NULL
"1733","2018-05-15T17:59:21.300Z","29.357595","3",NULL
"1734","2018-05-15T17:59:55.364Z","30.780486","1",NULL
"1735","2018-05-15T17:59:55.772Z","29.582855","2",NULL
"1736","2018-05-15T17:59:20.919Z","29.98448","4",NULL
"1737","2018-05-15T17:59:21.413Z","29.357595","3",NULL
"1738","2018-05-15T17:59:20.920Z","31.713067","4",NULL
"1739","2018-05-15T17:59:55.803Z","29.542943","2",NULL
"1740","2018-05-15T17:59:55.765Z","30.345522","1",NULL
"1741","2018-05-15T17:59:21.424Z","29.357595","3",NULL
"1742","2018-05-15T17:59:21.258Z","31.565595","4",NULL
"1743","2018-05-15T17:59:56.012Z","30.170521","1",NULL
"1744","2018-05-15T17:59:56.033Z","29.407854","2",NULL
"1745","2018-05-15T17:59:22.121Z","28.879988","3",NULL
"1746","2018-05-15T17:59:56.070Z","29.407854","2",NULL
"1747","2018-05-15T17:59:21.297Z","31.565595","4",NULL
"1748","2018-05-15T17:59:56.060Z","30.170521","1",NULL
"1749","2018-05-15T17:59:22.189Z","29.647659","3",NULL
"1750","2018-05-15T17:59:56.079Z","30.170521","1",NULL
"1751","2018-05-15T17:59:56.108Z","29.407854","2",NULL
"1752","2018-05-15T17:59:21.418Z","31.565595","4",NULL
"1753","2018-05-15T17:59:22.356Z","30.472952","3",NULL
"1754","2018-05-15T17:59:56.309Z","29.407854","2",NULL
"1755","2018-05-15T17:59:21.425Z","31.565595","4",NULL
"1756","2018-05-15T17:59:56.294Z","30.670521","1",NULL
"1757","2018-05-15T17:59:22.390Z","30.435909","3",NULL
"1758","2018-05-15T17:59:56.391Z","32.170521","1",NULL
"1759","2018-05-15T17:59:56.408Z","29.407854","2",NULL
"1760","2018-05-15T17:59:22.125Z","31.004655","4",NULL
"1761","2018-05-15T17:59:23.037Z","29.954949","3",NULL
"1762","2018-05-15T17:59:56.460Z","32.170521","1",NULL
"1763","2018-05-15T17:59:22.192Z","30.813992","4",NULL
"1764","2018-05-15T17:59:57.838Z","31.370521","2",NULL
"1765","2018-05-15T17:59:23.069Z","29.85996","3",NULL
"1766","2018-05-15T17:59:57.817Z","32.170521","1",NULL
"1767","2018-05-15T17:59:57.865Z","31.370521","2",NULL
"1768","2018-05-15T17:59:22.215Z","32.748605","4",NULL
"1769","2018-05-15T17:59:23.565Z","30.558555","3",NULL
"1770","2018-05-15T17:59:58.241Z","31.91781","1",NULL
"1771","2018-05-15T17:59:58.329Z","31.11781","2",NULL
"1772","2018-05-15T17:59:22.371Z","32.643619","4",NULL
"1773","2018-05-15T17:59:23.677Z","30.553603","3",NULL
"1774","2018-05-15T17:59:58.514Z","33.645378","1",NULL
"1775","2018-05-15T17:59:58.525Z","30.845378","2",NULL
"1776","2018-05-15T17:59:23.057Z","32.125616","4",NULL
"1777","2018-05-15T17:59:24.482Z","30.223346","3",NULL
"1778","2018-05-15T17:59:58.578Z","33.644251","1",NULL
"1779","2018-05-15T17:59:58.582Z","30.844251","2",NULL
"1780","2018-05-15T17:59:23.082Z","32.030627","4",NULL
"1781","2018-05-15T17:59:24.505Z","30.22235","3",NULL
"1782","2018-05-15T17:59:58.789Z","30.570029","2",NULL
"1783","2018-05-15T17:59:23.603Z","31.479222","4",NULL
"1784","2018-05-15T17:59:58.600Z","33.523397","1",NULL
"1785","2018-05-15T17:59:24.515Z","30.30604","3",NULL
"1786","2018-05-15T17:59:58.761Z","33.370029","1",NULL
"1787","2018-05-15T17:59:58.876Z","30.520293","2",NULL
"1788","2018-05-15T17:59:23.680Z","31.47427","4",NULL
"1789","2018-05-15T17:59:24.725Z","30.209958","3",NULL
"1790","2018-05-15T17:59:24.485Z","30.56068","4",NULL
"1791","2018-05-15T17:59:59.264Z","30.111022","2",NULL
"1792","2018-05-15T17:59:58.811Z","33.320293","1",NULL
"1793","2018-05-15T17:59:24.776Z","30.208642","3",NULL
"1794","2018-05-15T17:59:59.216Z","32.911022","1",NULL
"1795","2018-05-15T18:00:00.109Z","29.313532","2",NULL
"1796","2018-05-15T17:59:24.513Z","30.559684","4",NULL
"1797","2018-05-15T17:59:24.902Z","29.901684","3",NULL
"1798","2018-05-15T18:00:00.375Z","30.954259","2",NULL
"1799","2018-05-15T18:00:00.091Z","32.113532","1",NULL
"1800","2018-05-15T17:59:24.753Z","30.380625","4",NULL
"1801","2018-05-15T17:59:24.908Z","29.900569","3",NULL
"1802","2018-05-15T17:59:24.779Z","30.379309","4",NULL
"1803","2018-05-15T18:00:00.828Z","30.835179","2",NULL
"1804","2018-05-15T18:00:00.819Z","31.672512","1",NULL
"1805","2018-05-15T17:59:24.948Z","31.845969","3",NULL
"1806","2018-05-15T18:00:00.836Z","31.633167","1",NULL
"1807","2018-05-15T18:00:00.838Z","30.795834","2",NULL
"1808","2018-05-15T17:59:24.808Z","32.115057","4",NULL
"1809","2018-05-15T17:59:25.056Z","31.736179","3",NULL
"1810","2018-05-15T18:00:00.893Z","32.364099","2",NULL
"1811","2018-05-15T17:59:24.906Z","32.035017","4",NULL
"1812","2018-05-15T18:00:00.891Z","31.238766","1",NULL
"1813","2018-05-15T17:59:25.250Z","32.747581","3",NULL
"1814","2018-05-15T18:00:00.909Z","31.214363","1",NULL
"1815","2018-05-15T17:59:24.910Z","32.033902","4",NULL
"1816","2018-05-15T18:00:00.916Z","32.339696","2",NULL
"1817","2018-05-15T17:59:25.417Z","33.382461","3",NULL
"1818","2018-05-15T18:00:01.216Z","30.910273","1",NULL
"1819","2018-05-15T18:00:00.918Z","32.338297","2",NULL
"1820","2018-05-15T17:59:24.964Z","31.979302","4",NULL
"1821","2018-05-15T17:59:25.498Z","33.32344","3",NULL
"1822","2018-05-15T18:00:01.716Z","30.412226","1",NULL
"1823","2018-05-15T18:00:01.218Z","32.035606","2",NULL
"1824","2018-05-15T17:59:25.253Z","31.714247","4",NULL
"1825","2018-05-15T17:59:25.793Z","34.817355","3",NULL
"1826","2018-05-15T18:00:02.441Z","29.809137","1",NULL
"1827","2018-05-15T17:59:25.508Z","31.456773","4",NULL
"1828","2018-05-15T18:00:01.749Z","31.537559","2",NULL
"1829","2018-05-15T17:59:25.843Z","34.774782","3",NULL
"1830","2018-05-15T18:00:02.673Z","29.470577","1",NULL
"1831","2018-05-15T17:59:25.838Z","31.200688","4",NULL
"1832","2018-05-15T18:00:02.488Z","30.93447","2",NULL
"1833","2018-05-15T17:59:25.920Z","34.879916","3",NULL
"1834","2018-05-15T18:00:03.804Z","28.503378","1",NULL
"1835","2018-05-15T18:00:02.821Z","30.59591","2",NULL
"1836","2018-05-15T17:59:25.848Z","31.158115","4",NULL
"1837","2018-05-15T17:59:26.039Z","34.773864","3",NULL
"1838","2018-05-15T18:00:04.233Z","27.975089","1",NULL
"1839","2018-05-15T17:59:26.063Z","30.907197","4",NULL
"1840","2018-05-15T18:00:03.862Z","29.628711","2",NULL
"1841","2018-05-15T17:59:26.665Z","34.129959","3",NULL
"1842","2018-05-15T18:00:04.278Z","27.896874","1",NULL
"1843","2018-05-15T18:00:04.053Z","31.142915","2",NULL
"1844","2018-05-15T17:59:26.712Z","30.263292","4",NULL
"1845","2018-05-15T17:59:27.150Z","33.656177","3",NULL
"1846","2018-05-15T18:00:05.210Z","27.625717","1",NULL
"1847","2018-05-15T18:00:04.260Z","31.063089","2",NULL
"1848","2018-05-15T17:59:27.180Z","29.78951","4",NULL
"1849","2018-05-15T18:00:05.283Z","28.211337","1",NULL
"1850","2018-05-15T17:59:27.396Z","33.402891","3",NULL
"1851","2018-05-15T17:59:27.424Z","29.536224","4",NULL
"1852","2018-05-15T18:00:04.280Z","30.984874","2",NULL
"1853","2018-05-15T18:00:05.332Z","28.211337","1",NULL
"1854","2018-05-15T17:59:27.912Z","32.906146","3",NULL
"1855","2018-05-15T18:00:05.212Z","30.255384","2",NULL
"1856","2018-05-15T17:59:27.915Z","29.039479","4",NULL
"1857","2018-05-15T17:59:28.144Z","32.654773","3",NULL
"1858","2018-05-15T18:00:05.540Z","28.878003","1",NULL
"1859","2018-05-15T18:00:05.309Z","30.13267","2",NULL
"1860","2018-05-15T17:59:28.146Z","28.788106","4",NULL
"1861","2018-05-15T18:00:05.727Z","29.04467","1",NULL
"1862","2018-05-15T17:59:28.775Z","32.020935","3",NULL
"1863","2018-05-15T18:00:05.333Z","30.13267","2",NULL
"1864","2018-05-15T17:59:28.777Z","28.154268","4",NULL
"1865","2018-05-15T18:00:06.041Z","29.04467","1",NULL
"1866","2018-05-15T17:59:29.262Z","31.578585","3",NULL
"1867","2018-05-15T17:59:29.038Z","29.849917","4",NULL
"1868","2018-05-15T18:00:05.543Z","30.13267","2",NULL
"1869","2018-05-15T17:59:29.308Z","31.545429","3",NULL
"1870","2018-05-15T18:00:06.286Z","29.04467","1",NULL
"1871","2018-05-15T17:59:29.282Z","29.674585","4",NULL
"1872","2018-05-15T18:00:05.764Z","32.095337","2",NULL
"1873","2018-05-15T17:59:29.661Z","31.486031","3",NULL
"1874","2018-05-15T18:00:06.402Z","31.04467","1",NULL
"1875","2018-05-15T17:59:29.361Z","29.641429","4",NULL
"1876","2018-05-15T18:00:06.203Z","32.095337","2",NULL
"1877","2018-05-15T17:59:29.714Z","31.486031","3",NULL
"1878","2018-05-15T18:00:06.751Z","31.04467","1",NULL
"1879","2018-05-15T18:00:06.288Z","32.095337","2",NULL
"1880","2018-05-15T17:59:29.543Z","31.544698","4",NULL
"1881","2018-05-15T18:00:07.435Z","33.04467","1",NULL
"1882","2018-05-15T17:59:30.266Z","31.484857","3",NULL
"1883","2018-05-15T18:00:06.753Z","32.095337","2",NULL
"1884","2018-05-15T17:59:29.667Z","31.544698","4",NULL
"1885","2018-05-15T18:00:07.532Z","33.04467","1",NULL
"1886","2018-05-15T17:59:30.689Z","31.177473","3",NULL
"1887","2018-05-15T17:59:29.715Z","31.544698","4",NULL
"1888","2018-05-15T18:00:07.543Z","32.095337","2",NULL
"1889","2018-05-15T18:00:10.216Z","33.031272","1",NULL
"1890","2018-05-15T17:59:31.155Z","30.661505","3",NULL
"1891","2018-05-15T17:59:30.286Z","31.543524","4",NULL
"1892","2018-05-15T18:00:10.218Z","32.081939","2",NULL
"1893","2018-05-15T18:00:10.714Z","32.524577","1",NULL
"1894","2018-05-15T17:59:31.817Z","30.244379","3",NULL
"1895","2018-05-15T18:00:10.717Z","31.575244","2",NULL
"1896","2018-05-15T17:59:30.698Z","31.23614","4",NULL
"1897","2018-05-15T18:00:10.983Z","32.25616","1",NULL
"1898","2018-05-15T17:59:32.197Z","29.696452","3",NULL
"1899","2018-05-15T18:00:10.985Z","31.306827","2",NULL
"1900","2018-05-15T17:59:31.157Z","30.720172","4",NULL
"1901","2018-05-15T17:59:32.300Z","29.695326","3",NULL
"1902","2018-05-15T18:00:11.468Z","31.764116","1",NULL
"1903","2018-05-15T18:00:11.503Z","30.814783","2",NULL
"1904","2018-05-15T17:59:31.821Z","32.265712","4",NULL
"1905","2018-05-15T18:00:11.719Z","31.512734","1",NULL
"1906","2018-05-15T17:59:32.705Z","29.343579","3",NULL
"1907","2018-05-15T18:00:11.721Z","30.563401","2",NULL
"1908","2018-05-15T17:59:31.932Z","32.060942","4",NULL
"1909","2018-05-15T17:59:32.757Z","29.307544","3",NULL
"1910","2018-05-15T18:00:12.245Z","31.019267","1",NULL
"1911","2018-05-15T17:59:32.235Z","31.717785","4",NULL
"1912","2018-05-15T18:00:12.284Z","30.069934","2",NULL
"1913","2018-05-15T17:59:32.976Z","28.911718","3",NULL
"1914","2018-05-15T18:00:12.644Z","30.73452","1",NULL
"1915","2018-05-15T18:00:12.654Z","29.785187","2",NULL
"1916","2018-05-15T17:59:32.396Z","31.716659","4",NULL
"1917","2018-05-15T18:00:12.865Z","30.407094","1",NULL
"1918","2018-05-15T17:59:33.159Z","28.999007","3",NULL
"1919","2018-05-15T18:00:12.685Z","31.599184","2",NULL
"1920","2018-05-15T17:59:32.710Z","31.364912","4",NULL
"1921","2018-05-15T18:00:13.271Z","30.133912","1",NULL
"1922","2018-05-15T17:59:33.259Z","30.097919","3",NULL
"1923","2018-05-15T18:00:12.884Z","31.420427","2",NULL
"1924","2018-05-15T17:59:32.838Z","31.328877","4",NULL
"1925","2018-05-15T18:00:13.501Z","29.850882","1",NULL
"1926","2018-05-15T18:00:13.329Z","31.147245","2",NULL
"1927","2018-05-15T17:59:33.274Z","30.083102","3",NULL
"1928","2018-05-15T17:59:33.042Z","30.933051","4",NULL
"1929","2018-05-15T18:00:13.547Z","29.843861","1",NULL
"1930","2018-05-15T17:59:33.330Z","30.482593","3",NULL
"1931","2018-05-15T18:00:13.524Z","30.864215","2",NULL
"1932","2018-05-15T17:59:33.202Z","30.77034","4",NULL
"1933","2018-05-15T18:00:13.700Z","31.593205","1",NULL
"1934","2018-05-15T17:59:33.347Z","30.464955","3",NULL
"1935","2018-05-15T18:00:13.561Z","30.857194","2",NULL
"1936","2018-05-15T17:59:33.266Z","30.619252","4",NULL
"1937","2018-05-15T18:00:13.719Z","30.606538","2",NULL
"1938","2018-05-15T17:59:33.912Z","29.935728","3",NULL
"1939","2018-05-15T18:00:13.783Z","31.591527","1",NULL
"1940","2018-05-15T17:59:33.279Z","30.604435","4",NULL
"1941","2018-05-15T17:59:34.352Z","29.62819","3",NULL
"1942","2018-05-15T18:00:14.012Z","31.327449","1",NULL
"1943","2018-05-15T18:00:14.034Z","30.340782","2",NULL
"1944","2018-05-15T17:59:33.368Z","30.486288","4",NULL
"1945","2018-05-15T18:00:14.145Z","30.299155","2",NULL
"1946","2018-05-15T18:00:14.080Z","31.285822","1",NULL
"1947","2018-05-15T17:59:34.490Z","29.627249","3",NULL
"1948","2018-05-15T17:59:33.936Z","29.957061","4",NULL
"1949","2018-05-15T18:00:14.531Z","29.994511","2",NULL
"1950","2018-05-15T18:00:14.489Z","30.981178","1",NULL
"1951","2018-05-15T17:59:34.959Z","30.247195","3",NULL
"1952","2018-05-15T17:59:34.068Z","31.743066","4",NULL
"1953","2018-05-15T18:00:15.648Z","28.992818","2",NULL
"1954","2018-05-15T18:00:15.646Z","29.979485","1",NULL
"1955","2018-05-15T17:59:35.097Z","30.213994","3",NULL
"1956","2018-05-15T17:59:34.359Z","31.61219","4",NULL
"1957","2018-05-15T18:00:16.207Z","30.610421","2",NULL
"1958","2018-05-15T18:00:16.202Z","29.634421","1",NULL
"1959","2018-05-15T17:59:35.595Z","30.153718","3",NULL
"1960","2018-05-15T17:59:34.532Z","31.611249","4",NULL
"1961","2018-05-15T18:00:16.224Z","29.634421","1",NULL
"1962","2018-05-15T18:00:16.235Z","30.610421","2",NULL
"1963","2018-05-15T17:59:35.616Z","30.114308","3",NULL
"1964","2018-05-15T17:59:35.009Z","32.902195","4",NULL
"1965","2018-05-15T18:00:16.345Z","29.634421","1",NULL
"1966","2018-05-15T18:00:16.266Z","30.610421","2",NULL
"1967","2018-05-15T17:59:35.649Z","30.307981","3",NULL
"1968","2018-05-15T17:59:35.106Z","32.868994","4",NULL
"1969","2018-05-15T17:59:35.717Z","30.307981","3",NULL
"1970","2018-05-15T18:00:16.432Z","29.634421","1",NULL
"1971","2018-05-15T18:00:16.348Z","30.610421","2",NULL
"1972","2018-05-15T17:59:35.165Z","32.798947","4",NULL
"1973","2018-05-15T18:00:16.595Z","31.634421","1",NULL
"1974","2018-05-15T18:00:16.439Z","30.610421","2",NULL
"1975","2018-05-15T17:59:35.835Z","31.182981","3",NULL
"1976","2018-05-15T17:59:35.614Z","32.308718","4",NULL
"1977","2018-05-15T18:00:16.651Z","30.610421","2",NULL
"1978","2018-05-15T17:59:35.930Z","32.307981","3",NULL
"1979","2018-05-15T18:00:16.639Z","31.634421","1",NULL
"1980","2018-05-15T17:59:35.636Z","32.269308","4",NULL
"1981","2018-05-15T17:59:36.421Z","32.307981","3",NULL
"1982","2018-05-15T18:00:17.879Z","32.573088","2",NULL
"1983","2018-05-15T18:00:18.046Z","31.634421","1",NULL
"1984","2018-05-15T17:59:35.738Z","32.254648","4",NULL
"1985","2018-05-15T18:00:18.782Z","31.353905","1",NULL
"1986","2018-05-15T18:00:18.048Z","32.573088","2",NULL
"1987","2018-05-15T17:59:36.495Z","34.307981","3",NULL
"1988","2018-05-15T17:59:35.855Z","32.254648","4",NULL
"1989","2018-05-15T18:00:18.810Z","32.292572","2",NULL
"1990","2018-05-15T18:00:19.142Z","31.862977","1",NULL
"1991","2018-05-15T17:59:36.423Z","32.254648","4",NULL
"1992","2018-05-15T17:59:36.560Z","34.307981","3",NULL
"1993","2018-05-15T18:00:19.221Z","31.968311","2",NULL
"1994","2018-05-15T18:00:19.391Z","31.972413","1",NULL
"1995","2018-05-15T17:59:36.440Z","34.217314","4",NULL
"1996","2018-05-15T17:59:38.400Z","34.29666","3",NULL
"1997","2018-05-15T17:59:36.568Z","34.217314","4",NULL
"1998","2018-05-15T18:00:19.429Z","31.971106","1",NULL
"1999","2018-05-15T18:00:19.413Z","31.702747","2",NULL
"2000","2018-05-15T17:59:38.422Z","34.205993","4",NULL
"2001","2018-05-15T17:59:38.939Z","33.771102","3",NULL
"2002","2018-05-15T18:00:20.195Z","32.04261","1",NULL
"2003","2018-05-15T18:00:19.431Z","31.70144","2",NULL
"2004","2018-05-15T17:59:39.474Z","33.26324","3",NULL
"2005","2018-05-15T17:59:38.943Z","33.680435","4",NULL
"2006","2018-05-15T18:00:20.203Z","31.06461","2",NULL
"2007","2018-05-15T18:00:20.284Z","32.041533","1",NULL
"2008","2018-05-15T17:59:39.477Z","33.172573","4",NULL
"2009","2018-05-15T17:59:39.890Z","32.813237","3",NULL
"2010","2018-05-15T18:00:20.306Z","31.063533","2",NULL
"2011","2018-05-15T18:00:20.317Z","31.895938","1",NULL
"2012","2018-05-15T17:59:39.892Z","32.72257","4",NULL
"2013","2018-05-15T17:59:40.139Z","32.563472","3",NULL
"2014","2018-05-15T18:00:20.418Z","31.698958","1",NULL
"2015","2018-05-15T18:00:20.433Z","30.637625","2",NULL
"2016","2018-05-15T17:59:40.175Z","32.472805","4",NULL
"2017","2018-05-15T17:59:40.401Z","32.314109","3",NULL
"2018","2018-05-15T18:00:20.438Z","30.636689","2",NULL
"2019","2018-05-15T18:00:20.437Z","31.698022","1",NULL
"2020","2018-05-15T17:59:40.530Z","32.223442","4",NULL
"2021","2018-05-15T17:59:40.647Z","32.057498","3",NULL
"2022","2018-05-15T18:00:20.774Z","30.325797","2",NULL
"2023","2018-05-15T18:00:20.745Z","33.38713","1",NULL
"2024","2018-05-15T17:59:40.656Z","31.966831","4",NULL
"2025","2018-05-15T17:59:41.503Z","31.200756","3",NULL
"2026","2018-05-15T18:00:20.937Z","30.119766","2",NULL
"2027","2018-05-15T17:59:41.575Z","31.110089","4",NULL
"2028","2018-05-15T18:00:20.858Z","33.251332","1",NULL
"2029","2018-05-15T17:59:41.805Z","31.009149","3",NULL
"2030","2018-05-15T17:59:41.687Z","32.88601","4",NULL
"2031","2018-05-15T18:00:20.918Z","33.181099","1",NULL
"2032","2018-05-15T18:00:21.216Z","29.826961","2",NULL
"2033","2018-05-15T17:59:41.875Z","30.980729","3",NULL
"2034","2018-05-15T18:00:21.527Z","29.572865","2",NULL
"2035","2018-05-15T17:59:41.834Z","32.881149","4",NULL
"2036","2018-05-15T18:00:21.213Z","32.888294","1",NULL
"2037","2018-05-15T17:59:42.109Z","31.713139","3",NULL
"2038","2018-05-15T18:00:22.553Z","28.765015","2",NULL
"2039","2018-05-15T17:59:41.918Z","32.852729","4",NULL
"2040","2018-05-15T18:00:21.514Z","32.634198","1",NULL
"2041","2018-05-15T17:59:42.174Z","31.679523","3",NULL
"2042","2018-05-15T18:00:23.112Z","28.568562","2",NULL
"2043","2018-05-15T17:59:42.114Z","32.543472","4",NULL
"2044","2018-05-15T18:00:22.550Z","31.826348","1",NULL
"2045","2018-05-15T17:59:42.427Z","32.602267","3",NULL
"2046","2018-05-15T18:00:22.995Z","31.629895","1",NULL
"2047","2018-05-15T17:59:42.215Z","32.509856","4",NULL
"2048","2018-05-15T18:00:23.505Z","29.865029","2",NULL
"2049","2018-05-15T17:59:42.467Z","32.602267","3",NULL
"2050","2018-05-15T18:00:23.696Z","29.851996","2",NULL
"2051","2018-05-15T17:59:42.457Z","32.474267","4",NULL
"2052","2018-05-15T18:00:23.620Z","30.950663","1",NULL
"2053","2018-05-15T17:59:42.559Z","32.602267","3",NULL
"2054","2018-05-15T18:00:23.721Z","30.949425","1",NULL
"2055","2018-05-15T18:00:23.747Z","29.850758","2",NULL
"2056","2018-05-15T17:59:42.485Z","32.474267","4",NULL
"2057","2018-05-15T17:59:42.588Z","32.602267","3",NULL
"2058","2018-05-15T18:00:23.962Z","29.583789","2",NULL
"2059","2018-05-15T17:59:42.593Z","32.474267","4",NULL
"2060","2018-05-15T18:00:23.932Z","30.682456","1",NULL
"2061","2018-05-15T17:59:44.936Z","32.602267","3",NULL
"2062","2018-05-15T18:00:24.076Z","29.357896","2",NULL
"2063","2018-05-15T17:59:45.033Z","33.0606","3",NULL
"2064","2018-05-15T18:00:24.044Z","30.706563","1",NULL
"2065","2018-05-15T17:59:44.730Z","34.436934","4",NULL
"2066","2018-05-15T18:00:24.126Z","29.353095","2",NULL
"2067","2018-05-15T18:00:24.079Z","30.701762","1",NULL
"2068","2018-05-15T17:59:44.938Z","34.436934","4",NULL
"2069","2018-05-15T17:59:45.223Z","34.602267","3",NULL
"2070","2018-05-15T18:00:24.255Z","29.167041","2",NULL
"2071","2018-05-15T17:59:45.272Z","34.602267","3",NULL
"2072","2018-05-15T18:00:24.208Z","30.724041","1",NULL
"2073","2018-05-15T17:59:45.056Z","34.436934","4",NULL
"2074","2018-05-15T18:00:24.605Z","28.882834","2",NULL
"2075","2018-05-15T18:00:24.554Z","31.606501","1",NULL
"2076","2018-05-15T17:59:46.887Z","34.523971","3",NULL
"2077","2018-05-15T17:59:45.284Z","34.436934","4",NULL
"2078","2018-05-15T18:00:24.890Z","28.853595","2",NULL
"2079","2018-05-15T17:59:46.895Z","34.358638","4",NULL
"2080","2018-05-15T17:59:47.147Z","34.270654","3",NULL
"2081","2018-05-15T18:00:24.843Z","31.577262","1",NULL
"2082","2018-05-15T18:00:25.277Z","28.114791","2",NULL
"2083","2018-05-15T17:59:47.650Z","33.774002","3",NULL
"2084","2018-05-15T18:00:25.272Z","31.046791","1",NULL
"2085","2018-05-15T17:59:47.165Z","34.105321","4",NULL
"2086","2018-05-15T18:00:25.281Z","28.110537","2",NULL
"2087","2018-05-15T18:00:25.279Z","31.042537","1",NULL
"2088","2018-05-15T17:59:47.670Z","33.608669","4",NULL
"2089","2018-05-15T17:59:47.890Z","33.521928","3",NULL
"2090","2018-05-15T18:00:25.715Z","29.794842","2",NULL
"2091","2018-05-15T18:00:25.283Z","31.206024","1",NULL
"2092","2018-05-15T17:59:47.894Z","33.356595","4",NULL
"2093","2018-05-15T17:59:48.387Z","33.025518","3",NULL
"2094","2018-05-15T18:00:25.757Z","29.793491","2",NULL
"2095","2018-05-15T18:00:25.690Z","30.930842","1",NULL
"2096","2018-05-15T17:59:48.389Z","32.860185","4",NULL
"2097","2018-05-15T17:59:48.910Z","32.504705","3",NULL
"2098","2018-05-15T18:00:25.785Z","29.683254","2",NULL
"2099","2018-05-15T17:59:48.967Z","32.339372","4",NULL
"2100","2018-05-15T17:59:49.393Z","32.028259","3",NULL
"2101","2018-05-15T18:00:26.362Z","29.134502","2",NULL
"2102","2018-05-15T17:59:49.890Z","31.525709","3",NULL
"2103","2018-05-15T18:00:25.723Z","30.929491","1",NULL
"2104","2018-05-15T17:59:49.395Z","31.862926","4",NULL
"2105","2018-05-15T18:00:26.396Z","29.083116","2",NULL
"2106","2018-05-15T18:00:26.334Z","30.270502","1",NULL
"2107","2018-05-15T17:59:49.952Z","31.360376","4",NULL
"2108","2018-05-15T17:59:50.413Z","31.030498","3",NULL
"2109","2018-05-15T18:00:26.613Z","28.882132","2",NULL
"2110","2018-05-15T17:59:50.641Z","30.781727","3",NULL
"2111","2018-05-15T18:00:26.394Z","30.219116","1",NULL
"2112","2018-05-15T17:59:50.474Z","30.865165","4",NULL
"2113","2018-05-15T18:00:26.631Z","28.849855","2",NULL
"2114","2018-05-15T17:59:52.130Z","29.398516","3",NULL
"2115","2018-05-15T18:00:26.550Z","30.226465","1",NULL
"2116","2018-05-15T17:59:50.645Z","30.616394","4",NULL
"2117","2018-05-15T18:00:26.839Z","28.673296","2",NULL
"2118","2018-05-15T18:00:26.619Z","30.194188","1",NULL
"2119","2018-05-15T17:59:52.212Z","29.233183","4",NULL
"2120","2018-05-15T17:59:52.432Z","29.047364","3",NULL
"2121","2018-05-15T18:00:26.917Z","28.673296","2",NULL
"2122","2018-05-15T18:00:26.822Z","31.017629","1",NULL
"2123","2018-05-15T17:59:52.318Z","30.896259","4",NULL
"2124","2018-05-15T17:59:52.457Z","29.016204","3",NULL
"2125","2018-05-15T18:00:27.733Z","28.673296","2",NULL
"2126","2018-05-15T17:59:52.565Z","30.841703","3",NULL
"2127","2018-05-15T18:00:26.875Z","31.017629","1",NULL
"2128","2018-05-15T17:59:52.438Z","30.844697","4",NULL
"2129","2018-05-15T18:00:28.161Z","28.673296","2",NULL
"2130","2018-05-15T18:00:27.710Z","31.809296","1",NULL
"2131","2018-05-15T17:59:52.473Z","30.813537","4",NULL
"2132","2018-05-15T17:59:52.633Z","30.810847","3",NULL
"2133","2018-05-15T18:00:28.633Z","30.635963","2",NULL
"2134","2018-05-15T17:59:52.739Z","30.705411","3",NULL
"2135","2018-05-15T17:59:52.657Z","30.60818","4",NULL
"2136","2018-05-15T18:00:27.817Z","31.809296","1",NULL
"2137","2018-05-15T17:59:53.155Z","30.270411","3",NULL
"2138","2018-05-15T18:00:28.663Z","30.635963","2",NULL
"2139","2018-05-15T17:59:52.765Z","30.502744","4",NULL
"2140","2018-05-15T18:00:28.116Z","31.809296","1",NULL
"2141","2018-05-15T17:59:54.655Z","29.18298","3",NULL
"2142","2018-05-15T18:00:28.783Z","30.584236","2",NULL
"2143","2018-05-15T17:59:53.160Z","30.067744","4",NULL
"2144","2018-05-15T18:00:28.624Z","31.809296","1",NULL
"2145","2018-05-15T17:59:55.005Z","28.568648","3",NULL
"2146","2018-05-15T18:00:29.205Z","30.298733","2",NULL
"2147","2018-05-15T18:00:28.773Z","31.757569","1",NULL
"2148","2018-05-15T17:59:54.665Z","28.980313","4",NULL
"2149","2018-05-15T18:00:29.362Z","30.23327","2",NULL
"2150","2018-05-15T17:59:55.498Z","28.035298","3",NULL
"2151","2018-05-15T17:59:55.096Z","28.365981","4",NULL
"2152","2018-05-15T18:00:29.200Z","32.347066","1",NULL
"2153","2018-05-15T17:59:55.528Z","28.035298","3",NULL
"2154","2018-05-15T18:00:29.922Z","29.542659","2",NULL
"2155","2018-05-15T18:00:29.237Z","32.281603","1",NULL
"2156","2018-05-15T17:59:55.188Z","30.158643","4",NULL
"2157","2018-05-15T18:00:29.984Z","29.528115","2",NULL
"2158","2018-05-15T17:59:55.558Z","28.035298","3",NULL
"2159","2018-05-15T18:00:29.870Z","32.257659","1",NULL
"2160","2018-05-15T17:59:55.509Z","29.795298","4",NULL
"2161","2018-05-15T17:59:56.067Z","28.535298","3",NULL
"2162","2018-05-15T18:00:30.258Z","29.291179","2",NULL
"2163","2018-05-15T18:00:29.980Z","32.243115","1",NULL
"2164","2018-05-15T17:59:55.542Z","29.795298","4",NULL
"2165","2018-05-15T18:00:30.446Z","29.287406","2",NULL
"2166","2018-05-15T17:59:56.099Z","28.535298","3",NULL
"2167","2018-05-15T17:59:55.589Z","29.795298","4",NULL
"2168","2018-05-15T18:00:30.210Z","32.172845","1",NULL
"2169","2018-05-15T17:59:56.163Z","29.326965","3",NULL
"2170","2018-05-15T18:00:30.765Z","28.63866","2",NULL
"2171","2018-05-15T18:00:30.305Z","32.169072","1",NULL
"2172","2018-05-15T17:59:56.090Z","29.795298","4",NULL
"2173","2018-05-15T17:59:56.624Z","30.035298","3",NULL
"2174","2018-05-15T18:00:30.789Z","28.637636","2",NULL
"2175","2018-05-15T18:00:30.475Z","32.300237","1",NULL
"2176","2018-05-15T17:59:56.103Z","29.795298","4",NULL
"2177","2018-05-15T18:00:30.902Z","30.444728","2",NULL
"2178","2018-05-15T17:59:56.768Z","29.860392","3",NULL
"2179","2018-05-15T18:00:30.748Z","31.811993","1",NULL
"2180","2018-05-15T17:59:56.169Z","29.795298","4",NULL
"2181","2018-05-15T18:00:30.909Z","30.426461","2",NULL
"2182","2018-05-15T17:59:56.804Z","29.859269","3",NULL
"2183","2018-05-15T18:00:30.774Z","31.810969","1",NULL
"2184","2018-05-15T17:59:56.638Z","29.795298","4",NULL
"2185","2018-05-15T17:59:56.829Z","29.845591","3",NULL
"2186","2018-05-15T18:00:31.009Z","30.318007","2",NULL
"2187","2018-05-15T18:00:30.875Z","31.697062","1",NULL
"2188","2018-05-15T17:59:56.792Z","31.583059","4",NULL
"2189","2018-05-15T17:59:57.369Z","29.93272","3",NULL
"2190","2018-05-15T18:00:31.256Z","30.07992","2",NULL
"2191","2018-05-15T17:59:56.811Z","31.581936","4",NULL
"2192","2018-05-15T18:00:30.963Z","33.546005","1",NULL
"2193","2018-05-15T18:00:31.730Z","29.586439","2",NULL
"2194","2018-05-15T17:59:57.378Z","29.857504","3",NULL
"2195","2018-05-15T17:59:56.986Z","31.358665","4",NULL
"2196","2018-05-15T18:00:30.984Z","33.528674","1",NULL
"2197","2018-05-15T17:59:57.456Z","30.003353","3",NULL
"2198","2018-05-15T18:00:32.480Z","28.827674","2",NULL
"2199","2018-05-15T17:59:57.374Z","31.280387","4",NULL
"2200","2018-05-15T18:00:31.228Z","33.290587","1",NULL
"2201","2018-05-15T18:00:32.623Z","30.706318","2",NULL
"2202","2018-05-15T17:59:57.500Z","29.992678","3",NULL
"2203","2018-05-15T18:00:31.714Z","32.797106","1",NULL
"2204","2018-05-15T17:59:57.382Z","31.205171","4",NULL
"2205","2018-05-15T17:59:57.963Z","30.155347","3",NULL
"2206","2018-05-15T18:00:32.842Z","30.522651","2",NULL
"2207","2018-05-15T18:00:32.478Z","32.038341","1",NULL
"2208","2018-05-15T17:59:57.470Z","32.855353","4",NULL
"2209","2018-05-15T18:00:32.900Z","30.438642","2",NULL
"2210","2018-05-15T17:59:57.974Z","30.154198","3",NULL
"2211","2018-05-15T17:59:57.545Z","32.844678","4",NULL
"2212","2018-05-15T18:00:32.837Z","31.770651","1",NULL
"2213","2018-05-15T18:00:33.240Z","30.12645","2",NULL
"2214","2018-05-15T17:59:58.211Z","30.411164","3",NULL
"2215","2018-05-15T17:59:57.631Z","32.84222","4",NULL
"2216","2018-05-15T18:00:32.877Z","31.686642","1",NULL
"2217","2018-05-15T17:59:58.374Z","30.290616","3",NULL
"2218","2018-05-15T18:00:33.297Z","30.063556","2",NULL
"2219","2018-05-15T17:59:57.970Z","32.34068","4",NULL
"2220","2018-05-15T18:00:33.219Z","31.37445","1",NULL
"2221","2018-05-15T18:00:33.436Z","29.882136","2",NULL
"2222","2018-05-15T17:59:58.424Z","30.253195","3",NULL
"2223","2018-05-15T18:00:33.285Z","31.311556","1",NULL
"2224","2018-05-15T17:59:57.982Z","32.339531","4",NULL
"2225","2018-05-15T17:59:59.803Z","30.042678","3",NULL
"2226","2018-05-15T18:00:33.478Z","29.882136","2",NULL
"2227","2018-05-15T18:00:33.365Z","33.146653","1",NULL
"2228","2018-05-15T17:59:58.402Z","31.975949","4",NULL
"2229","2018-05-15T18:00:33.738Z","29.882136","2",NULL
"2230","2018-05-15T17:59:59.964Z","30.024588","3",NULL
"2231","2018-05-15T18:00:33.405Z","33.130136","1",NULL
"2232","2018-05-15T17:59:58.485Z","31.938528","4",NULL
"2233","2018-05-15T18:00:34.670Z","31.844803","2",NULL
"2234","2018-05-15T18:00:00.389Z","29.551923","3",NULL
"2235","2018-05-15T17:59:59.806Z","30.853011","4",NULL
"2236","2018-05-15T18:00:33.467Z","33.130136","1",NULL
"2237","2018-05-15T18:00:00.426Z","29.47762","3",NULL
"2238","2018-05-15T18:00:34.838Z","33.807469","2",NULL
"2239","2018-05-15T17:59:59.987Z","30.834921","4",NULL
"2240","2018-05-15T18:00:33.731Z","33.130136","1",NULL
"2241","2018-05-15T18:00:34.872Z","33.807469","2",NULL
"2242","2018-05-15T18:00:00.739Z","29.435174","3",NULL
"2243","2018-05-15T18:00:34.836Z","33.130136","1",NULL
"2244","2018-05-15T18:00:00.406Z","30.278923","4",NULL
"2245","2018-05-15T18:00:35.552Z","33.682824","2",NULL
"2246","2018-05-15T18:00:00.757Z","29.414281","3",NULL
"2247","2018-05-15T18:00:35.494Z","33.005491","1",NULL
"2248","2018-05-15T18:00:00.457Z","30.20462","4",NULL
"2249","2018-05-15T18:00:35.990Z","33.249884","2",NULL
"2250","2018-05-15T18:00:00.816Z","29.826433","3",NULL
"2251","2018-05-15T18:00:35.965Z","32.572551","1",NULL
"2252","2018-05-15T18:00:00.742Z","31.749841","4",NULL
"2253","2018-05-15T18:00:00.897Z","29.781354","3",NULL
"2254","2018-05-15T18:00:36.243Z","32.992132","2",NULL
"2255","2018-05-15T18:00:00.764Z","31.728948","4",NULL
"2256","2018-05-15T18:00:36.241Z","32.314799","1",NULL
"2257","2018-05-15T18:00:36.787Z","32.500481","2",NULL
"2258","2018-05-15T18:00:00.913Z","29.765533","3",NULL
"2259","2018-05-15T18:00:36.733Z","31.823148","1",NULL
"2260","2018-05-15T18:00:00.806Z","31.5511","4",NULL
"2261","2018-05-15T18:00:37.330Z","31.885317","2",NULL
"2262","2018-05-15T18:00:00.930Z","29.747093","3",NULL
"2263","2018-05-15T18:00:37.329Z","31.207984","1",NULL
"2264","2018-05-15T18:00:00.904Z","31.429354","4",NULL
"2265","2018-05-15T18:00:38.190Z","31.07321","2",NULL
"2266","2018-05-15T18:00:00.962Z","31.747093","3",NULL
"2267","2018-05-15T18:00:38.188Z","30.395877","1",NULL
"2268","2018-05-15T18:00:00.915Z","31.413533","4",NULL
"2269","2018-05-15T18:00:38.288Z","32.888956","2",NULL
"2270","2018-05-15T18:00:01.101Z","31.955426","3",NULL
"2271","2018-05-15T18:00:38.363Z","30.237504","1",NULL
"2272","2018-05-15T18:00:00.932Z","31.395093","4",NULL
"2273","2018-05-15T18:00:01.993Z","33.122093","3",NULL
"2274","2018-05-15T18:00:38.374Z","32.877504","2",NULL
"2275","2018-05-15T18:00:38.414Z","30.21506","1",NULL
"2276","2018-05-15T18:00:01.130Z","31.395093","4",NULL
"2277","2018-05-15T18:00:38.453Z","32.85506","2",NULL
"2278","2018-05-15T18:00:02.044Z","33.122093","3",NULL
"2279","2018-05-15T18:00:38.655Z","30.821491","1",NULL
"2280","2018-05-15T18:00:01.998Z","31.395093","4",NULL
"2281","2018-05-15T18:00:38.714Z","32.628158","2",NULL
"2282","2018-05-15T18:00:02.459Z","33.097967","3",NULL
"2283","2018-05-15T18:00:38.716Z","30.783754","1",NULL
"2284","2018-05-15T18:00:02.063Z","31.395093","4",NULL
"2285","2018-05-15T18:00:38.718Z","32.590421","2",NULL
"2286","2018-05-15T18:00:02.554Z","33.096712","3",NULL
"2287","2018-05-15T18:00:38.951Z","31.458159","1",NULL
"2288","2018-05-15T18:00:02.525Z","32.916967","4",NULL
"2289","2018-05-15T18:00:38.953Z","32.223159","2",NULL
"2290","2018-05-15T18:00:02.630Z","33.213478","3",NULL
"2291","2018-05-15T18:00:38.956Z","31.457024","1",NULL
"2292","2018-05-15T18:00:38.958Z","32.222024","2",NULL
"2293","2018-05-15T18:00:02.583Z","32.915712","4",NULL
"2294","2018-05-15T18:00:03.084Z","32.825837","3",NULL
"2295","2018-05-15T18:00:39.176Z","32.054409","2",NULL
"2296","2018-05-15T18:00:38.978Z","31.560588","1",NULL
"2297","2018-05-15T18:00:02.618Z","32.824145","4",NULL
"2298","2018-05-15T18:00:03.283Z","32.824124","3",NULL
"2299","2018-05-15T18:00:03.244Z","32.436504","4",NULL
"2300","2018-05-15T18:00:39.289Z","31.962778","2",NULL
"2301","2018-05-15T18:00:39.121Z","31.414409","1",NULL
"2302","2018-05-15T18:00:03.614Z","32.314027","3",NULL
"2303","2018-05-15T18:00:39.868Z","31.39402","2",NULL
"2304","2018-05-15T18:00:03.316Z","32.434791","4",NULL
"2305","2018-05-15T18:00:39.221Z","31.322778","1",NULL
"2306","2018-05-15T18:00:03.759Z","32.31291","3",NULL
"2307","2018-05-15T18:00:40.286Z","33.066879","2",NULL
"2308","2018-05-15T18:00:39.851Z","30.75402","1",NULL
"2309","2018-05-15T18:00:03.741Z","31.716361","4",NULL
"2310","2018-05-15T18:00:03.802Z","32.723073","3",NULL
"2311","2018-05-15T18:00:40.280Z","30.464212","1",NULL
"2312","2018-05-15T18:00:40.676Z","33.066879","2",NULL
"2313","2018-05-15T18:00:03.777Z","31.715244","4",NULL
"2314","2018-05-15T18:00:03.810Z","32.716702","3",NULL
"2315","2018-05-15T18:00:40.451Z","30.464212","1",NULL
"2316","2018-05-15T18:00:40.678Z","33.066879","2",NULL
"2317","2018-05-15T18:00:03.807Z","31.45874","4",NULL
"2318","2018-05-15T18:00:03.964Z","32.726318","3",NULL
"2319","2018-05-15T18:00:41.107Z","30.464212","1",NULL
"2320","2018-05-15T18:00:41.109Z","33.066879","2",NULL
"2321","2018-05-15T18:00:03.812Z","31.452369","4",NULL
"2322","2018-05-15T18:00:04.144Z","33.511617","3",NULL
"2323","2018-05-15T18:00:41.110Z","30.464212","1",NULL
"2324","2018-05-15T18:00:41.127Z","33.066879","2",NULL
"2325","2018-05-15T18:00:03.992Z","31.336985","4",NULL
"2326","2018-05-15T18:00:04.238Z","33.467738","3",NULL
"2327","2018-05-15T18:00:41.204Z","30.589212","1",NULL
"2328","2018-05-15T18:00:04.141Z","33.08495","4",NULL
"2329","2018-05-15T18:00:41.207Z","33.066879","2",NULL
"2330","2018-05-15T18:00:04.298Z","33.414789","3",NULL
"2331","2018-05-15T18:00:41.294Z","32.464212","1",NULL
"2332","2018-05-15T18:00:04.276Z","33.041071","4",NULL
"2333","2018-05-15T18:00:41.532Z","33.066879","2",NULL
"2334","2018-05-15T18:00:04.664Z","33.018849","3",NULL
"2335","2018-05-15T18:00:41.512Z","32.464212","1",NULL
"2336","2018-05-15T18:00:04.322Z","32.988122","4",NULL
"2337","2018-05-15T18:00:42.125Z","33.00119","2",NULL
"2338","2018-05-15T18:00:05.039Z","32.768194","3",NULL
"2339","2018-05-15T18:00:42.112Z","32.398523","1",NULL
"2340","2018-05-15T18:00:42.819Z","32.401226","2",NULL
"2341","2018-05-15T18:00:04.678Z","32.592182","4",NULL
"2342","2018-05-15T18:00:05.141Z","32.516933","3",NULL
"2343","2018-05-15T18:00:42.807Z","31.798559","1",NULL
"2344","2018-05-15T18:00:42.978Z","32.12772","2",NULL
"2345","2018-05-15T18:00:05.043Z","32.341527","4",NULL
"2346","2018-05-15T18:00:05.649Z","32.017248","3",NULL
"2347","2018-05-15T18:00:42.975Z","31.69172","1",NULL
"2348","2018-05-15T18:00:43.321Z","31.989842","2",NULL
"2349","2018-05-15T18:00:05.143Z","32.090266","4",NULL
"2350","2018-05-15T18:00:06.746Z","30.922664","3",NULL
"2351","2018-05-15T18:00:43.276Z","32.345508","1",NULL
"2352","2018-05-15T18:00:43.591Z","31.651115","2",NULL
"2353","2018-05-15T18:00:05.669Z","31.590581","4",NULL
"2354","2018-05-15T18:00:07.405Z","30.317897","3",NULL
"2355","2018-05-15T18:00:43.501Z","33.048448","1",NULL
"2356","2018-05-15T18:00:43.744Z","31.598095","2",NULL
"2357","2018-05-15T18:00:06.767Z","30.495997","4",NULL
"2358","2018-05-15T18:00:07.699Z","30.188843","3",NULL
"2359","2018-05-15T18:00:07.420Z","29.89123","4",NULL
"2360","2018-05-15T18:00:43.986Z","31.209999","2",NULL
"2361","2018-05-15T18:00:43.680Z","32.995428","1",NULL
"2362","2018-05-15T18:00:07.735Z","30.188843","3",NULL
"2363","2018-05-15T18:00:43.821Z","32.670806","1",NULL
"2364","2018-05-15T18:00:44.037Z","31.165315","2",NULL
"2365","2018-05-15T18:00:07.597Z","31.724843","4",NULL
"2366","2018-05-15T18:00:07.909Z","32.188843","3",NULL
"2367","2018-05-15T18:00:43.973Z","32.607332","1",NULL
"2368","2018-05-15T18:00:44.164Z","30.977795","2",NULL
"2369","2018-05-15T18:00:07.705Z","31.724843","4",NULL
"2370","2018-05-15T18:00:07.992Z","32.188843","3",NULL
"2371","2018-05-15T18:00:45.014Z","30.137056","2",NULL
"2372","2018-05-15T18:00:07.755Z","31.724843","4",NULL
"2373","2018-05-15T18:00:44.010Z","32.562648","1",NULL
"2374","2018-05-15T18:00:09.608Z","31.852919","3",NULL
"2375","2018-05-15T18:00:44.147Z","32.375128","1",NULL
"2376","2018-05-15T18:00:45.713Z","31.534358","2",NULL
"2377","2018-05-15T18:00:07.996Z","31.724843","4",NULL
"2378","2018-05-15T18:00:09.614Z","31.832834","3",NULL
"2379","2018-05-15T18:00:45.816Z","31.519029","2",NULL
"2380","2018-05-15T18:00:09.612Z","31.388919","4",NULL
"2381","2018-05-15T18:00:44.974Z","31.534389","1",NULL
"2382","2018-05-15T18:00:09.763Z","31.379456","3",NULL
"2383","2018-05-15T18:00:45.854Z","31.371454","2",NULL
"2384","2018-05-15T18:00:45.691Z","30.969025","1",NULL
"2385","2018-05-15T18:00:09.616Z","31.368834","4",NULL
"2386","2018-05-15T18:00:10.196Z","31.030313","3",NULL
"2387","2018-05-15T18:00:45.783Z","30.953696","1",NULL
"2388","2018-05-15T18:00:46.156Z","31.371454","2",NULL
"2389","2018-05-15T18:00:09.832Z","30.915456","4",NULL
"2390","2018-05-15T18:00:10.254Z","31.029032","3",NULL
"2391","2018-05-15T18:00:46.154Z","30.806121","1",NULL
"2392","2018-05-15T18:00:46.235Z","31.371454","2",NULL
"2393","2018-05-15T18:00:10.069Z","32.503261","4",NULL
"2394","2018-05-15T18:00:10.415Z","31.678809","3",NULL
"2395","2018-05-15T18:00:46.157Z","30.806121","1",NULL
"2396","2018-05-15T18:00:10.218Z","32.40398","4",NULL
"2397","2018-05-15T18:00:46.492Z","31.367486","2",NULL
"2398","2018-05-15T18:00:10.498Z","32.071826","3",NULL
"2399","2018-05-15T18:00:10.523Z","32.050552","3",NULL
"2400","2018-05-15T18:00:10.325Z","32.402699","4",NULL
"2401","2018-05-15T18:00:46.622Z","31.147625","2",NULL
"2402","2018-05-15T18:00:46.485Z","31.302153","1",NULL
"2403","2018-05-15T18:00:10.644Z","32.396317","3",NULL
"2404","2018-05-15T18:00:46.609Z","31.582292","1",NULL
"2405","2018-05-15T18:00:10.419Z","32.135809","4",NULL
"2406","2018-05-15T18:00:46.652Z","31.146411","2",NULL
"2407","2018-05-15T18:00:10.851Z","32.190706","3",NULL
"2408","2018-05-15T18:00:10.520Z","32.070493","4",NULL
"2409","2018-05-15T18:00:46.917Z","30.858119","2",NULL
"2410","2018-05-15T18:00:46.649Z","31.581078","1",NULL
"2411","2018-05-15T18:00:10.968Z","32.083223","3",NULL
"2412","2018-05-15T18:00:48.237Z","29.885858","2",NULL
"2413","2018-05-15T18:00:10.551Z","32.049219","4",NULL
"2414","2018-05-15T18:00:46.710Z","32.480517","1",NULL
"2415","2018-05-15T18:00:12.501Z","30.884814","3",NULL
"2416","2018-05-15T18:00:46.886Z","32.292786","1",NULL
"2417","2018-05-15T18:00:48.761Z","31.06193","2",NULL
"2418","2018-05-15T18:00:10.903Z","31.689373","4",NULL
"2419","2018-05-15T18:00:12.598Z","30.448595","3",NULL
"2420","2018-05-15T18:00:48.212Z","31.320525","1",NULL
"2421","2018-05-15T18:00:48.853Z","30.990408","2",NULL
"2422","2018-05-15T18:00:11.063Z","31.58189","4",NULL
"2423","2018-05-15T18:00:12.674Z","32.365679","3",NULL
"2424","2018-05-15T18:00:48.751Z","30.53393","1",NULL
"2425","2018-05-15T18:00:49.163Z","30.735278","2",NULL
"2426","2018-05-15T18:00:12.504Z","30.383481","4",NULL
"2427","2018-05-15T18:00:12.893Z","32.153171","3",NULL
"2428","2018-05-15T18:00:49.149Z","30.207278","1",NULL
"2429","2018-05-15T18:00:12.600Z","31.909928","4",NULL
"2430","2018-05-15T18:00:49.583Z","30.666494","2",NULL
"2431","2018-05-15T18:00:12.944Z","32.095957","3",NULL
"2432","2018-05-15T18:00:49.216Z","30.138494","1",NULL
"2433","2018-05-15T18:00:12.625Z","31.902883","4",NULL
"2434","2018-05-15T18:00:49.757Z","30.049264","2",NULL
"2435","2018-05-15T18:00:13.388Z","31.658388","3",NULL
"2436","2018-05-15T18:00:49.752Z","29.604597","1",NULL
"2437","2018-05-15T18:00:12.895Z","31.614504","4",NULL
"2438","2018-05-15T18:00:49.784Z","30.04818","2",NULL
"2439","2018-05-15T18:00:14.476Z","30.843299","3",NULL
"2440","2018-05-15T18:00:49.773Z","29.603513","1",NULL
"2441","2018-05-15T18:00:13.000Z","31.55729","4",NULL
"2442","2018-05-15T18:00:49.915Z","29.862056","2",NULL
"2443","2018-05-15T18:00:15.244Z","30.020296","3",NULL
"2444","2018-05-15T18:00:50.005Z","29.847566","2",NULL
"2445","2018-05-15T18:00:13.399Z","31.119721","4",NULL
"2446","2018-05-15T18:00:49.904Z","29.709056","1",NULL
"2447","2018-05-15T18:00:15.461Z","29.586247","3",NULL
"2448","2018-05-15T18:00:49.950Z","29.694566","1",NULL
"2449","2018-05-15T18:00:50.648Z","29.247409","2",NULL
"2450","2018-05-15T18:00:14.520Z","30.304632","4",NULL
"2451","2018-05-15T18:00:15.473Z","29.582289","3",NULL
"2452","2018-05-15T18:00:50.644Z","29.677742","1",NULL
"2453","2018-05-15T18:00:50.683Z","29.247409","2",NULL
"2454","2018-05-15T18:00:15.279Z","29.481629","4",NULL
"2455","2018-05-15T18:00:15.482Z","29.598903","3",NULL
"2456","2018-05-15T18:00:50.669Z","29.677742","1",NULL
"2457","2018-05-15T18:00:50.788Z","29.247409","2",NULL
"2458","2018-05-15T18:00:15.327Z","31.220649","4",NULL
"2459","2018-05-15T18:00:15.536Z","31.503676","3",NULL
"2460","2018-05-15T18:00:50.773Z","30.344409","1",NULL
"2461","2018-05-15T18:00:51.031Z","29.247409","2",NULL
"2462","2018-05-15T18:00:15.470Z","31.010247","4",NULL
"2463","2018-05-15T18:00:15.688Z","31.351775","3",NULL
"2464","2018-05-15T18:00:50.946Z","30.719409","1",NULL
"2465","2018-05-15T18:00:51.343Z","29.247409","2",NULL
"2466","2018-05-15T18:00:15.475Z","31.006289","4",NULL
"2467","2018-05-15T18:00:15.886Z","31.15978","3",NULL
"2468","2018-05-15T18:00:51.614Z","29.210076","2",NULL
"2469","2018-05-15T18:00:15.485Z","30.981236","4",NULL
"2470","2018-05-15T18:00:51.028Z","30.719409","1",NULL
"2471","2018-05-15T18:00:16.558Z","30.534824","3",NULL
"2472","2018-05-15T18:00:51.331Z","32.677742","1",NULL
"2473","2018-05-15T18:00:15.691Z","30.775775","4",NULL
"2474","2018-05-15T18:00:52.319Z","28.828355","2",NULL
"2475","2018-05-15T18:00:17.019Z","30.12805","3",NULL
"2476","2018-05-15T18:00:52.405Z","28.782261","2",NULL
"2477","2018-05-15T18:00:15.902Z","30.58378","4",NULL
"2478","2018-05-15T18:00:51.545Z","32.708896","1",NULL
"2479","2018-05-15T18:00:17.310Z","30.011755","3",NULL
"2480","2018-05-15T18:00:16.592Z","29.958824","4",NULL
"2481","2018-05-15T18:00:53.315Z","27.628736","2",NULL
"2482","2018-05-15T18:00:17.333Z","30.010656","3",NULL
"2483","2018-05-15T18:00:51.612Z","32.682076","1",NULL
"2484","2018-05-15T18:00:17.022Z","29.55205","4",NULL
"2485","2018-05-15T18:00:17.592Z","30.607967","3",NULL
"2486","2018-05-15T18:00:53.384Z","27.460558","2",NULL
"2487","2018-05-15T18:00:52.291Z","32.300355","1",NULL
"2488","2018-05-15T18:00:17.091Z","31.334941","4",NULL
"2489","2018-05-15T18:00:52.360Z","32.254261","1",NULL
"2490","2018-05-15T18:00:17.778Z","30.593875","3",NULL
"2491","2018-05-15T18:00:53.396Z","27.459106","2",NULL
"2492","2018-05-15T18:00:17.331Z","31.148422","4",NULL
"2493","2018-05-15T18:00:53.253Z","31.100736","1",NULL
"2494","2018-05-15T18:00:53.572Z","27.285706","2",NULL
"2495","2018-05-15T18:00:18.302Z","31.1795","3",NULL
"2496","2018-05-15T18:00:17.336Z","31.147323","4",NULL
"2497","2018-05-15T18:00:53.380Z","31.474225","1",NULL
"2498","2018-05-15T18:00:53.799Z","27.084502","2",NULL
"2499","2018-05-15T18:00:18.331Z","31.1795","3",NULL
"2500","2018-05-15T18:00:17.627Z","30.869634","4",NULL
"2501","2018-05-15T18:00:53.391Z","31.472773","1",NULL
"2502","2018-05-15T18:00:18.365Z","31.1795","3",NULL
"2503","2018-05-15T18:00:53.817Z","27.003799","2",NULL
"2504","2018-05-15T18:00:17.957Z","30.855542","4",NULL
"2505","2018-05-15T18:00:53.542Z","31.716039","1",NULL
"2506","2018-05-15T18:00:54.269Z","26.608751","2",NULL
"2507","2018-05-15T18:00:18.488Z","31.1795","3",NULL
"2508","2018-05-15T18:00:18.315Z","30.566167","4",NULL
"2509","2018-05-15T18:00:53.783Z","32.473169","1",NULL
"2510","2018-05-15T18:00:54.631Z","26.354678","2",NULL
"2511","2018-05-15T18:00:19.228Z","32.9295","3",NULL
"2512","2018-05-15T18:00:18.345Z","30.566167","4",NULL
"2513","2018-05-15T18:00:53.809Z","32.50765","1",NULL
"2514","2018-05-15T18:00:19.262Z","33.1795","3",NULL
"2515","2018-05-15T18:00:54.963Z","25.860417","2",NULL
"2516","2018-05-15T18:00:18.367Z","32.528833","4",NULL
"2517","2018-05-15T18:00:53.815Z","32.475799","1",NULL
"2518","2018-05-15T18:00:19.540Z","33.1795","3",NULL
"2519","2018-05-15T18:00:55.329Z","25.599117","2",NULL
"2520","2018-05-15T18:00:54.267Z","32.080751","1",NULL
"2521","2018-05-15T18:00:18.492Z","32.528833","4",NULL
"2522","2018-05-15T18:00:55.425Z","25.482584","2",NULL
"2523","2018-05-15T18:00:21.396Z","33.157342","3",NULL
"2524","2018-05-15T18:00:54.593Z","31.826678","1",NULL
"2525","2018-05-15T18:00:19.168Z","34.4915","4",NULL
"2526","2018-05-15T18:00:21.973Z","32.702342","3",NULL
"2527","2018-05-15T18:00:55.801Z","25.482584","2",NULL
"2528","2018-05-15T18:00:54.961Z","31.332417","1",NULL
"2529","2018-05-15T18:00:19.242Z","34.4915","4",NULL
"2530","2018-05-15T18:00:56.214Z","25.385229","2",NULL
"2531","2018-05-15T18:00:22.163Z","32.449244","3",NULL
"2532","2018-05-15T18:00:55.261Z","31.071117","1",NULL
"2533","2018-05-15T18:00:19.542Z","34.4915","4",NULL
"2534","2018-05-15T18:00:22.673Z","31.95916","3",NULL
"2535","2018-05-15T18:00:56.470Z","25.219185","2",NULL
"2536","2018-05-15T18:00:21.410Z","34.469342","4",NULL
"2537","2018-05-15T18:00:55.392Z","30.954584","1",NULL
"2538","2018-05-15T18:00:21.976Z","34.014342","4",NULL
"2539","2018-05-15T18:00:22.958Z","31.652857","3",NULL
"2540","2018-05-15T18:00:57.420Z","24.471387","2",NULL
"2541","2018-05-15T18:00:55.798Z","30.954584","1",NULL
"2542","2018-05-15T18:00:58.024Z","23.804004","2",NULL
"2543","2018-05-15T18:00:56.212Z","30.857229","1",NULL
"2544","2018-05-15T18:00:23.398Z","31.208859","3",NULL
"2545","2018-05-15T18:00:22.165Z","33.761244","4",NULL
"2546","2018-05-15T18:00:58.055Z","25.641781","2",NULL
"2547","2018-05-15T18:00:56.463Z","30.691185","1",NULL
"2548","2018-05-15T18:00:22.676Z","33.27116","4",NULL
"2549","2018-05-15T18:00:23.917Z","30.861417","3",NULL
"2550","2018-05-15T18:00:58.298Z","25.474144","2",NULL
"2551","2018-05-15T18:00:22.974Z","32.964857","4",NULL
"2552","2018-05-15T18:00:24.282Z","30.479692","3",NULL
"2553","2018-05-15T18:00:57.343Z","29.943387","1",NULL
"2554","2018-05-15T18:00:58.317Z","25.473152","2",NULL
"2555","2018-05-15T18:00:23.401Z","32.520859","4",NULL
"2556","2018-05-15T18:00:24.315Z","30.379217","3",NULL
"2557","2018-05-15T18:00:57.992Z","29.276004","1",NULL
"2558","2018-05-15T18:00:58.584Z","27.133402","2",NULL
"2559","2018-05-15T18:00:23.956Z","32.173417","4",NULL
"2560","2018-05-15T18:00:24.394Z","32.195362","3",NULL
"2561","2018-05-15T18:00:58.163Z","28.983477","1",NULL
"2562","2018-05-15T18:00:58.611Z","27.108392","2",NULL
"2563","2018-05-15T18:00:58.300Z","28.982485","1",NULL
"2564","2018-05-15T18:00:24.426Z","32.181078","3",NULL
"2565","2018-05-15T18:00:24.286Z","31.791692","4",NULL
"2566","2018-05-15T18:00:58.670Z","26.94073","2",NULL
"2567","2018-05-15T18:00:58.571Z","28.680069","1",NULL
"2568","2018-05-15T18:00:24.325Z","31.607884","4",NULL
"2569","2018-05-15T18:00:24.452Z","32.132774","3",NULL
"2570","2018-05-15T18:00:58.762Z","26.85411","2",NULL
"2571","2018-05-15T18:00:58.610Z","28.655059","1",NULL
"2572","2018-05-15T18:00:24.447Z","31.493078","4",NULL
"2573","2018-05-15T18:00:24.884Z","31.703771","3",NULL
"2574","2018-05-15T18:00:59.367Z","26.326809","2",NULL
"2575","2018-05-15T18:00:58.761Z","28.400777","1",NULL
"2576","2018-05-15T18:00:25.152Z","31.454168","3",NULL
"2577","2018-05-15T18:00:24.491Z","31.444774","4",NULL
"2578","2018-05-15T18:00:59.458Z","26.15757","2",NULL
"2579","2018-05-15T18:00:59.349Z","27.956809","1",NULL
"2580","2018-05-15T18:00:25.385Z","31.205722","3",NULL
"2581","2018-05-15T18:00:24.886Z","31.015771","4",NULL
"2582","2018-05-15T18:00:59.498Z","26.135359","2",NULL
"2583","2018-05-15T18:00:59.454Z","28.454237","1",NULL
"2584","2018-05-15T18:00:25.159Z","30.766168","4",NULL
"2585","2018-05-15T18:00:25.489Z","31.104931","3",NULL
"2586","2018-05-15T18:00:59.763Z","25.934437","2",NULL
"2587","2018-05-15T18:00:59.882Z","25.756396","2",NULL
"2588","2018-05-15T18:00:25.387Z","30.517722","4",NULL
"2589","2018-05-15T18:00:25.915Z","31.104931","3",NULL
"2590","2018-05-15T18:00:59.494Z","29.015359","1",NULL
"2591","2018-05-15T18:01:00.224Z","25.407403","2",NULL
"2592","2018-05-15T18:00:27.094Z","31.031472","3",NULL
"2593","2018-05-15T18:00:25.536Z","30.416931","4",NULL
"2594","2018-05-15T18:00:59.515Z","29.643299","1",NULL
"2595","2018-05-15T18:01:00.514Z","25.154798","2",NULL
"2596","2018-05-15T18:00:27.391Z","30.731479","3",NULL
"2597","2018-05-15T18:00:25.951Z","30.416931","4",NULL
"2598","2018-05-15T18:00:59.682Z","29.481104","1",NULL
"2599","2018-05-15T18:01:00.811Z","24.901003","2",NULL
"2600","2018-05-15T18:00:59.865Z","29.303063","1",NULL
"2601","2018-05-15T18:00:27.435Z","30.722382","3",NULL
"2602","2018-05-15T18:00:27.129Z","32.306139","4",NULL
"2603","2018-05-15T18:01:00.902Z","24.79416","2",NULL
"2604","2018-05-15T18:01:00.215Z","28.95407","1",NULL
"2605","2018-05-15T18:00:27.828Z","32.25095","3",NULL
"2606","2018-05-15T18:00:27.131Z","32.266722","4",NULL
"2607","2018-05-15T18:01:01.214Z","24.79416","2",NULL
"2608","2018-05-15T18:01:00.512Z","28.701465","1",NULL
"2609","2018-05-15T18:00:27.410Z","32.006146","4",NULL
"2610","2018-05-15T18:00:27.842Z","32.248567","3",NULL
"2611","2018-05-15T18:01:02.258Z","24.717653","2",NULL
"2612","2018-05-15T18:00:27.437Z","31.997049","4",NULL
"2613","2018-05-15T18:01:00.764Z","28.44767","1",NULL
"2614","2018-05-15T18:00:27.951Z","32.173712","3",NULL
"2615","2018-05-15T18:01:02.604Z","24.340016","2",NULL
"2616","2018-05-15T18:01:00.847Z","28.340827","1",NULL
"2617","2018-05-15T18:00:27.831Z","31.525617","4",NULL
"2618","2018-05-15T18:00:28.062Z","32.01691","3",NULL
"2619","2018-05-15T18:01:02.683Z","26.083031","2",NULL
"2620","2018-05-15T18:00:28.208Z","31.938621","3",NULL
"2621","2018-05-15T18:00:27.994Z","31.448379","4",NULL
"2622","2018-05-15T18:01:01.213Z","28.340827","1",NULL
"2623","2018-05-15T18:01:03.044Z","25.859016","2",NULL
"2624","2018-05-15T18:01:02.243Z","28.26432","1",NULL
"2625","2018-05-15T18:00:28.081Z","31.291577","4",NULL
"2626","2018-05-15T18:00:29.300Z","31.025565","3",NULL
"2627","2018-05-15T18:01:03.850Z","25.359579","2",NULL
"2628","2018-05-15T18:00:28.242Z","31.213288","4",NULL
"2629","2018-05-15T18:01:02.564Z","27.886683","1",NULL
"2630","2018-05-15T18:01:03.980Z","25.352131","2",NULL
"2631","2018-05-15T18:00:29.483Z","30.697833","3",NULL
"2632","2018-05-15T18:00:29.302Z","30.300232","4",NULL
"2633","2018-05-15T18:01:04.130Z","24.70499","2",NULL
"2634","2018-05-15T18:01:03.028Z","27.859683","1",NULL
"2635","2018-05-15T18:00:29.545Z","30.694338","3",NULL
"2636","2018-05-15T18:00:29.543Z","31.935166","4",NULL
"2637","2018-05-15T18:00:29.826Z","30.261335","3",NULL
"2638","2018-05-15T18:01:04.138Z","24.703266","2",NULL
"2639","2018-05-15T18:01:03.703Z","28.943579","1",NULL
"2640","2018-05-15T18:00:29.592Z","31.931671","4",NULL
"2641","2018-05-15T18:01:03.953Z","28.936131","1",NULL
"2642","2018-05-15T18:00:29.830Z","30.226139","3",NULL
"2643","2018-05-15T18:01:04.336Z","24.50134","2",NULL
"2644","2018-05-15T18:00:29.787Z","31.535157","4",NULL
"2645","2018-05-15T18:01:04.057Z","28.642332","1",NULL
"2646","2018-05-15T18:01:05.243Z","23.616044","2",NULL
"2647","2018-05-15T18:00:29.894Z","32.157397","3",NULL
"2648","2018-05-15T18:00:29.828Z","31.498668","4",NULL
"2649","2018-05-15T18:01:05.322Z","23.604028","2",NULL
"2650","2018-05-15T18:01:04.114Z","28.28899","1",NULL
"2651","2018-05-15T18:00:30.037Z","32.014132","3",NULL
"2652","2018-05-15T18:00:29.845Z","31.463472","4",NULL
"2653","2018-05-15T18:00:30.141Z","31.911953","3",NULL
"2654","2018-05-15T18:01:05.606Z","23.26633","2",NULL
"2655","2018-05-15T18:01:04.135Z","28.287266","1",NULL
"2656","2018-05-15T18:00:30.040Z","31.251465","4",NULL
"2657","2018-05-15T18:00:30.633Z","31.42031","3",NULL
"2658","2018-05-15T18:01:05.609Z","23.227619","2",NULL
"2659","2018-05-15T18:01:04.283Z","28.543673","1",NULL
"2660","2018-05-15T18:00:30.158Z","31.149286","4",NULL
"2661","2018-05-15T18:01:05.239Z","28.241711","1",NULL
"2662","2018-05-15T18:01:05.784Z","24.947502","2",NULL
"2663","2018-05-15T18:00:30.885Z","31.169192","3",NULL
"2664","2018-05-15T18:00:30.649Z","30.657643","4",NULL
"2665","2018-05-15T18:01:05.277Z","28.229695","1",NULL
"2666","2018-05-15T18:01:05.896Z","24.935825","2",NULL
"2667","2018-05-15T18:00:31.419Z","30.773877","3",NULL
"2668","2018-05-15T18:00:30.887Z","30.406525","4",NULL
"2669","2018-05-15T18:00:31.637Z","30.773877","3",NULL
"2670","2018-05-15T18:01:05.990Z","24.926574","2",NULL
"2671","2018-05-15T18:01:05.603Z","28.433663","1",NULL
"2672","2018-05-15T18:00:31.424Z","30.01121","4",NULL
"2673","2018-05-15T18:01:05.608Z","28.394952","1",NULL
"2674","2018-05-15T18:00:32.436Z","32.773877","3",NULL
"2675","2018-05-15T18:01:06.728Z","24.411922","2",NULL
"2676","2018-05-15T18:00:31.653Z","31.973877","4",NULL
"2677","2018-05-15T18:01:05.847Z","28.557158","1",NULL
"2678","2018-05-15T18:00:32.526Z","32.773877","3",NULL
"2679","2018-05-15T18:01:06.896Z","24.305245","2",NULL
"2680","2018-05-15T18:00:31.692Z","31.973877","4",NULL
"2681","2018-05-15T18:00:32.308Z","33.936544","4",NULL
"2682","2018-05-15T18:01:05.899Z","28.547907","1",NULL
"2683","2018-05-15T18:00:32.883Z","32.760387","3",NULL
"2684","2018-05-15T18:01:07.086Z","23.763335","2",NULL
"2685","2018-05-15T18:00:32.545Z","33.936544","4",NULL
"2686","2018-05-15T18:00:33.221Z","32.515275","3",NULL
"2687","2018-05-15T18:01:07.171Z","23.762303","2",NULL
"2688","2018-05-15T18:01:06.017Z","28.505857","1",NULL
"2689","2018-05-15T18:00:32.899Z","33.923054","4",NULL
"2690","2018-05-15T18:00:33.820Z","31.875701","3",NULL
"2691","2018-05-15T18:01:07.563Z","25.260427","2",NULL
"2692","2018-05-15T18:01:06.726Z","28.408255","1",NULL
"2693","2018-05-15T18:00:33.229Z","33.677942","4",NULL
"2694","2018-05-15T18:00:34.415Z","31.508012","3",NULL
"2695","2018-05-15T18:01:07.610Z","25.236022","2",NULL
"2696","2018-05-15T18:01:06.856Z","28.301578","1",NULL
"2697","2018-05-15T18:00:33.824Z","33.038368","4",NULL
"2698","2018-05-15T18:01:07.688Z","25.23359","2",NULL
"2699","2018-05-15T18:01:07.067Z","28.509668","1",NULL
"2700","2018-05-15T18:00:34.585Z","32.277152","3",NULL
"2701","2018-05-15T18:00:34.430Z","32.670679","4",NULL
"2702","2018-05-15T18:01:07.954Z","26.882924","2",NULL
"2703","2018-05-15T18:00:34.784Z","32.271037","3",NULL
"2704","2018-05-15T18:01:07.103Z","28.508636","1",NULL
"2705","2018-05-15T18:00:34.760Z","32.356486","4",NULL
"2706","2018-05-15T18:01:07.499Z","28.377427","1",NULL
"2707","2018-05-15T18:00:34.909Z","32.681805","3",NULL
"2708","2018-05-15T18:01:07.996Z","26.834621","2",NULL
"2709","2018-05-15T18:00:34.786Z","32.350371","4",NULL
"2710","2018-05-15T18:01:07.588Z","28.353022","1",NULL
"2711","2018-05-15T18:01:08.058Z","26.796197","2",NULL
"2712","2018-05-15T18:00:34.999Z","32.671457","3",NULL
"2713","2018-05-15T18:00:34.937Z","32.011139","4",NULL
"2714","2018-05-15T18:01:07.923Z","28.412257","1",NULL
"2715","2018-05-15T18:00:35.110Z","32.603343","3",NULL
"2716","2018-05-15T18:01:08.189Z","26.585626","2",NULL
"2717","2018-05-15T18:00:35.002Z","32.000791","4",NULL
"2718","2018-05-15T18:01:07.966Z","28.363954","1",NULL
"2719","2018-05-15T18:00:35.164Z","32.554721","3",NULL
"2720","2018-05-15T18:01:08.197Z","26.539714","2",NULL
"2721","2018-05-15T18:00:35.201Z","31.717388","4",NULL
"2722","2018-05-15T18:00:35.247Z","32.462367","3",NULL
"2723","2018-05-15T18:01:08.461Z","26.262904","2",NULL
"2724","2018-05-15T18:01:08.123Z","28.290759","1",NULL
"2725","2018-05-15T18:00:35.251Z","31.625034","4",NULL
"2726","2018-05-15T18:01:08.187Z","28.281626","1",NULL
"2727","2018-05-15T18:01:08.745Z","26.004555","2",NULL
"2728","2018-05-15T18:00:35.643Z","32.050902","3",NULL
"2729","2018-05-15T18:00:35.653Z","31.213569","4",NULL
"2730","2018-05-15T18:01:08.192Z","28.235714","1",NULL
"2731","2018-05-15T18:00:36.317Z","31.382683","3",NULL
"2732","2018-05-15T18:01:09.214Z","25.517708","2",NULL
"2733","2018-05-15T18:00:36.332Z","30.54535","4",NULL
"2734","2018-05-15T18:01:08.459Z","27.958904","1",NULL
"2735","2018-05-15T18:00:36.376Z","31.327113","3",NULL
"2736","2018-05-15T18:01:09.579Z","27.192804","2",NULL
"2737","2018-05-15T18:00:36.349Z","32.458407","4",NULL
"2738","2018-05-15T18:01:09.661Z","27.136263","2",NULL
"2739","2018-05-15T18:00:36.504Z","33.188657","3",NULL
"2740","2018-05-15T18:01:08.743Z","27.700555","1",NULL
"2741","2018-05-15T18:00:36.383Z","32.452446","4",NULL
"2742","2018-05-15T18:01:09.210Z","27.213708","1",NULL
"2743","2018-05-15T18:01:09.776Z","26.927557","2",NULL
"2744","2018-05-15T18:00:36.698Z","33.04219","3",NULL
"2745","2018-05-15T18:00:36.713Z","32.167523","4",NULL
"2746","2018-05-15T18:01:09.576Z","26.926137","1",NULL
"2747","2018-05-15T18:00:36.811Z","32.946209","3",NULL
"2748","2018-05-15T18:01:09.794Z","26.900874","2",NULL
"2749","2018-05-15T18:00:36.877Z","32.071542","4",NULL
"2750","2018-05-15T18:01:09.610Z","26.869596","1",NULL
"2751","2018-05-15T18:01:10.167Z","26.52044","2",NULL
"2752","2018-05-15T18:00:36.961Z","32.788852","3",NULL
"2753","2018-05-15T18:00:36.999Z","31.914185","4",NULL
"2754","2018-05-15T18:01:09.791Z","26.634207","1",NULL
"2755","2018-05-15T18:01:10.489Z","26.52044","2",NULL
"2756","2018-05-15T18:00:37.059Z","32.646809","3",NULL
"2757","2018-05-15T18:00:37.083Z","31.772142","4",NULL
"2758","2018-05-15T18:01:10.165Z","26.253773","1",NULL
"2759","2018-05-15T18:01:12.667Z","26.146228","2",NULL
"2760","2018-05-15T18:00:37.874Z","32.646809","3",NULL
"2761","2018-05-15T18:00:37.963Z","31.772142","4",NULL
"2762","2018-05-15T18:01:13.061Z","27.707103","2",NULL
"2763","2018-05-15T18:01:10.477Z","26.253773","1",NULL
"2764","2018-05-15T18:00:39.138Z","32.646809","3",NULL
"2765","2018-05-15T18:00:39.085Z","33.734809","4",NULL
"2766","2018-05-15T18:01:12.643Z","25.879561","1",NULL
"2767","2018-05-15T18:01:13.086Z","27.65931","2",NULL
"2768","2018-05-15T18:00:39.891Z","32.425225","3",NULL
"2769","2018-05-15T18:00:39.140Z","33.734809","4",NULL
"2770","2018-05-15T18:01:13.782Z","27.089242","2",NULL
"2771","2018-05-15T18:00:40.240Z","32.159851","3",NULL
"2772","2018-05-15T18:01:13.058Z","25.47777","1",NULL
"2773","2018-05-15T18:00:39.892Z","33.513225","4",NULL
"2774","2018-05-15T18:01:13.780Z","24.943242","1",NULL
"2775","2018-05-15T18:01:13.819Z","27.085407","2",NULL
"2776","2018-05-15T18:00:40.470Z","31.91032","3",NULL
"2777","2018-05-15T18:00:40.334Z","33.247851","4",NULL
"2778","2018-05-15T18:01:13.817Z","24.939407","1",NULL
"2779","2018-05-15T18:01:14.259Z","28.76655","2",NULL
"2780","2018-05-15T18:00:40.808Z","31.617489","3",NULL
"2781","2018-05-15T18:00:40.483Z","32.99832","4",NULL
"2782","2018-05-15T18:01:14.144Z","24.82455","1",NULL
"2783","2018-05-15T18:00:40.860Z","32.705489","4",NULL
"2784","2018-05-15T18:01:14.351Z","28.648629","2",NULL
"2785","2018-05-15T18:00:41.619Z","30.77914","3",NULL
"2786","2018-05-15T18:01:14.338Z","24.706629","1",NULL
"2787","2018-05-15T18:01:14.389Z","28.563147","2",NULL
"2788","2018-05-15T18:00:41.683Z","31.86714","4",NULL
"2789","2018-05-15T18:00:42.292Z","30.146212","3",NULL
"2790","2018-05-15T18:01:15.359Z","23.995203","1",NULL
"2791","2018-05-15T18:01:15.407Z","27.645536","2",NULL
"2792","2018-05-15T18:00:42.371Z","31.234212","4",NULL
"2793","2018-05-15T18:00:42.557Z","30.330969","3",NULL
"2794","2018-05-15T18:01:15.415Z","23.971943","1",NULL
"2795","2018-05-15T18:01:15.418Z","27.622276","2",NULL
"2796","2018-05-15T18:00:42.646Z","30.320722","3",NULL
"2797","2018-05-15T18:00:42.597Z","30.918969","4",NULL
"2798","2018-05-15T18:01:15.654Z","23.881932","1",NULL
"2799","2018-05-15T18:00:42.654Z","30.908722","4",NULL
"2800","2018-05-15T18:01:15.689Z","27.282265","2",NULL
"2801","2018-05-15T18:00:42.821Z","30.821945","3",NULL
"2802","2018-05-15T18:01:15.749Z","23.840764","1",NULL
"2803","2018-05-15T18:00:43.078Z","30.747774","3",NULL
"2804","2018-05-15T18:00:42.867Z","30.659945","4",NULL
"2805","2018-05-15T18:01:15.751Z","27.241097","2",NULL
"2806","2018-05-15T18:01:16.007Z","24.144084","1",NULL
"2807","2018-05-15T18:00:43.143Z","30.585774","4",NULL
"2808","2018-05-15T18:01:16.026Z","28.840418","2",NULL
"2809","2018-05-15T18:00:43.330Z","30.92958","3",NULL
"2810","2018-05-15T18:01:16.058Z","24.063334","1",NULL
"2811","2018-05-15T18:01:16.085Z","28.759668","2",NULL
"2812","2018-05-15T18:00:43.414Z","30.866884","3",NULL
"2813","2018-05-15T18:00:43.396Z","30.184247","4",NULL
"2814","2018-05-15T18:01:16.456Z","24.072662","1",NULL
"2815","2018-05-15T18:00:43.418Z","30.973829","3",NULL
"2816","2018-05-15T18:01:16.168Z","28.656712","2",NULL
"2817","2018-05-15T18:00:43.416Z","30.121551","4",NULL
"2818","2018-05-15T18:01:16.497Z","24.041901","1",NULL
"2819","2018-05-15T18:00:43.478Z","29.930116","4",NULL
"2820","2018-05-15T18:00:43.476Z","30.842116","3",NULL
"2821","2018-05-15T18:01:16.464Z","28.227329","2",NULL
"2822","2018-05-15T18:01:16.575Z","23.936595","1",NULL
"2823","2018-05-15T18:00:43.541Z","30.841166","3",NULL
"2824","2018-05-15T18:00:43.583Z","29.929166","4",NULL
"2825","2018-05-15T18:01:16.593Z","28.091262","2",NULL
"2826","2018-05-15T18:01:16.599Z","23.932306","1",NULL
"2827","2018-05-15T18:00:44.313Z","29.804552","4",NULL
"2828","2018-05-15T18:01:16.612Z","28.086973","2",NULL
"2829","2018-05-15T18:00:44.311Z","30.716552","3",NULL
"2830","2018-05-15T18:01:16.639Z","24.366809","1",NULL
"2831","2018-05-15T18:01:16.656Z","28.021476","2",NULL
"2832","2018-05-15T18:00:44.872Z","31.767219","4",NULL
"2833","2018-05-15T18:00:44.862Z","30.716552","3",NULL
"2834","2018-05-15T18:01:16.702Z","25.796107","1",NULL
"2835","2018-05-15T18:01:17.477Z","27.238293","2",NULL
"2836","2018-05-15T18:00:44.885Z","31.767219","4",NULL
"2837","2018-05-15T18:00:45.153Z","32.383219","3",NULL
"2838","2018-05-15T18:01:17.441Z","26.500293","1",NULL
"2839","2018-05-15T18:01:17.583Z","27.237287","2",NULL
"2840","2018-05-15T18:00:45.226Z","32.716552","3",NULL
"2841","2018-05-15T18:00:45.019Z","33.729885","4",NULL
"2842","2018-05-15T18:01:17.529Z","26.499287","1",NULL
"2843","2018-05-15T18:00:45.440Z","32.716552","3",NULL
"2844","2018-05-15T18:01:18.076Z","26.648456","2",NULL
"2845","2018-05-15T18:00:45.192Z","33.729885","4",NULL
"2846","2018-05-15T18:01:18.074Z","26.493789","1",NULL
"2847","2018-05-15T18:01:18.083Z","26.635642","2",NULL
"2848","2018-05-15T18:00:45.445Z","33.729885","4",NULL
"2849","2018-05-15T18:00:46.623Z","32.588425","3",NULL
"2850","2018-05-15T18:01:18.078Z","26.480975","1",NULL
"2851","2018-05-15T18:00:46.884Z","32.226855","3",NULL
"2852","2018-05-15T18:00:46.638Z","33.601758","4",NULL
"2853","2018-05-15T18:01:18.130Z","26.569189","2",NULL
"2854","2018-05-15T18:01:18.086Z","26.439421","1",NULL
"2855","2018-05-15T18:00:46.887Z","33.240188","4",NULL
"2856","2018-05-15T18:01:18.471Z","26.49004","2",NULL
"2857","2018-05-15T18:00:47.385Z","31.732545","3",NULL
"2858","2018-05-15T18:01:18.107Z","26.414522","1",NULL
"2859","2018-05-15T18:01:18.535Z","26.49004","2",NULL
"2860","2018-05-15T18:00:47.648Z","31.487556","3",NULL
"2861","2018-05-15T18:00:47.390Z","32.745878","4",NULL
"2862","2018-05-15T18:01:18.463Z","26.87704","1",NULL
"2863","2018-05-15T18:00:48.137Z","30.989339","3",NULL
"2864","2018-05-15T18:01:18.791Z","26.49004","2",NULL
"2865","2018-05-15T18:00:47.659Z","32.500889","4",NULL
"2866","2018-05-15T18:01:18.496Z","26.87704","1",NULL
"2867","2018-05-15T18:00:49.482Z","29.647049","3",NULL
"2868","2018-05-15T18:01:19.273Z","26.411963","2",NULL
"2869","2018-05-15T18:00:48.153Z","32.002672","4",NULL
"2870","2018-05-15T18:01:18.744Z","27.87704","1",NULL
"2871","2018-05-15T18:01:19.346Z","26.411022","2",NULL
"2872","2018-05-15T18:00:49.823Z","30.147263","3",NULL
"2873","2018-05-15T18:00:49.501Z","30.660382","4",NULL
"2874","2018-05-15T18:01:18.988Z","28.335373","1",NULL
"2875","2018-05-15T18:01:19.234Z","28.257296","1",NULL
"2876","2018-05-15T18:00:49.594Z","32.502891","4",NULL
"2877","2018-05-15T18:00:49.873Z","30.112005","3",NULL
"2878","2018-05-15T18:01:20.440Z","25.551422","2",NULL
"2879","2018-05-15T18:01:19.301Z","28.256355","1",NULL
"2880","2018-05-15T18:01:20.457Z","25.520253","2",NULL
"2881","2018-05-15T18:00:49.833Z","32.331596","4",NULL
"2882","2018-05-15T18:00:49.961Z","31.159831","3",NULL
"2883","2018-05-15T18:01:20.418Z","27.396755","1",NULL
"2884","2018-05-15T18:00:49.882Z","32.296338","4",NULL
"2885","2018-05-15T18:00:50.107Z","31.143711","3",NULL
"2886","2018-05-15T18:01:21.053Z","25.078664","2",NULL
"2887","2018-05-15T18:01:20.449Z","27.365586","1",NULL
"2888","2018-05-15T18:00:50.148Z","30.973402","3",NULL
"2889","2018-05-15T18:00:50.121Z","32.119711","4",NULL
"2890","2018-05-15T18:01:21.123Z","25.076597","2",NULL
"2891","2018-05-15T18:01:21.016Z","27.465664","1",NULL
"2892","2018-05-15T18:00:50.176Z","31.949402","4",NULL
"2893","2018-05-15T18:01:22.260Z","23.570375","2",NULL
"2894","2018-05-15T18:00:50.498Z","30.741336","3",NULL
"2895","2018-05-15T18:01:21.086Z","27.463597","1",NULL
"2896","2018-05-15T18:00:50.898Z","30.23618","3",NULL
"2897","2018-05-15T18:01:22.333Z","23.565703","2",NULL
"2898","2018-05-15T18:00:50.531Z","31.717336","4",NULL
"2899","2018-05-15T18:01:22.224Z","26.790708","1",NULL
"2900","2018-05-15T18:01:22.784Z","24.781277","2",NULL
"2901","2018-05-15T18:00:51.732Z","29.793922","3",NULL
"2902","2018-05-15T18:00:50.901Z","31.21218","4",NULL
"2903","2018-05-15T18:01:22.321Z","26.786036","1",NULL
"2904","2018-05-15T18:00:51.784Z","30.769922","4",NULL
"2905","2018-05-15T18:00:51.884Z","29.793922","3",NULL
"2906","2018-05-15T18:01:22.789Z","24.780343","2",NULL
"2907","2018-05-15T18:01:22.781Z","26.663944","1",NULL
"2908","2018-05-15T18:00:51.871Z","32.732589","4",NULL
"2909","2018-05-15T18:01:22.795Z","24.757882","2",NULL
"2910","2018-05-15T18:00:51.941Z","31.793922","3",NULL
"2911","2018-05-15T18:01:22.786Z","26.66301","1",NULL
"2912","2018-05-15T18:00:51.885Z","32.732589","4",NULL
"2913","2018-05-15T18:00:52.187Z","31.793922","3",NULL
"2914","2018-05-15T18:01:22.944Z","24.60476","2",NULL
"2915","2018-05-15T18:01:22.942Z","26.487427","1",NULL
"2916","2018-05-15T18:00:52.515Z","33.793922","3",NULL
"2917","2018-05-15T18:01:22.948Z","24.600697","2",NULL
"2918","2018-05-15T18:00:52.209Z","32.732589","4",NULL
"2919","2018-05-15T18:01:22.946Z","26.483364","1",NULL
"2920","2018-05-15T18:00:52.605Z","33.793922","3",NULL
"2921","2018-05-15T18:01:23.013Z","26.488477","2",NULL
"2922","2018-05-15T18:00:52.517Z","32.732589","4",NULL
"2923","2018-05-15T18:01:22.950Z","26.480237","1",NULL
"2924","2018-05-15T18:00:52.955Z","33.792967","3",NULL
"2925","2018-05-15T18:00:53.023Z","32.731634","4",NULL
"2926","2018-05-15T18:01:23.212Z","28.345587","2",NULL
"2927","2018-05-15T18:01:23.210Z","26.80292","1",NULL
"2928","2018-05-15T18:00:53.388Z","33.433375","3",NULL
"2929","2018-05-15T18:01:23.214Z","28.345587","2",NULL
"2930","2018-05-15T18:00:53.400Z","32.372042","4",NULL
"2931","2018-05-15T18:00:53.773Z","33.100922","3",NULL
"2932","2018-05-15T18:01:23.253Z","27.011253","1",NULL
"2933","2018-05-15T18:01:23.259Z","28.345587","2",NULL
"2934","2018-05-15T18:00:53.781Z","32.039589","4",NULL
"2935","2018-05-15T18:00:53.996Z","32.828836","3",NULL
"2936","2018-05-15T18:01:23.316Z","28.30292","1",NULL
"2937","2018-05-15T18:00:54.001Z","31.767503","4",NULL
"2938","2018-05-15T18:01:23.738Z","28.345587","2",NULL
"2939","2018-05-15T18:00:54.384Z","32.433207","3",NULL
"2940","2018-05-15T18:01:23.713Z","29.761253","1",NULL
"2941","2018-05-15T18:01:23.785Z","28.345587","2",NULL
"2942","2018-05-15T18:00:54.395Z","31.371874","4",NULL
"2943","2018-05-15T18:00:54.906Z","31.932013","3",NULL
"2944","2018-05-15T18:01:23.784Z","29.761253","1",NULL
"2945","2018-05-15T18:01:23.907Z","28.345587","2",NULL
"2946","2018-05-15T18:00:54.909Z","30.87068","4",NULL
"2947","2018-05-15T18:00:55.145Z","31.677899","3",NULL
"2948","2018-05-15T18:01:23.853Z","30.30292","1",NULL
"2949","2018-05-15T18:00:55.640Z","31.182344","3",NULL
"2950","2018-05-15T18:01:25.096Z","28.209894","2",NULL
"2951","2018-05-15T18:00:55.147Z","30.616566","4",NULL
"2952","2018-05-15T18:01:23.898Z","30.30292","1",NULL
"2953","2018-05-15T18:00:56.001Z","30.915245","3",NULL
"2954","2018-05-15T18:01:25.474Z","27.765484","2",NULL
"2955","2018-05-15T18:00:55.674Z","30.121011","4",NULL
"2956","2018-05-15T18:01:25.062Z","30.167227","1",NULL
"2957","2018-05-15T18:01:25.994Z","27.268729","2",NULL
"2958","2018-05-15T18:00:56.726Z","30.241576","3",NULL
"2959","2018-05-15T18:00:56.040Z","29.853912","4",NULL
"2960","2018-05-15T18:01:25.468Z","29.722817","1",NULL
"2961","2018-05-15T18:00:56.732Z","29.180243","4",NULL
"2962","2018-05-15T18:01:26.282Z","26.974562","2",NULL
"2963","2018-05-15T18:00:56.892Z","29.984259","3",NULL
"2964","2018-05-15T18:01:25.964Z","29.226062","1",NULL
"2965","2018-05-15T18:01:26.710Z","26.544037","2",NULL
"2966","2018-05-15T18:00:56.747Z","30.98446","4",NULL
"2967","2018-05-15T18:00:56.920Z","29.917382","3",NULL
"2968","2018-05-15T18:01:26.273Z","28.931895","1",NULL
"2969","2018-05-15T18:01:27.199Z","26.116444","2",NULL
"2970","2018-05-15T18:00:57.156Z","29.73347","3",NULL
"2971","2018-05-15T18:00:56.906Z","30.885592","4",NULL
"2972","2018-05-15T18:01:26.707Z","28.50137","1",NULL
"2973","2018-05-15T18:01:27.701Z","25.614616","2",NULL
"2974","2018-05-15T18:00:57.226Z","29.684718","3",NULL
"2975","2018-05-15T18:00:56.933Z","30.818715","4",NULL
"2976","2018-05-15T18:01:28.075Z","25.260309","2",NULL
"2977","2018-05-15T18:01:27.168Z","28.073777","1",NULL
"2978","2018-05-15T18:00:57.510Z","30.355822","3",NULL
"2979","2018-05-15T18:00:57.184Z","30.634803","4",NULL
"2980","2018-05-15T18:01:27.665Z","27.571949","1",NULL
"2981","2018-05-15T18:01:28.268Z","25.072468","2",NULL
"2982","2018-05-15T18:00:57.570Z","30.317336","3",NULL
"2983","2018-05-15T18:00:57.228Z","30.586051","4",NULL
"2984","2018-05-15T18:01:28.376Z","24.945219","2",NULL
"2985","2018-05-15T18:01:28.039Z","27.217642","1",NULL
"2986","2018-05-15T18:00:57.372Z","32.298598","4",NULL
"2987","2018-05-15T18:00:57.760Z","30.433523","3",NULL
"2988","2018-05-15T18:01:28.812Z","24.580485","2",NULL
"2989","2018-05-15T18:01:28.169Z","27.696468","1",NULL
"2990","2018-05-15T18:00:57.777Z","30.422867","3",NULL
"2991","2018-05-15T18:00:57.540Z","32.219822","4",NULL
"2992","2018-05-15T18:01:28.833Z","24.551363","2",NULL
"2993","2018-05-15T18:01:28.350Z","28.402552","1",NULL
"2994","2018-05-15T18:00:57.926Z","30.880876","3",NULL
"2995","2018-05-15T18:00:57.658Z","32.181336","4",NULL
"2996","2018-05-15T18:01:29.122Z","24.225097","2",NULL
"2997","2018-05-15T18:01:28.793Z","28.537818","1",NULL
"2998","2018-05-15T18:00:58.044Z","30.766068","3",NULL
"2999","2018-05-15T18:00:57.775Z","31.922523","4",NULL
"3000","2018-05-15T18:01:29.316Z","23.983716","2",NULL
"3001","2018-05-15T18:01:28.822Z","28.508696","1",NULL
"3002","2018-05-15T18:00:58.192Z","30.678816","3",NULL
"3003","2018-05-15T18:00:57.786Z","31.911867","4",NULL
"3004","2018-05-15T18:01:28.861Z","28.409604","1",NULL
"3005","2018-05-15T18:01:29.685Z","23.723364","2",NULL
"3006","2018-05-15T18:00:59.305Z","29.826394","3",NULL
"3007","2018-05-15T18:00:58.049Z","31.630068","4",NULL
"3008","2018-05-15T18:01:29.925Z","23.393978","2",NULL
"3009","2018-05-15T18:01:29.087Z","28.18243","1",NULL
"3010","2018-05-15T18:00:59.608Z","29.826394","3",NULL
"3011","2018-05-15T18:00:58.211Z","31.542816","4",NULL
"3012","2018-05-15T18:01:29.997Z","23.349101","2",NULL
"3013","2018-05-15T18:01:29.309Z","27.941049","1",NULL
"3014","2018-05-15T18:00:59.697Z","31.826394","3",NULL
"3015","2018-05-15T18:00:59.319Z","30.690394","4",NULL
"3016","2018-05-15T18:01:29.629Z","27.805697","1",NULL
"3017","2018-05-15T18:01:30.219Z","23.084461","2",NULL
"3018","2018-05-15T18:00:59.784Z","31.826394","3",NULL
"3019","2018-05-15T18:00:59.493Z","32.653061","4",NULL
"3020","2018-05-15T17:59:33.613Z","0","5",NULL
"3021","2018-05-15T18:01:01.471Z","31.456284","3",NULL
"3022","2018-05-15T17:59:33.721Z","0","5",NULL
"3023","2018-05-15T18:00:59.638Z","32.653061","4",NULL
"3024","2018-05-15T18:01:30.316Z","22.960536","2",NULL
"3025","2018-05-15T18:01:29.889Z","28.142978","1",NULL
"3026","2018-05-15T17:59:33.645Z","0","6",NULL
"3027","2018-05-15T18:01:01.902Z","31.129634","3",NULL
"3028","2018-05-15T18:01:01.975Z","31.071653","3",NULL
"3029","2018-05-15T18:01:30.737Z","22.531018","2",NULL
"3030","2018-05-15T17:59:33.714Z","0","6",NULL
"3031","2018-05-15T17:59:33.878Z","1.416666","5",NULL
"3032","2018-05-15T18:01:29.983Z","28.098101","1",NULL
"3033","2018-05-15T18:00:59.787Z","32.653061","4",NULL
"3034","2018-05-15T18:01:02.237Z","32.01508","3",NULL
"3035","2018-05-15T18:01:31.211Z","22.033024","2",NULL
"3036","2018-05-15T18:01:30.142Z","29.058484","1",NULL
"3037","2018-05-15T18:01:01.504Z","32.282951","4",NULL
"3038","2018-05-15T17:59:34.294Z","1.999999","5",NULL
"3039","2018-05-15T17:59:33.931Z","1.962666","6",NULL
"3040","2018-05-15T18:01:02.290Z","31.966403","3",NULL
"3041","2018-05-15T18:01:31.460Z","21.781971","2",NULL
"3042","2018-05-15T18:01:01.944Z","31.956301","4",NULL
"3043","2018-05-15T17:59:34.413Z","1.999999","5",NULL
"3044","2018-05-15T17:59:33.977Z","1.962666","6",NULL
"3045","2018-05-15T18:01:30.153Z","29.041794","1",NULL
"3046","2018-05-15T18:01:02.422Z","32.530474","3",NULL
"3047","2018-05-15T18:01:31.849Z","21.531708","2",NULL
"3048","2018-05-15T18:01:02.002Z","31.89832","4",NULL
"3049","2018-05-15T17:59:34.524Z","1.962666","6",NULL
"3050","2018-05-15T18:01:30.314Z","28.917869","1",NULL
"3051","2018-05-15T17:59:34.791Z","3.999999","5",NULL
"3052","2018-05-15T18:01:02.496Z","32.494834","3",NULL
"3053","2018-05-15T18:01:32.323Z","21.040066","2",NULL
"3054","2018-05-15T18:01:02.278Z","31.633414","4",NULL
"3055","2018-05-15T17:59:34.814Z","1.962666","6",NULL
"3056","2018-05-15T18:01:30.720Z","28.488351","1",NULL
"3057","2018-05-15T17:59:34.815Z","3.999999","5",NULL
"3058","2018-05-15T18:01:02.646Z","32.258568","3",NULL
"3059","2018-05-15T18:01:32.472Z","20.78111","2",NULL
"3060","2018-05-15T17:59:34.837Z","1.962666","6",NULL
"3061","2018-05-15T18:01:02.343Z","31.584737","4",NULL
"3062","2018-05-15T17:59:34.850Z","3.999999","5",NULL
"3063","2018-05-15T18:01:31.208Z","27.990357","1",NULL
"3064","2018-05-15T18:01:02.898Z","32.200901","3",NULL
"3065","2018-05-15T17:59:34.930Z","3.999999","5",NULL
"3066","2018-05-15T18:01:31.458Z","27.739304","1",NULL
"3067","2018-05-15T17:59:34.931Z","3.925332","6",NULL
"3068","2018-05-15T18:01:02.476Z","31.357141","4",NULL
"3069","2018-05-15T18:01:32.886Z","20.359621","2",NULL
"3070","2018-05-15T18:01:03.208Z","31.734237","3",NULL
"3071","2018-05-15T18:01:31.792Z","27.489041","1",NULL
"3072","2018-05-15T18:01:02.544Z","31.321501","4",NULL
"3073","2018-05-15T17:59:36.180Z","5.999999","5",NULL
"3074","2018-05-15T18:01:33.209Z","20.359621","2",NULL
"3075","2018-05-15T17:59:34.934Z","3.925332","6",NULL
"3076","2018-05-15T18:01:03.640Z","31.245894","3",NULL
"3077","2018-05-15T18:01:02.925Z","31.027568","4",NULL
"3078","2018-05-15T18:01:32.300Z","26.997399","1",NULL
"3079","2018-05-15T17:59:36.260Z","5.999999","5",NULL
"3080","2018-05-15T17:59:36.018Z","5.887999","6",NULL
"3081","2018-05-15T18:01:34.974Z","22.322287","2",NULL
"3082","2018-05-15T18:01:03.983Z","30.919066","3",NULL
"3083","2018-05-15T17:59:36.204Z","7.850666","6",NULL
"3084","2018-05-15T18:01:32.470Z","26.738443","1",NULL
"3085","2018-05-15T18:01:03.255Z","30.560904","4",NULL
"3086","2018-05-15T18:01:34.976Z","22.322287","2",NULL
"3087","2018-05-15T17:59:36.583Z","7.874999","5",NULL
"3088","2018-05-15T18:01:04.025Z","30.87466","3",NULL
"3089","2018-05-15T18:01:03.642Z","30.072561","4",NULL
"3090","2018-05-15T18:01:35.256Z","24.284954","2",NULL
"3091","2018-05-15T17:59:36.728Z","7.999999","5",NULL
"3092","2018-05-15T17:59:36.257Z","7.850666","6",NULL
"3093","2018-05-15T18:01:32.880Z","26.316954","1",NULL
"3094","2018-05-15T18:01:04.074Z","32.824217","3",NULL
"3095","2018-05-15T18:01:33.208Z","26.316954","1",NULL
"3096","2018-05-15T17:59:36.608Z","9.813332","6",NULL
"3097","2018-05-15T18:01:35.275Z","24.284954","2",NULL
"3098","2018-05-15T18:01:03.952Z","31.737059","4",NULL
"3099","2018-05-15T17:59:36.996Z","7.999999","5",NULL
"3100","2018-05-15T18:01:04.344Z","32.5543","3",NULL
"3101","2018-05-15T17:59:36.618Z","9.813332","6",NULL
"3102","2018-05-15T18:01:35.343Z","26.247621","2",NULL
"3103","2018-05-15T17:59:37.282Z","9.999999","5",NULL
"3104","2018-05-15T18:01:03.985Z","31.708399","4",NULL
"3105","2018-05-15T18:01:34.928Z","26.316954","1",NULL
"3106","2018-05-15T18:01:04.403Z","32.508913","3",NULL
"3107","2018-05-15T17:59:36.825Z","11.775999","6",NULL
"3108","2018-05-15T18:01:35.254Z","26.316954","1",NULL
"3109","2018-05-15T18:01:35.702Z","26.247621","2",NULL
"3110","2018-05-15T18:01:04.027Z","33.62666","4",NULL
"3111","2018-05-15T17:59:37.298Z","9.999999","5",NULL
"3112","2018-05-15T18:01:04.887Z","32.017969","3",NULL
"3113","2018-05-15T17:59:36.986Z","11.775999","6",NULL
"3114","2018-05-15T17:59:37.656Z","11.999999","5",NULL
"3115","2018-05-15T18:01:04.046Z","33.608396","4",NULL
"3116","2018-05-15T18:01:36.009Z","26.130778","2",NULL
"3117","2018-05-15T18:01:35.692Z","26.316954","1",NULL
"3118","2018-05-15T18:01:05.444Z","31.519426","3",NULL
"3119","2018-05-15T17:59:37.192Z","13.738666","6",NULL
"3120","2018-05-15T17:59:38.190Z","11.677291","5",NULL
"3121","2018-05-15T18:01:36.098Z","28.074753","2",NULL
"3122","2018-05-15T18:01:04.349Z","33.3063","4",NULL
"3123","2018-05-15T18:01:36.005Z","27.866778","1",NULL
"3124","2018-05-15T18:01:05.644Z","31.270232","3",NULL
"3125","2018-05-15T17:59:38.615Z","11.321564","5",NULL
"3126","2018-05-15T18:01:04.462Z","33.260913","4",NULL
"3127","2018-05-15T17:59:37.287Z","13.738666","6",NULL
"3128","2018-05-15T18:01:36.054Z","28.184881","1",NULL
"3129","2018-05-15T18:01:36.170Z","27.998324","2",NULL
"3130","2018-05-15T18:01:06.903Z","30.035582","3",NULL
"3131","2018-05-15T18:01:36.077Z","28.18142","1",NULL
"3132","2018-05-15T17:59:38.813Z","11.103513","5",NULL
"3133","2018-05-15T18:01:36.512Z","27.782922","2",NULL
"3134","2018-05-15T17:59:37.427Z","15.701332","6",NULL
"3135","2018-05-15T18:01:04.889Z","32.769969","4",NULL
"3136","2018-05-15T18:01:07.377Z","29.858865","3",NULL
"3137","2018-05-15T18:01:36.495Z","27.889589","1",NULL
"3138","2018-05-15T17:59:38.872Z","11.079787","5",NULL
"3139","2018-05-15T18:01:36.880Z","27.360033","2",NULL
"3140","2018-05-15T17:59:38.210Z","15.378624","6",NULL
"3141","2018-05-15T18:01:05.482Z","32.271426","4",NULL
"3142","2018-05-15T18:01:07.438Z","29.858865","3",NULL
"3143","2018-05-15T18:01:36.850Z","27.4667","1",NULL
"3144","2018-05-15T17:59:39.317Z","10.540949","5",NULL
"3145","2018-05-15T18:01:37.270Z","28.90445","2",NULL
"3146","2018-05-15T17:59:38.629Z","15.022897","6",NULL
"3147","2018-05-15T18:01:05.671Z","32.022232","4",NULL
"3148","2018-05-15T18:01:07.575Z","31.358865","3",NULL
"3149","2018-05-15T17:59:38.834Z","16.767513","6",NULL
"3150","2018-05-15T18:01:07.001Z","30.787582","4",NULL
"3151","2018-05-15T18:01:37.480Z","27.554002","1",NULL
"3152","2018-05-15T18:01:37.528Z","28.743335","2",NULL
"3153","2018-05-15T17:59:39.425Z","10.416939","5",NULL
"3154","2018-05-15T18:01:07.630Z","31.858865","3",NULL
"3155","2018-05-15T18:01:37.681Z","28.686977","2",NULL
"3156","2018-05-15T17:59:39.614Z","11.175338","5",NULL
"3157","2018-05-15T17:59:38.910Z","16.743787","6",NULL
"3158","2018-05-15T18:01:07.413Z","30.610865","4",NULL
"3159","2018-05-15T18:01:37.651Z","27.497644","1",NULL
"3160","2018-05-15T18:01:07.834Z","31.858865","3",NULL
"3161","2018-05-15T18:01:37.856Z","27.640405","1",NULL
"3162","2018-05-15T17:59:39.882Z","11.610903","5",NULL
"3163","2018-05-15T17:59:38.939Z","16.713236","6",NULL
"3164","2018-05-15T18:01:37.757Z","30.341619","2",NULL
"3165","2018-05-15T18:01:07.444Z","30.610865","4",NULL
"3166","2018-05-15T18:01:09.699Z","31.808613","3",NULL
"3167","2018-05-15T18:01:37.915Z","27.573024","1",NULL
"3168","2018-05-15T17:59:40.512Z","11.699319","5",NULL
"3169","2018-05-15T18:01:37.862Z","30.292405","2",NULL
"3170","2018-05-15T18:01:07.547Z","32.573532","4",NULL
"3171","2018-05-15T17:59:39.498Z","16.080939","6",NULL
"3172","2018-05-15T18:01:09.840Z","32.579671","3",NULL
"3173","2018-05-15T18:01:38.188Z","28.049065","1",NULL
"3174","2018-05-15T18:01:37.940Z","30.225024","2",NULL
"3175","2018-05-15T17:59:41.270Z","11.699319","5",NULL
"3176","2018-05-15T17:59:39.661Z","15.881005","6",NULL
"3177","2018-05-15T18:01:07.594Z","32.573532","4",NULL
"3178","2018-05-15T18:01:09.906Z","33.524376","3",NULL
"3179","2018-05-15T18:01:38.434Z","27.997169","1",NULL
"3180","2018-05-15T18:01:07.836Z","32.573532","4",NULL
"3181","2018-05-15T17:59:41.335Z","11.699319","5",NULL
"3182","2018-05-15T17:59:39.898Z","15.69157","6",NULL
"3183","2018-05-15T18:01:38.366Z","29.992732","2",NULL
"3184","2018-05-15T18:01:09.927Z","33.517374","3",NULL
"3185","2018-05-15T18:01:38.452Z","29.940836","2",NULL
"3186","2018-05-15T18:01:09.586Z","34.51474","4",NULL
"3187","2018-05-15T17:59:41.342Z","11.699319","5",NULL
"3188","2018-05-15T17:59:41.271Z","15.363319","6",NULL
"3189","2018-05-15T18:01:38.495Z","27.752736","1",NULL
"3190","2018-05-15T18:01:09.959Z","33.470748","3",NULL
"3191","2018-05-15T18:01:09.747Z","34.485946","4",NULL
"3192","2018-05-15T18:01:38.626Z","29.547736","2",NULL
"3193","2018-05-15T17:59:41.346Z","11.567991","5",NULL
"3194","2018-05-15T17:59:41.340Z","15.363319","6",NULL
"3195","2018-05-15T18:01:38.619Z","27.729069","1",NULL
"3196","2018-05-15T18:01:10.382Z","33.05074","3",NULL
"3197","2018-05-15T17:59:42.259Z","12.303933","5",NULL
"3198","2018-05-15T18:01:38.677Z","29.546134","2",NULL
"3199","2018-05-15T18:01:38.666Z","27.727467","1",NULL
"3200","2018-05-15T17:59:41.343Z","15.363319","6",NULL
"3201","2018-05-15T18:01:09.846Z","34.340337","4",NULL
"3202","2018-05-15T18:01:10.882Z","32.550933","3",NULL
"3203","2018-05-15T18:01:09.941Z","34.194707","4",NULL
"3204","2018-05-15T18:01:39.014Z","29.302975","2",NULL
"3205","2018-05-15T17:59:42.398Z","12.245761","5",NULL
"3206","2018-05-15T18:01:39.006Z","27.484308","1",NULL
"3207","2018-05-15T17:59:41.385Z","15.190324","6",NULL
"3208","2018-05-15T18:01:11.397Z","32.102843","3",NULL
"3209","2018-05-15T18:01:39.123Z","27.149754","1",NULL
"3210","2018-05-15T18:01:39.164Z","28.968421","2",NULL
"3211","2018-05-15T17:59:42.787Z","12.06325","5",NULL
"3212","2018-05-15T17:59:41.735Z","16.601515","6",NULL
"3213","2018-05-15T18:01:09.963Z","34.148081","4",NULL
"3214","2018-05-15T18:01:11.675Z","32.050176","3",NULL
"3215","2018-05-15T18:01:39.544Z","26.696496","1",NULL
"3216","2018-05-15T18:01:39.551Z","28.515163","2",NULL
"3217","2018-05-15T17:59:43.027Z","11.998303","5",NULL
"3218","2018-05-15T17:59:42.307Z","16.4306","6",NULL
"3219","2018-05-15T18:01:10.397Z","33.728073","4",NULL
"3220","2018-05-15T18:01:11.689Z","33.618144","3",NULL
"3221","2018-05-15T18:01:39.895Z","26.435053","1",NULL
"3222","2018-05-15T17:59:42.453Z","16.372428","6",NULL
"3223","2018-05-15T17:59:43.041Z","11.921347","5",NULL
"3224","2018-05-15T18:01:10.884Z","33.228266","4",NULL
"3225","2018-05-15T18:01:39.959Z","30.216386","2",NULL
"3226","2018-05-15T18:01:11.746Z","33.711689","3",NULL
"3227","2018-05-15T18:01:40.079Z","26.156116","1",NULL
"3228","2018-05-15T18:01:11.405Z","32.780176","4",NULL
"3229","2018-05-15T17:59:43.361Z","11.506634","5",NULL
"3230","2018-05-15T17:59:42.846Z","15.689917","6",NULL
"3231","2018-05-15T18:01:40.048Z","29.965646","2",NULL
"3232","2018-05-15T18:01:12.034Z","33.395532","3",NULL
"3233","2018-05-15T18:01:40.296Z","25.970471","1",NULL
"3234","2018-05-15T17:59:43.403Z","11.486577","5",NULL
"3235","2018-05-15T17:59:43.030Z","15.62497","6",NULL
"3236","2018-05-15T18:01:11.677Z","32.435842","4",NULL
"3237","2018-05-15T18:01:40.090Z","29.937449","2",NULL
"3238","2018-05-15T18:01:40.841Z","25.462979","1",NULL
"3239","2018-05-15T18:01:12.163Z","33.301188","3",NULL
"3240","2018-05-15T17:59:44.035Z","12.81069","5",NULL
"3241","2018-05-15T18:01:11.693Z","32.420477","4",NULL
"3242","2018-05-15T18:01:40.305Z","29.751804","2",NULL
"3243","2018-05-15T17:59:43.398Z","15.133301","6",NULL
"3244","2018-05-15T18:01:41.219Z","25.066631","1",NULL
"3245","2018-05-15T18:01:12.382Z","33.05076","3",NULL
"3246","2018-05-15T18:01:40.904Z","29.244312","2",NULL
"3247","2018-05-15T17:59:43.506Z","15.113244","6",NULL
"3248","2018-05-15T18:01:12.039Z","32.072865","4",NULL
"3249","2018-05-15T17:59:44.084Z","12.722984","5",NULL
"3250","2018-05-15T18:01:41.226Z","28.847964","2",NULL
"3251","2018-05-15T18:01:41.708Z","24.593501","1",NULL
"3252","2018-05-15T18:01:12.881Z","32.551645","3",NULL
"3253","2018-05-15T18:01:12.183Z","31.978521","4",NULL
"3254","2018-05-15T17:59:44.302Z","12.514522","5",NULL
"3255","2018-05-15T17:59:44.054Z","16.400023","6",NULL
"3256","2018-05-15T18:01:41.710Z","28.374834","2",NULL
"3257","2018-05-15T18:01:42.369Z","23.955624","1",NULL
"3258","2018-05-15T18:01:13.131Z","32.301462","3",NULL
"3259","2018-05-15T18:01:12.409Z","31.728093","4",NULL
"3260","2018-05-15T18:01:42.405Z","27.736957","2",NULL
"3261","2018-05-15T17:59:44.136Z","16.312317","6",NULL
"3262","2018-05-15T17:59:44.335Z","12.475658","5",NULL
"3263","2018-05-15T18:01:42.817Z","23.522567","1",NULL
"3264","2018-05-15T18:01:13.903Z","31.540494","3",NULL
"3265","2018-05-15T18:01:43.564Z","23.020556","1",NULL
"3266","2018-05-15T18:01:42.883Z","29.266567","2",NULL
"3267","2018-05-15T18:01:12.883Z","31.228978","4",NULL
"3268","2018-05-15T17:59:44.176Z","16.281978","6",NULL
"3269","2018-05-15T17:59:44.410Z","12.412325","5",NULL
"3270","2018-05-15T18:01:14.383Z","31.156474","3",NULL
"3271","2018-05-15T18:01:42.904Z","29.247441","2",NULL
"3272","2018-05-15T18:01:13.153Z","30.978795","4",NULL
"3273","2018-05-15T17:59:44.317Z","16.103855","6",NULL
"3274","2018-05-15T17:59:44.670Z","12.987059","5",NULL
"3275","2018-05-15T18:01:43.628Z","23.016946","1",NULL
"3276","2018-05-15T18:01:15.107Z","30.404533","3",NULL
"3277","2018-05-15T17:59:44.896Z","14.123446","5",NULL
"3278","2018-05-15T18:01:14.079Z","30.217827","4",NULL
"3279","2018-05-15T17:59:44.362Z","16.064991","6",NULL
"3280","2018-05-15T18:01:43.625Z","28.764556","2",NULL
"3281","2018-05-15T18:01:43.673Z","22.884236","1",NULL
"3282","2018-05-15T18:01:15.243Z","30.399652","3",NULL
"3283","2018-05-15T18:01:43.647Z","28.760946","2",NULL
"3284","2018-05-15T18:01:14.406Z","29.833807","4",NULL
"3285","2018-05-15T17:59:44.674Z","15.743059","6",NULL
"3286","2018-05-15T18:01:43.691Z","23.107546","1",NULL
"3287","2018-05-15T17:59:44.958Z","14.123446","5",NULL
"3288","2018-05-15T18:01:15.430Z","30.142218","3",NULL
"3289","2018-05-15T18:01:14.829Z","31.248099","4",NULL
"3290","2018-05-15T17:59:45.127Z","14.123446","5",NULL
"3291","2018-05-15T18:01:43.676Z","28.419903","2",NULL
"3292","2018-05-15T18:01:44.010Z","23.713865","1",NULL
"3293","2018-05-15T17:59:44.931Z","15.712779","6",NULL
"3294","2018-05-15T18:01:15.435Z","30.141272","3",NULL
"3295","2018-05-15T18:01:44.063Z","23.612227","1",NULL
"3296","2018-05-15T18:01:43.703Z","28.393213","2",NULL
"3297","2018-05-15T17:59:45.579Z","14.998446","5",NULL
"3298","2018-05-15T17:59:45.129Z","15.712779","6",NULL
"3299","2018-05-15T18:01:15.131Z","31.044533","4",NULL
"3300","2018-05-15T18:01:15.742Z","30.165126","3",NULL
"3301","2018-05-15T17:59:45.882Z","15.909923","5",NULL
"3302","2018-05-15T18:01:15.335Z","31.039652","4",NULL
"3303","2018-05-15T18:01:44.511Z","23.97535","1",NULL
"3304","2018-05-15T17:59:45.583Z","15.712779","6",NULL
"3305","2018-05-15T18:01:44.023Z","28.166198","2",NULL
"3306","2018-05-15T18:01:15.780Z","30.098338","3",NULL
"3307","2018-05-15T18:01:44.095Z","28.06456","2",NULL
"3308","2018-05-15T18:01:15.433Z","30.657218","4",NULL
"3309","2018-05-15T17:59:45.992Z","15.874273","5",NULL
"3310","2018-05-15T18:01:44.555Z","23.924254","1",NULL
"3311","2018-05-15T17:59:45.973Z","15.499256","6",NULL
"3312","2018-05-15T18:01:15.983Z","29.98999","3",NULL
"3313","2018-05-15T17:59:46.151Z","15.463606","6",NULL
"3314","2018-05-15T18:01:15.487Z","30.656272","4",NULL
"3315","2018-05-15T17:59:46.241Z","15.640702","5",NULL
"3316","2018-05-15T18:01:44.528Z","27.71935","2",NULL
"3317","2018-05-15T18:01:44.572Z","23.811895","1",NULL
"3318","2018-05-15T18:01:16.021Z","29.971468","3",NULL
"3319","2018-05-15T18:01:15.757Z","30.513459","4",NULL
"3320","2018-05-15T17:59:46.797Z","14.622714","6",NULL
"3321","2018-05-15T18:01:44.951Z","23.460634","1",NULL
"3322","2018-05-15T17:59:46.452Z","15.060649","5",NULL
"3323","2018-05-15T18:01:44.570Z","27.668254","2",NULL
"3324","2018-05-15T18:01:16.191Z","30.152677","3",NULL
"3325","2018-05-15T18:01:15.806Z","30.446671","4",NULL
"3326","2018-05-15T17:59:46.910Z","14.621582","6",NULL
"3327","2018-05-15T18:01:45.019Z","23.460634","1",NULL
"3328","2018-05-15T17:59:46.727Z","15.033381","5",NULL
"3329","2018-05-15T18:01:44.852Z","29.179309","2",NULL
"3330","2018-05-15T18:01:15.994Z","30.171657","4",NULL
"3331","2018-05-15T18:01:16.954Z","29.924352","3",NULL
"3332","2018-05-15T17:59:47.199Z","14.012637","6",NULL
"3333","2018-05-15T18:01:45.165Z","23.960634","1",NULL
"3334","2018-05-15T18:01:44.988Z","29.167301","2",NULL
"3335","2018-05-15T17:59:46.834Z","15.032249","5",NULL
"3336","2018-05-15T18:01:16.059Z","30.153135","4",NULL
"3337","2018-05-15T18:01:17.009Z","29.924352","3",NULL
"3338","2018-05-15T17:59:47.844Z","13.748317","6",NULL
"3339","2018-05-15T17:59:47.175Z","14.423304","5",NULL
"3340","2018-05-15T18:01:45.020Z","29.167301","2",NULL
"3341","2018-05-15T18:01:45.211Z","23.960634","1",NULL
"3342","2018-05-15T18:01:16.219Z","29.87601","4",NULL
"3343","2018-05-15T18:01:17.030Z","29.924352","3",NULL
"3344","2018-05-15T17:59:48.025Z","13.746528","6",NULL
"3345","2018-05-15T18:01:45.287Z","24.585634","1",NULL
"3346","2018-05-15T18:01:45.168Z","29.167301","2",NULL
"3347","2018-05-15T17:59:47.662Z","14.158984","5",NULL
"3348","2018-05-15T18:01:17.218Z","30.341019","3",NULL
"3349","2018-05-15T18:01:17.002Z","29.231019","4",NULL
"3350","2018-05-15T18:01:45.212Z","29.167301","2",NULL
"3351","2018-05-15T17:59:47.879Z","14.157195","5",NULL
"3352","2018-05-15T17:59:48.290Z","12.941006","6",NULL
"3353","2018-05-15T18:01:45.372Z","25.460634","1",NULL
"3354","2018-05-15T18:01:17.027Z","29.231019","4",NULL
"3355","2018-05-15T18:01:17.611Z","30.591019","3",NULL
"3356","2018-05-15T18:01:45.307Z","29.167301","2",NULL
"3357","2018-05-15T17:59:48.335Z","12.928307","6",NULL
"3358","2018-05-15T17:59:48.272Z","11.810006","5",NULL
"3359","2018-05-15T18:01:45.523Z","27.460634","1",NULL
"3360","2018-05-15T18:01:17.164Z","29.231019","4",NULL
"3361","2018-05-15T18:01:17.839Z","30.591019","3",NULL
"3362","2018-05-15T17:59:48.820Z","12.431489","6",NULL
"3363","2018-05-15T18:01:45.598Z","29.167301","2",NULL
"3364","2018-05-15T17:59:48.332Z","11.797307","5",NULL
"3365","2018-05-15T18:01:45.543Z","27.460634","1",NULL
"3366","2018-05-15T18:01:17.245Z","29.231019","4",NULL
"3367","2018-05-15T18:01:18.293Z","30.757686","3",NULL
"3368","2018-05-15T17:59:48.744Z","11.467156","5",NULL
"3369","2018-05-15T18:01:47.500Z","27.439787","1",NULL
"3370","2018-05-15T17:59:49.301Z","12.061298","6",NULL
"3371","2018-05-15T18:01:47.532Z","29.146454","2",NULL
"3372","2018-05-15T18:01:18.556Z","31.174352","3",NULL
"3373","2018-05-15T18:01:17.335Z","31.193686","4",NULL
"3374","2018-05-15T17:59:49.250Z","11.430298","5",NULL
"3375","2018-05-15T18:01:47.922Z","27.124662","1",NULL
"3376","2018-05-15T17:59:49.350Z","11.983676","6",NULL
"3377","2018-05-15T18:01:47.930Z","28.831329","2",NULL
"3378","2018-05-15T18:01:18.963Z","31.549352","3",NULL
"3379","2018-05-15T18:01:17.674Z","31.193686","4",NULL
"3380","2018-05-15T18:01:48.221Z","28.61781","2",NULL
"3381","2018-05-15T18:01:48.214Z","28.20281","1",NULL
"3382","2018-05-15T17:59:49.507Z","11.631945","6",NULL
"3383","2018-05-15T17:59:49.347Z","11.352676","5",NULL
"3384","2018-05-15T18:01:19.884Z","32.3122","3",NULL
"3385","2018-05-15T18:01:18.297Z","31.193686","4",NULL
"3386","2018-05-15T18:01:48.354Z","28.675393","1",NULL
"3387","2018-05-15T17:59:49.504Z","12.042612","5",NULL
"3388","2018-05-15T17:59:49.533Z","11.607498","6",NULL
"3389","2018-05-15T18:01:48.603Z","28.299716","2",NULL
"3390","2018-05-15T18:01:19.938Z","32.299767","3",NULL
"3391","2018-05-15T18:01:18.561Z","31.193686","4",NULL
"3392","2018-05-15T18:01:20.102Z","32.307374","3",NULL
"3393","2018-05-15T18:01:48.535Z","28.593049","1",NULL
"3394","2018-05-15T17:59:49.610Z","11.51789","6",NULL
"3395","2018-05-15T17:59:49.511Z","12.018165","5",NULL
"3396","2018-05-15T18:01:48.965Z","27.913735","2",NULL
"3397","2018-05-15T18:01:19.010Z","31.193686","4",NULL
"3398","2018-05-15T18:01:48.913Z","28.207068","1",NULL
"3399","2018-05-15T18:01:20.134Z","32.300941","3",NULL
"3400","2018-05-15T18:01:49.021Z","27.912222","2",NULL
"3401","2018-05-15T17:59:49.548Z","11.998841","5",NULL
"3402","2018-05-15T17:59:49.615Z","11.516777","6",NULL
"3403","2018-05-15T18:01:19.901Z","30.956534","4",NULL
"3404","2018-05-15T18:01:49.003Z","28.205555","1",NULL
"3405","2018-05-15T18:01:49.171Z","27.523273","2",NULL
"3406","2018-05-15T17:59:49.669Z","11.456199","6",NULL
"3407","2018-05-15T18:01:20.265Z","31.924052","3",NULL
"3408","2018-05-15T17:59:49.607Z","11.928557","5",NULL
"3409","2018-05-15T18:01:19.981Z","30.944101","4",NULL
"3410","2018-05-15T18:01:20.355Z","31.856787","3",NULL
"3411","2018-05-15T17:59:49.944Z","11.300008","6",NULL
"3412","2018-05-15T18:01:49.169Z","27.816606","1",NULL
"3413","2018-05-15T18:01:50.115Z","26.79319","2",NULL
"3414","2018-05-15T17:59:49.613Z","11.927444","5",NULL
"3415","2018-05-15T18:01:20.130Z","32.872707","4",NULL
"3416","2018-05-15T18:01:20.789Z","31.85033","3",NULL
"3417","2018-05-15T17:59:50.375Z","10.877829","6",NULL
"3418","2018-05-15T17:59:49.652Z","12.908533","5",NULL
"3419","2018-05-15T18:01:50.124Z","26.79202","2",NULL
"3420","2018-05-15T18:01:50.087Z","27.919856","1",NULL
"3421","2018-05-15T18:01:20.150Z","32.866274","4",NULL
"3422","2018-05-15T18:01:21.381Z","31.545248","3",NULL
"3423","2018-05-15T17:59:50.451Z","10.867096","6",NULL
"3424","2018-05-15T17:59:49.841Z","13.669008","5",NULL
"3425","2018-05-15T18:01:50.203Z","26.510375","2",NULL
"3426","2018-05-15T18:01:50.123Z","27.918686","1",NULL
"3427","2018-05-15T18:01:20.268Z","32.489385","4",NULL
"3428","2018-05-15T18:01:21.628Z","31.321802","3",NULL
"3429","2018-05-15T17:59:51.248Z","10.372189","6",NULL
"3430","2018-05-15T17:59:50.019Z","13.484285","5",NULL
"3431","2018-05-15T18:01:50.199Z","28.220375","1",NULL
"3432","2018-05-15T18:01:50.209Z","26.508158","2",NULL
"3433","2018-05-15T18:01:20.374Z","32.42212","4",NULL
"3434","2018-05-15T18:01:22.572Z","30.997648","3",NULL
"3435","2018-05-15T18:01:50.206Z","28.218158","1",NULL
"3436","2018-05-15T18:01:50.223Z","28.416007","2",NULL
"3437","2018-05-15T17:59:51.262Z","10.372189","6",NULL
"3438","2018-05-15T17:59:50.335Z","13.288496","5",NULL
"3439","2018-05-15T18:01:20.846Z","32.415663","4",NULL
"3440","2018-05-15T17:59:51.265Z","10.372189","6",NULL
"3441","2018-05-15T18:01:22.592Z","30.784693","3",NULL
"3442","2018-05-15T18:01:50.314Z","28.654338","1",NULL
"3443","2018-05-15T17:59:50.378Z","13.277763","5",NULL
"3444","2018-05-15T18:01:50.781Z","27.969427","2",NULL
"3445","2018-05-15T18:01:21.578Z","31.610581","4",NULL
"3446","2018-05-15T18:01:50.726Z","28.300094","1",NULL
"3447","2018-05-15T17:59:51.215Z","12.949523","5",NULL
"3448","2018-05-15T18:01:50.798Z","27.968503","2",NULL
"3449","2018-05-15T17:59:51.418Z","10.311517","6",NULL
"3450","2018-05-15T18:01:22.606Z","30.971845","3",NULL
"3451","2018-05-15T18:01:21.664Z","31.387135","4",NULL
"3452","2018-05-15T18:01:50.784Z","28.29917","1",NULL
"3453","2018-05-15T18:01:50.964Z","27.739443","2",NULL
"3454","2018-05-15T18:01:22.614Z","30.948402","3",NULL
"3455","2018-05-15T17:59:51.563Z","10.296762","6",NULL
"3456","2018-05-15T17:59:51.261Z","12.949523","5",NULL
"3457","2018-05-15T18:01:22.584Z","30.562981","4",NULL
"3458","2018-05-15T17:59:51.264Z","12.949523","5",NULL
"3459","2018-05-15T17:59:51.875Z","9.932555","6",NULL
"3460","2018-05-15T18:01:50.922Z","29.07011","1",NULL
"3461","2018-05-15T18:01:22.861Z","31.408955","3",NULL
"3462","2018-05-15T18:01:51.343Z","27.438245","2",NULL
"3463","2018-05-15T18:01:22.599Z","30.350026","4",NULL
"3464","2018-05-15T17:59:52.487Z","9.348476","6",NULL
"3465","2018-05-15T18:01:51.322Z","29.685579","1",NULL
"3466","2018-05-15T18:01:22.890Z","31.382172","3",NULL
"3467","2018-05-15T17:59:51.373Z","13.263851","5",NULL
"3468","2018-05-15T18:01:51.507Z","29.248823","2",NULL
"3469","2018-05-15T18:01:22.609Z","30.203845","4",NULL
"3470","2018-05-15T18:01:51.477Z","29.616823","1",NULL
"3471","2018-05-15T18:01:51.511Z","29.198715","2",NULL
"3472","2018-05-15T17:59:52.654Z","9.290758","6",NULL
"3473","2018-05-15T18:01:23.057Z","31.137255","3",NULL
"3474","2018-05-15T17:59:51.502Z","13.249096","5",NULL
"3475","2018-05-15T18:01:22.620Z","30.180402","4",NULL
"3476","2018-05-15T17:59:53.385Z","8.548803","6",NULL
"3477","2018-05-15T18:01:51.509Z","29.566715","1",NULL
"3478","2018-05-15T18:01:51.541Z","29.1263","2",NULL
"3479","2018-05-15T18:01:23.110Z","31.104851","3",NULL
"3480","2018-05-15T17:59:51.855Z","13.384889","5",NULL
"3481","2018-05-15T18:01:22.872Z","31.978622","4",NULL
"3482","2018-05-15T17:59:53.438Z","8.39636","6",NULL
"3483","2018-05-15T18:01:51.538Z","29.4943","1",NULL
"3484","2018-05-15T17:59:52.471Z","13.05081","5",NULL
"3485","2018-05-15T18:01:23.135Z","31.086803","3",NULL
"3486","2018-05-15T18:01:51.844Z","28.852766","2",NULL
"3487","2018-05-15T18:01:22.924Z","31.951839","4",NULL
"3488","2018-05-15T17:59:54.862Z","7.128334","6",NULL
"3489","2018-05-15T17:59:52.555Z","12.993092","5",NULL
"3490","2018-05-15T18:01:51.810Z","29.220766","1",NULL
"3491","2018-05-15T18:01:51.918Z","28.838115","2",NULL
"3492","2018-05-15T18:01:23.233Z","32.954709","3",NULL
"3493","2018-05-15T18:01:22.987Z","31.866402","4",NULL
"3494","2018-05-15T17:59:54.922Z","7.128334","6",NULL
"3495","2018-05-15T18:01:51.890Z","29.206115","1",NULL
"3496","2018-05-15T17:59:53.361Z","12.542803","5",NULL
"3497","2018-05-15T18:01:52.121Z","28.796942","2",NULL
"3498","2018-05-15T18:01:23.287Z","32.952993","3",NULL
"3499","2018-05-15T18:01:52.110Z","29.164942","1",NULL
"3500","2018-05-15T17:59:55.839Z","9.091001","6",NULL
"3501","2018-05-15T18:01:23.130Z","31.632851","4",NULL
"3502","2018-05-15T17:59:53.413Z","12.39036","5",NULL
"3503","2018-05-15T18:01:52.442Z","28.796942","2",NULL
"3504","2018-05-15T18:01:23.594Z","33.280526","3",NULL
"3505","2018-05-15T17:59:55.904Z","9.091001","6",NULL
"3506","2018-05-15T18:01:52.399Z","29.706609","1",NULL
"3507","2018-05-15T18:01:23.147Z","31.614803","4",NULL
"3508","2018-05-15T18:01:52.635Z","28.796942","2",NULL
"3509","2018-05-15T18:01:24.303Z","33.383435","3",NULL
"3510","2018-05-15T17:59:54.777Z","11.539001","5",NULL
"3511","2018-05-15T18:01:52.563Z","30.873275","1",NULL
"3512","2018-05-15T18:01:23.236Z","31.482709","4",NULL
"3513","2018-05-15T17:59:55.954Z","9.091001","6",NULL
"3514","2018-05-15T17:59:54.920Z","11.539001","5",NULL
"3515","2018-05-15T18:01:52.666Z","28.796942","2",NULL
"3516","2018-05-15T18:01:24.342Z","33.383435","3",NULL
"3517","2018-05-15T18:01:52.648Z","31.164942","1",NULL
"3518","2018-05-15T18:01:23.686Z","31.225193","4",NULL
"3519","2018-05-15T17:59:55.990Z","9.091001","6",NULL
"3520","2018-05-15T17:59:55.327Z","11.539001","5",NULL
"3521","2018-05-15T18:01:24.363Z","33.383435","3",NULL
"3522","2018-05-15T18:01:53.797Z","28.776621","2",NULL
"3523","2018-05-15T18:01:24.305Z","30.869768","4",NULL
"3524","2018-05-15T18:01:52.657Z","31.164942","1",NULL
"3525","2018-05-15T17:59:56.299Z","11.053668","6",NULL
"3526","2018-05-15T18:01:24.473Z","34.300101","3",NULL
"3527","2018-05-15T17:59:55.802Z","11.539001","5",NULL
"3528","2018-05-15T18:01:54.037Z","28.542214","2",NULL
"3529","2018-05-15T17:59:56.353Z","11.053668","6",NULL
"3530","2018-05-15T18:01:24.361Z","30.869768","4",NULL
"3531","2018-05-15T18:01:53.784Z","31.144621","1",NULL
"3532","2018-05-15T18:01:24.488Z","34.341768","3",NULL
"3533","2018-05-15T17:59:55.892Z","11.539001","5",NULL
"3534","2018-05-15T18:01:54.682Z","27.908799","2",NULL
"3535","2018-05-15T18:01:24.380Z","30.869768","4",NULL
"3536","2018-05-15T17:59:56.695Z","11.053668","6",NULL
"3537","2018-05-15T18:01:54.033Z","30.910214","1",NULL
"3538","2018-05-15T17:59:55.935Z","11.539001","5",NULL
"3539","2018-05-15T18:01:55.042Z","27.545767","2",NULL
"3540","2018-05-15T18:01:24.632Z","34.341768","3",NULL
"3541","2018-05-15T17:59:57.218Z","11.053668","6",NULL
"3542","2018-05-15T18:01:54.670Z","30.276799","1",NULL
"3543","2018-05-15T18:01:24.476Z","30.869768","4",NULL
"3544","2018-05-15T18:01:55.378Z","27.2467","2",NULL
"3545","2018-05-15T17:59:56.269Z","11.789001","5",NULL
"3546","2018-05-15T18:01:25.468Z","34.341234","3",NULL
"3547","2018-05-15T17:59:57.861Z","10.415066","6",NULL
"3548","2018-05-15T18:01:24.678Z","30.869768","4",NULL
"3549","2018-05-15T18:01:55.032Z","29.913767","1",NULL
"3550","2018-05-15T18:01:55.751Z","26.859811","2",NULL
"3551","2018-05-15T17:59:56.505Z","13.539001","5",NULL
"3552","2018-05-15T18:01:25.890Z","33.978033","3",NULL
"3553","2018-05-15T18:01:25.479Z","30.869234","4",NULL
"3554","2018-05-15T17:59:58.272Z","11.843963","6",NULL
"3555","2018-05-15T18:01:55.372Z","29.6147","1",NULL
"3556","2018-05-15T18:01:27.010Z","32.94249","3",NULL
"3557","2018-05-15T17:59:56.648Z","13.705668","5",NULL
"3558","2018-05-15T18:01:55.990Z","26.587662","2",NULL
"3559","2018-05-15T18:01:55.740Z","29.227811","1",NULL
"3560","2018-05-15T17:59:58.518Z","11.725773","6",NULL
"3561","2018-05-15T18:01:25.896Z","30.506033","4",NULL
"3562","2018-05-15T18:01:27.350Z","32.706157","3",NULL
"3563","2018-05-15T17:59:56.856Z","15.539001","5",NULL
"3564","2018-05-15T18:01:56.026Z","26.549131","2",NULL
"3565","2018-05-15T17:59:58.576Z","11.70698","6",NULL
"3566","2018-05-15T18:01:27.052Z","29.47049","4",NULL
"3567","2018-05-15T18:01:55.914Z","31.025131","1",NULL
"3568","2018-05-15T18:01:27.382Z","31.196824","4",NULL
"3569","2018-05-15T17:59:57.175Z","15.539001","5",NULL
"3570","2018-05-15T18:01:56.268Z","26.331896","2",NULL
"3571","2018-05-15T18:01:27.395Z","32.591241","3",NULL
"3572","2018-05-15T17:59:58.702Z","11.449106","6",NULL
"3573","2018-05-15T18:01:55.988Z","30.955662","1",NULL
"3574","2018-05-15T18:01:27.401Z","31.081908","4",NULL
"3575","2018-05-15T18:01:56.744Z","25.836011","2",NULL
"3576","2018-05-15T17:59:58.746Z","11.430742","6",NULL
"3577","2018-05-15T18:01:28.010Z","32.075817","3",NULL
"3578","2018-05-15T17:59:57.821Z","14.900399","5",NULL
"3579","2018-05-15T18:01:27.410Z","31.043742","4",NULL
"3580","2018-05-15T18:01:28.210Z","31.711114","3",NULL
"3581","2018-05-15T18:01:56.023Z","30.917131","1",NULL
"3582","2018-05-15T18:01:57.402Z","25.272101","2",NULL
"3583","2018-05-15T17:59:58.962Z","11.276509","6",NULL
"3584","2018-05-15T17:59:58.501Z","14.24844","5",NULL
"3585","2018-05-15T18:01:28.086Z","30.566484","4",NULL
"3586","2018-05-15T18:01:28.212Z","32.164447","4",NULL
"3587","2018-05-15T18:01:28.214Z","31.710029","3",NULL
"3588","2018-05-15T17:59:58.560Z","14.229647","5",NULL
"3589","2018-05-15T18:01:57.629Z","25.022819","2",NULL
"3590","2018-05-15T17:59:59.021Z","11.275082","6",NULL
"3591","2018-05-15T18:01:56.256Z","30.699896","1",NULL
"3592","2018-05-15T18:01:29.079Z","30.835036","3",NULL
"3593","2018-05-15T18:01:28.232Z","32.163362","4",NULL
"3594","2018-05-15T17:59:58.691Z","14.555106","5",NULL
"3595","2018-05-15T17:59:59.417Z","10.823781","6",NULL
"3596","2018-05-15T18:01:56.741Z","30.204011","1",NULL
"3597","2018-05-15T18:01:58.395Z","26.358967","2",NULL
"3598","2018-05-15T18:01:29.779Z","30.234955","3",NULL
"3599","2018-05-15T18:01:28.243Z","32.142675","4",NULL
"3600","2018-05-15T17:59:58.717Z","14.536742","5",NULL
"3601","2018-05-15T18:01:57.324Z","29.640101","1",NULL
"3602","2018-05-15T17:59:59.472Z","10.82257","6",NULL
"3603","2018-05-15T18:01:58.752Z","26.318064","2",NULL
"3604","2018-05-15T18:01:57.591Z","29.390819","1",NULL
"3605","2018-05-15T18:01:29.080Z","31.288369","4",NULL
"3606","2018-05-15T18:01:29.830Z","30.191108","3",NULL
"3607","2018-05-15T17:59:58.911Z","15.090843","5",NULL
"3608","2018-05-15T18:01:58.780Z","26.219109","2",NULL
"3609","2018-05-15T17:59:59.662Z","12.411997","6",NULL
"3610","2018-05-15T17:59:58.974Z","15.089416","5",NULL
"3611","2018-05-15T18:01:29.558Z","32.729384","4",NULL
"3612","2018-05-15T18:01:58.310Z","28.7643","1",NULL
"3613","2018-05-15T18:01:29.977Z","30.924029","3",NULL
"3614","2018-05-15T18:00:00.417Z","12.062434","6",NULL
"3615","2018-05-15T18:01:59.159Z","25.546443","2",NULL
"3616","2018-05-15T18:01:29.781Z","32.650955","4",NULL
"3617","2018-05-15T18:01:58.736Z","28.723397","1",NULL
"3618","2018-05-15T18:01:29.981Z","30.899686","3",NULL
"3619","2018-05-15T17:59:59.348Z","15.346448","5",NULL
"3620","2018-05-15T18:01:59.413Z","25.244053","2",NULL
"3621","2018-05-15T18:00:00.597Z","12.015682","6",NULL
"3622","2018-05-15T18:01:59.153Z","27.951776","1",NULL
"3623","2018-05-15T18:01:29.833Z","32.607108","4",NULL
"3624","2018-05-15T18:01:30.104Z","31.770727","3",NULL
"3625","2018-05-15T17:59:59.469Z","15.345237","5",NULL
"3626","2018-05-15T18:01:59.430Z","25.19143","2",NULL
"3627","2018-05-15T18:00:01.236Z","10.969129","6",NULL
"3628","2018-05-15T18:01:59.780Z","26.869593","2",NULL
"3629","2018-05-15T18:01:30.232Z","31.633488","3",NULL
"3630","2018-05-15T18:01:59.378Z","27.649386","1",NULL
"3631","2018-05-15T17:59:59.558Z","15.26456","5",NULL
"3632","2018-05-15T18:01:29.980Z","32.381696","4",NULL
"3633","2018-05-15T18:00:01.357Z","12.733962","6",NULL
"3634","2018-05-15T18:01:30.381Z","31.489508","3",NULL
"3635","2018-05-15T18:01:59.834Z","26.868168","2",NULL
"3636","2018-05-15T18:00:00.314Z","14.622434","5",NULL
"3637","2018-05-15T18:01:30.012Z","32.357353","4",NULL
"3638","2018-05-15T18:01:59.418Z","27.596763","1",NULL
"3639","2018-05-15T18:00:01.389Z","12.697795","6",NULL
"3640","2018-05-15T18:01:30.655Z","31.238633","3",NULL
"3641","2018-05-15T18:01:30.234Z","32.049488","4",NULL
"3642","2018-05-15T18:01:59.866Z","26.717681","2",NULL
"3643","2018-05-15T18:01:59.757Z","27.603927","1",NULL
"3644","2018-05-15T18:00:00.499Z","14.575682","5",NULL
"3645","2018-05-15T18:00:01.409Z","12.676345","6",NULL
"3646","2018-05-15T18:02:00.220Z","28.415555","2",NULL
"3647","2018-05-15T18:01:59.784Z","27.602502","1",NULL
"3648","2018-05-15T18:01:30.391Z","31.905508","4",NULL
"3649","2018-05-15T18:01:30.881Z","30.986351","3",NULL
"3650","2018-05-15T18:00:01.189Z","13.529129","5",NULL
"3651","2018-05-15T18:00:01.542Z","12.501522","6",NULL
"3652","2018-05-15T18:01:32.284Z","29.861679","3",NULL
"3653","2018-05-15T18:01:30.673Z","31.654633","4",NULL
"3654","2018-05-15T18:02:00.253Z","27.728888","1",NULL
"3655","2018-05-15T18:02:00.255Z","28.415555","2",NULL
"3656","2018-05-15T18:00:01.326Z","13.372962","5",NULL
"3657","2018-05-15T18:00:01.688Z","12.367621","6",NULL
"3658","2018-05-15T18:02:00.259Z","28.415555","2",NULL
"3659","2018-05-15T18:01:30.884Z","31.402351","4",NULL
"3660","2018-05-15T18:00:01.387Z","13.336795","5",NULL
"3661","2018-05-15T18:01:32.527Z","29.422332","3",NULL
"3662","2018-05-15T18:02:00.257Z","27.728888","1",NULL
"3663","2018-05-15T18:00:02.050Z","12.046979","6",NULL
"3664","2018-05-15T18:02:00.263Z","28.415555","2",NULL
"3665","2018-05-15T18:00:01.502Z","14.015522","5",NULL
"3666","2018-05-15T18:01:32.314Z","30.277679","4",NULL
"3667","2018-05-15T18:02:00.261Z","27.728888","1",NULL
"3668","2018-05-15T18:01:32.561Z","29.392612","3",NULL
"3669","2018-05-15T18:00:02.159Z","12.022598","6",NULL
"3670","2018-05-15T18:01:32.411Z","31.977259","4",NULL
"3671","2018-05-15T18:02:00.278Z","28.312222","1",NULL
"3672","2018-05-15T18:01:32.772Z","29.508078","3",NULL
"3673","2018-05-15T18:00:01.680Z","14.548287","5",NULL
"3674","2018-05-15T18:02:00.279Z","28.415555","2",NULL
"3675","2018-05-15T18:00:02.344Z","11.791364","6",NULL
"3676","2018-05-15T18:01:32.798Z","29.494241","3",NULL
"3677","2018-05-15T18:00:01.780Z","14.819826","5",NULL
"3678","2018-05-15T18:01:32.538Z","31.800999","4",NULL
"3679","2018-05-15T18:02:00.367Z","28.895555","1",NULL
"3680","2018-05-15T18:02:01.778Z","30.378222","2",NULL
"3681","2018-05-15T18:00:02.445Z","11.683914","6",NULL
"3682","2018-05-15T18:02:01.812Z","30.378222","2",NULL
"3683","2018-05-15T18:00:02.037Z","14.644312","5",NULL
"3684","2018-05-15T18:01:32.577Z","31.771279","4",NULL
"3685","2018-05-15T18:02:01.776Z","28.895555","1",NULL
"3686","2018-05-15T18:01:32.924Z","29.721268","3",NULL
"3687","2018-05-15T18:00:03.286Z","11.324356","6",NULL
"3688","2018-05-15T18:01:32.950Z","29.705287","3",NULL
"3689","2018-05-15T18:01:32.788Z","31.595078","4",NULL
"3690","2018-05-15T18:00:02.115Z","14.619931","5",NULL
"3691","2018-05-15T18:02:02.147Z","32.340888","2",NULL
"3692","2018-05-15T18:02:02.146Z","28.895555","1",NULL
"3693","2018-05-15T18:00:03.545Z","11.27601","6",NULL
"3694","2018-05-15T18:02:02.149Z","32.340888","2",NULL
"3695","2018-05-15T18:02:02.245Z","29.395555","1",NULL
"3696","2018-05-15T18:01:33.032Z","30.830072","3",NULL
"3697","2018-05-15T18:00:02.333Z","15.513697","5",NULL
"3698","2018-05-15T18:01:32.825Z","31.581241","4",NULL
"3699","2018-05-15T18:00:04.103Z","10.112554","6",NULL
"3700","2018-05-15T18:01:33.127Z","30.74644","3",NULL
"3701","2018-05-15T18:00:02.441Z","15.406247","5",NULL
"3702","2018-05-15T18:02:02.268Z","32.340888","2",NULL
"3703","2018-05-15T18:02:02.414Z","30.645555","1",NULL
"3704","2018-05-15T18:01:32.931Z","31.349935","4",NULL
"3705","2018-05-15T18:00:04.192Z","10.037722","6",NULL
"3706","2018-05-15T18:01:33.177Z","30.729913","3",NULL
"3707","2018-05-15T18:01:32.979Z","31.333954","4",NULL
"3708","2018-05-15T18:02:02.417Z","32.340888","2",NULL
"3709","2018-05-15T18:02:02.474Z","30.895555","1",NULL
"3710","2018-05-15T18:00:03.207Z","15.713356","5",NULL
"3711","2018-05-15T18:00:04.482Z","11.62669","6",NULL
"3712","2018-05-15T18:02:02.705Z","30.880801","1",NULL
"3713","2018-05-15T18:00:03.485Z","15.66501","5",NULL
"3714","2018-05-15T18:01:33.043Z","31.208739","4",NULL
"3715","2018-05-15T18:02:02.713Z","32.326134","2",NULL
"3716","2018-05-15T18:01:34.242Z","29.652287","3",NULL
"3717","2018-05-15T18:00:04.582Z","11.625616","6",NULL
"3718","2018-05-15T18:02:02.771Z","32.203014","2",NULL
"3719","2018-05-15T18:02:02.752Z","31.632681","1",NULL
"3720","2018-05-15T18:00:03.738Z","15.407983","5",NULL
"3721","2018-05-15T18:01:33.193Z","31.10858","4",NULL
"3722","2018-05-15T18:01:34.448Z","31.445899","3",NULL
"3723","2018-05-15T18:00:04.650Z","11.514674","6",NULL
"3724","2018-05-15T18:02:02.878Z","32.619269","1",NULL
"3725","2018-05-15T18:01:34.244Z","30.030954","4",NULL
"3726","2018-05-15T18:02:03.070Z","31.92796","2",NULL
"3727","2018-05-15T18:00:04.100Z","14.709887","5",NULL
"3728","2018-05-15T18:01:34.515Z","31.440047","3",NULL
"3729","2018-05-15T18:00:05.159Z","11.011529","6",NULL
"3730","2018-05-15T18:01:34.469Z","31.787232","4",NULL
"3731","2018-05-15T18:02:03.045Z","32.482627","1",NULL
"3732","2018-05-15T18:01:34.591Z","31.275935","3",NULL
"3733","2018-05-15T18:00:04.163Z","14.635055","5",NULL
"3734","2018-05-15T18:02:03.187Z","31.768933","2",NULL
"3735","2018-05-15T18:00:05.258Z","11.005211","6",NULL
"3736","2018-05-15T18:01:34.703Z","31.18019","3",NULL
"3737","2018-05-15T18:02:03.164Z","32.3236","1",NULL
"3738","2018-05-15T18:01:34.513Z","31.78138","4",NULL
"3739","2018-05-15T18:00:04.445Z","14.261357","5",NULL
"3740","2018-05-15T18:02:03.553Z","31.449741","2",NULL
"3741","2018-05-15T18:00:05.597Z","10.527718","6",NULL
"3742","2018-05-15T18:01:35.129Z","30.741138","3",NULL
"3743","2018-05-15T18:02:03.534Z","32.004408","1",NULL
"3744","2018-05-15T18:00:04.529Z","14.260283","5",NULL
"3745","2018-05-15T18:01:34.596Z","31.617268","4",NULL
"3746","2018-05-15T18:02:03.834Z","31.192265","2",NULL
"3747","2018-05-15T18:00:05.688Z","10.472968","6",NULL
"3748","2018-05-15T18:02:03.780Z","31.746932","1",NULL
"3749","2018-05-15T18:01:35.406Z","30.483481","3",NULL
"3750","2018-05-15T18:00:05.105Z","13.854529","5",NULL
"3751","2018-05-15T18:01:34.713Z","31.521523","4",NULL
"3752","2018-05-15T18:02:04.294Z","30.700276","2",NULL
"3753","2018-05-15T18:00:06.975Z","11.238598","6",NULL
"3754","2018-05-15T18:01:35.131Z","31.082471","4",NULL
"3755","2018-05-15T18:02:04.237Z","31.254943","1",NULL
"3756","2018-05-15T18:01:35.839Z","30.031452","3",NULL
"3757","2018-05-15T18:02:04.965Z","30.03224","2",NULL
"3758","2018-05-15T18:00:05.213Z","13.848211","5",NULL
"3759","2018-05-15T18:00:07.011Z","11.126843","6",NULL
"3760","2018-05-15T18:02:04.963Z","30.586907","1",NULL
"3761","2018-05-15T18:01:36.420Z","30.031452","3",NULL
"3762","2018-05-15T18:02:05.354Z","29.750168","2",NULL
"3763","2018-05-15T18:01:35.408Z","30.824814","4",NULL
"3764","2018-05-15T18:00:05.548Z","13.704052","5",NULL
"3765","2018-05-15T18:00:07.037Z","11.025013","6",NULL
"3766","2018-05-15T18:02:05.325Z","30.304835","1",NULL
"3767","2018-05-15T18:00:05.652Z","13.649302","5",NULL
"3768","2018-05-15T18:01:35.841Z","30.372785","4",NULL
"3769","2018-05-15T18:02:05.474Z","31.425083","2",NULL
"3770","2018-05-15T18:01:37.157Z","30.031452","3",NULL
"3771","2018-05-15T18:00:07.474Z","10.710296","6",NULL
"3772","2018-05-15T18:02:05.610Z","31.379673","2",NULL
"3773","2018-05-15T18:01:37.234Z","30.323119","3",NULL
"3774","2018-05-15T18:00:06.950Z","12.785598","5",NULL
"3775","2018-05-15T18:01:36.422Z","30.372785","4",NULL
"3776","2018-05-15T18:02:05.604Z","29.971673","1",NULL
"3777","2018-05-15T18:00:07.557Z","10.692483","6",NULL
"3778","2018-05-15T18:01:36.631Z","32.335452","4",NULL
"3779","2018-05-15T18:01:37.300Z","30.614785","3",NULL
"3780","2018-05-15T18:00:07.007Z","12.673843","5",NULL
"3781","2018-05-15T18:02:05.673Z","30.776776","1",NULL
"3782","2018-05-15T18:02:05.724Z","31.226443","2",NULL
"3783","2018-05-15T18:01:37.171Z","32.335452","4",NULL
"3784","2018-05-15T18:00:08.236Z","10.557341","6",NULL
"3785","2018-05-15T18:00:07.431Z","12.548963","5",NULL
"3786","2018-05-15T18:01:37.464Z","32.031452","3",NULL
"3787","2018-05-15T18:02:05.878Z","31.649199","1",NULL
"3788","2018-05-15T18:02:05.890Z","31.057199","2",NULL
"3789","2018-05-15T18:01:37.238Z","32.335452","4",NULL
"3790","2018-05-15T18:00:08.264Z","10.557341","6",NULL
"3791","2018-05-15T18:02:05.934Z","31.023973","2",NULL
"3792","2018-05-15T18:00:07.508Z","12.53115","5",NULL
"3793","2018-05-15T18:02:05.926Z","31.615973","1",NULL
"3794","2018-05-15T18:01:37.620Z","32.031452","3",NULL
"3795","2018-05-15T18:01:37.253Z","34.298119","4",NULL
"3796","2018-05-15T18:00:08.266Z","10.557341","6",NULL
"3797","2018-05-15T18:00:08.118Z","12.687674","5",NULL
"3798","2018-05-15T18:01:37.879Z","31.918368","3",NULL
"3799","2018-05-15T18:02:06.243Z","30.664655","2",NULL
"3800","2018-05-15T18:02:05.949Z","31.612133","1",NULL
"3801","2018-05-15T18:00:08.268Z","12.520008","6",NULL
"3802","2018-05-15T18:01:37.323Z","34.298119","4",NULL
"3803","2018-05-15T18:00:08.263Z","12.687674","5",NULL
"3804","2018-05-15T18:01:38.179Z","31.668267","3",NULL
"3805","2018-05-15T18:02:06.801Z","30.163133","2",NULL
"3806","2018-05-15T18:02:06.237Z","31.256655","1",NULL
"3807","2018-05-15T18:01:37.714Z","34.298119","4",NULL
"3808","2018-05-15T18:00:08.265Z","12.687674","5",NULL
"3809","2018-05-15T18:00:08.597Z","12.520008","6",NULL
"3810","2018-05-15T18:02:07.590Z","29.352962","2",NULL
"3811","2018-05-15T18:02:06.738Z","30.755133","1",NULL
"3812","2018-05-15T18:01:38.453Z","31.408676","3",NULL
"3813","2018-05-15T18:00:08.570Z","12.937674","5",NULL
"3814","2018-05-15T18:00:08.752Z","14.482674","6",NULL
"3815","2018-05-15T18:01:37.902Z","34.185035","4",NULL
"3816","2018-05-15T18:02:07.583Z","29.944962","1",NULL
"3817","2018-05-15T18:02:07.989Z","31.002418","2",NULL
"3818","2018-05-15T18:01:39.379Z","30.54742","3",NULL
"3819","2018-05-15T18:00:08.711Z","13.229341","5",NULL
"3820","2018-05-15T18:00:08.813Z","14.482674","6",NULL
"3821","2018-05-15T18:01:38.244Z","33.934934","4",NULL
"3822","2018-05-15T18:02:07.926Z","29.631751","1",NULL
"3823","2018-05-15T18:01:39.730Z","30.152426","3",NULL
"3824","2018-05-15T18:02:08.029Z","30.934604","2",NULL
"3825","2018-05-15T18:00:09.286Z","16.445341","6",NULL
"3826","2018-05-15T18:01:38.460Z","33.675343","4",NULL
"3827","2018-05-15T18:00:09.093Z","13.229341","5",NULL
"3828","2018-05-15T18:02:08.263Z","29.32334","1",NULL
"3829","2018-05-15T18:01:39.778Z","30.398884","3",NULL
"3830","2018-05-15T18:02:08.265Z","30.694007","2",NULL
"3831","2018-05-15T18:01:39.427Z","32.814087","4",NULL
"3832","2018-05-15T18:00:09.250Z","13.229341","5",NULL
"3833","2018-05-15T18:00:09.309Z","16.445341","6",NULL
"3834","2018-05-15T18:01:39.956Z","31.888818","3",NULL
"3835","2018-05-15T18:02:08.290Z","30.692982","2",NULL
"3836","2018-05-15T18:02:08.266Z","29.322315","1",NULL
"3837","2018-05-15T18:01:39.743Z","32.419093","4",NULL
"3838","2018-05-15T18:00:09.355Z","16.445341","6",NULL
"3839","2018-05-15T18:00:09.351Z","13.437674","5",NULL
"3840","2018-05-15T18:01:39.984Z","31.837549","3",NULL
"3841","2018-05-15T18:02:08.518Z","30.915931","1",NULL
"3842","2018-05-15T18:02:08.528Z","30.369931","2",NULL
"3843","2018-05-15T18:00:09.515Z","16.445341","6",NULL
"3844","2018-05-15T18:01:39.784Z","32.290551","4",NULL
"3845","2018-05-15T18:00:09.398Z","15.229341","5",NULL
"3846","2018-05-15T18:02:08.541Z","30.947877","1",NULL
"3847","2018-05-15T18:02:08.647Z","30.229594","2",NULL
"3848","2018-05-15T18:01:40.119Z","31.675383","3",NULL
"3849","2018-05-15T18:01:39.981Z","32.155485","4",NULL
"3850","2018-05-15T18:00:09.474Z","17.229341","5",NULL
"3851","2018-05-15T18:00:10.187Z","18.408008","6",NULL
"3852","2018-05-15T18:02:08.637Z","30.858927","1",NULL
"3853","2018-05-15T18:01:40.276Z","31.540383","3",NULL
"3854","2018-05-15T18:02:08.990Z","29.877687","2",NULL
"3855","2018-05-15T18:00:10.305Z","18.408008","6",NULL
"3856","2018-05-15T18:00:09.486Z","17.229341","5",NULL
"3857","2018-05-15T18:01:40.170Z","31.94205","4",NULL
"3858","2018-05-15T18:02:08.988Z","30.50702","1",NULL
"3859","2018-05-15T18:02:09.249Z","29.626417","2",NULL
"3860","2018-05-15T18:01:40.633Z","31.168654","3",NULL
"3861","2018-05-15T18:00:10.182Z","19.229341","5",NULL
"3862","2018-05-15T18:00:10.529Z","18.39392","6",NULL
"3863","2018-05-15T18:01:40.291Z","31.80705","4",NULL
"3864","2018-05-15T18:02:09.239Z","30.25575","1",NULL
"3865","2018-05-15T18:02:09.775Z","31.154147","2",NULL
"3866","2018-05-15T18:01:41.478Z","30.369781","3",NULL
"3867","2018-05-15T18:00:10.325Z","19.229341","5",NULL
"3868","2018-05-15T18:01:40.635Z","31.435321","4",NULL
"3869","2018-05-15T18:00:10.808Z","18.144858","6",NULL
"3870","2018-05-15T18:01:41.596Z","32.228967","3",NULL
"3871","2018-05-15T18:02:09.788Z","31.077114","2",NULL
"3872","2018-05-15T18:02:09.746Z","29.820814","1",NULL
"3873","2018-05-15T18:01:41.484Z","30.636448","4",NULL
"3874","2018-05-15T18:00:10.519Z","19.215253","5",NULL
"3875","2018-05-15T18:00:11.059Z","17.892181","6",NULL
"3876","2018-05-15T18:01:41.782Z","32.052497","3",NULL
"3877","2018-05-15T18:02:10.217Z","30.609426","2",NULL
"3878","2018-05-15T18:02:10.212Z","29.276093","1",NULL
"3879","2018-05-15T18:01:41.508Z","32.541423","4",NULL
"3880","2018-05-15T18:00:10.798Z","18.966191","5",NULL
"3881","2018-05-15T18:00:11.272Z","17.641115","6",NULL
"3882","2018-05-15T18:01:41.784Z","32.28183","4",NULL
"3883","2018-05-15T18:01:41.902Z","31.951475","3",NULL
"3884","2018-05-15T18:02:10.269Z","30.608926","2",NULL
"3885","2018-05-15T18:02:10.227Z","29.275593","1",NULL
"3886","2018-05-15T18:00:11.024Z","18.713514","5",NULL
"3887","2018-05-15T18:00:12.207Z","18.718739","6",NULL
"3888","2018-05-15T18:01:41.925Z","32.180808","4",NULL
"3889","2018-05-15T18:01:42.281Z","31.577713","3",NULL
"3890","2018-05-15T18:02:10.380Z","30.438047","2",NULL
"3891","2018-05-15T18:00:11.270Z","18.462448","5",NULL
"3892","2018-05-15T18:02:10.374Z","31.104714","1",NULL
"3893","2018-05-15T18:00:12.458Z","18.646501","6",NULL
"3894","2018-05-15T18:00:12.429Z","17.505168","5",NULL
"3895","2018-05-15T18:02:10.399Z","31.088505","1",NULL
"3896","2018-05-15T18:01:42.288Z","31.807046","4",NULL
"3897","2018-05-15T18:02:10.493Z","30.360649","2",NULL
"3898","2018-05-15T18:01:42.630Z","31.577713","3",NULL
"3899","2018-05-15T18:00:12.548Z","20.44435","6",NULL
"3900","2018-05-15T18:00:13.028Z","16.883706","5",NULL
"3901","2018-05-15T18:02:10.485Z","31.027316","1",NULL
"3902","2018-05-15T18:02:10.774Z","30.360649","2",NULL
"3903","2018-05-15T18:01:44.668Z","31.069424","3",NULL
"3904","2018-05-15T18:01:42.631Z","31.807046","4",NULL
"3905","2018-05-15T18:00:13.079Z","16.880054","5",NULL
"3906","2018-05-15T18:00:13.030Z","19.987706","6",NULL
"3907","2018-05-15T18:02:13.249Z","30.360649","2",NULL
"3908","2018-05-15T18:01:45.070Z","30.58829","3",NULL
"3909","2018-05-15T18:02:10.755Z","31.027316","1",NULL
"3910","2018-05-15T18:01:44.676Z","31.298757","4",NULL
"3911","2018-05-15T18:00:13.084Z","19.984054","6",NULL
"3912","2018-05-15T18:00:13.665Z","16.187635","5",NULL
"3913","2018-05-15T18:01:44.933Z","32.892079","4",NULL
"3914","2018-05-15T18:02:13.538Z","30.360649","2",NULL
"3915","2018-05-15T18:02:13.197Z","31.568983","1",NULL
"3916","2018-05-15T18:01:45.108Z","30.587042","3",NULL
"3917","2018-05-15T18:00:13.101Z","21.836139","6",NULL
"3918","2018-05-15T18:00:13.698Z","16.146322","5",NULL
"3919","2018-05-15T18:02:13.358Z","33.027316","1",NULL
"3920","2018-05-15T18:01:45.098Z","32.78029","4",NULL
"3921","2018-05-15T18:02:13.697Z","30.254109","2",NULL
"3922","2018-05-15T18:01:45.233Z","30.866356","3",NULL
"3923","2018-05-15T18:00:13.685Z","21.254302","6",NULL
"3924","2018-05-15T18:00:14.460Z","15.506231","5",NULL
"3925","2018-05-15T18:02:13.524Z","33.027316","1",NULL
"3926","2018-05-15T18:01:45.153Z","32.779042","4",NULL
"3927","2018-05-15T18:01:45.462Z","30.922052","3",NULL
"3928","2018-05-15T18:02:14.012Z","29.942399","2",NULL
"3929","2018-05-15T18:00:13.700Z","21.212989","6",NULL
"3930","2018-05-15T18:00:14.550Z","15.50269","5",NULL
"3931","2018-05-15T18:02:13.635Z","32.920776","1",NULL
"3932","2018-05-15T18:01:45.270Z","32.558356","4",NULL
"3933","2018-05-15T18:01:45.641Z","30.924663","3",NULL
"3934","2018-05-15T18:02:14.372Z","29.637824","2",NULL
"3935","2018-05-15T18:00:14.749Z","15.63691","5",NULL
"3936","2018-05-15T18:02:14.010Z","32.609066","1",NULL
"3937","2018-05-15T18:00:14.514Z","20.572898","6",NULL
"3938","2018-05-15T18:01:45.968Z","31.782325","3",NULL
"3939","2018-05-15T18:01:45.478Z","32.405719","4",NULL
"3940","2018-05-15T18:02:14.805Z","29.15612","2",NULL
"3941","2018-05-15T18:00:14.762Z","15.598416","5",NULL
"3942","2018-05-15T18:00:14.553Z","20.569357","6",NULL
"3943","2018-05-15T18:02:14.332Z","32.304491","1",NULL
"3944","2018-05-15T18:01:46.083Z","31.681186","3",NULL
"3945","2018-05-15T18:02:15.623Z","28.440903","2",NULL
"3946","2018-05-15T18:01:45.648Z","32.241663","4",NULL
"3947","2018-05-15T18:00:14.921Z","15.727678","5",NULL
"3948","2018-05-15T18:00:14.757Z","20.203577","6",NULL
"3949","2018-05-15T18:02:14.800Z","31.822787","1",NULL
"3950","2018-05-15T18:02:16.099Z","29.919458","2",NULL
"3951","2018-05-15T18:01:46.140Z","31.620271","3",NULL
"3952","2018-05-15T18:01:46.029Z","31.974325","4",NULL
"3953","2018-05-15T18:00:14.764Z","20.165083","6",NULL
"3954","2018-05-15T18:02:15.596Z","31.10757","1",NULL
"3955","2018-05-15T18:00:14.997Z","15.723549","5",NULL
"3956","2018-05-15T18:02:16.158Z","29.908278","2",NULL
"3957","2018-05-15T18:01:47.304Z","30.399352","3",NULL
"3958","2018-05-15T18:01:46.090Z","31.873186","4",NULL
"3959","2018-05-15T18:00:14.924Z","20.086012","6",NULL
"3960","2018-05-15T18:00:15.451Z","15.914143","5",NULL
"3961","2018-05-15T18:02:16.089Z","30.623458","1",NULL
"3962","2018-05-15T18:01:47.544Z","30.386207","3",NULL
"3963","2018-05-15T18:02:16.241Z","29.888643","2",NULL
"3964","2018-05-15T18:01:47.532Z","30.591352","4",NULL
"3965","2018-05-15T18:00:15.025Z","20.081883","6",NULL
"3966","2018-05-15T18:02:16.106Z","30.612278","1",NULL
"3967","2018-05-15T18:00:15.507Z","15.873686","5",NULL
"3968","2018-05-15T18:01:47.556Z","30.578207","4",NULL
"3969","2018-05-15T18:02:16.272Z","29.840144","2",NULL
"3970","2018-05-15T18:01:47.862Z","29.918055","3",NULL
"3971","2018-05-15T18:02:16.214Z","30.63431","1",NULL
"3972","2018-05-15T18:00:15.454Z","19.522477","6",NULL
"3973","2018-05-15T18:00:15.932Z","15.970268","5",NULL
"3974","2018-05-15T18:01:48.063Z","29.561812","3",NULL
"3975","2018-05-15T18:02:16.494Z","29.54832","2",NULL
"3976","2018-05-15T18:01:47.876Z","30.110055","4",NULL
"3977","2018-05-15T18:02:16.467Z","30.62732","1",NULL
"3978","2018-05-15T18:00:15.524Z","19.48202","6",NULL
"3979","2018-05-15T18:00:16.059Z","15.968702","5",NULL
"3980","2018-05-15T18:01:48.347Z","29.517575","3",NULL
"3981","2018-05-15T18:01:48.090Z","29.753812","4",NULL
"3982","2018-05-15T18:02:16.577Z","29.484265","2",NULL
"3983","2018-05-15T18:02:16.562Z","30.563265","1",NULL
"3984","2018-05-15T18:00:16.135Z","15.875972","5",NULL
"3985","2018-05-15T18:00:16.007Z","21.041268","6",NULL
"3986","2018-05-15T18:01:48.218Z","31.531209","4",NULL
"3987","2018-05-15T18:01:48.372Z","29.512777","3",NULL
"3988","2018-05-15T18:02:16.825Z","29.205064","2",NULL
"3989","2018-05-15T18:02:16.798Z","31.242397","1",NULL
"3990","2018-05-15T18:00:16.122Z","21.039702","6",NULL
"3991","2018-05-15T18:00:16.208Z","15.601402","5",NULL
"3992","2018-05-15T18:02:16.893Z","29.185644","2",NULL
"3993","2018-05-15T18:01:48.485Z","30.401635","3",NULL
"3994","2018-05-15T18:01:48.355Z","31.463909","4",NULL
"3995","2018-05-15T18:02:16.873Z","31.222977","1",NULL
"3996","2018-05-15T18:00:16.146Z","20.905305","6",NULL
"3997","2018-05-15T18:00:16.324Z","15.536384","5",NULL
"3998","2018-05-15T18:01:48.382Z","31.459111","4",NULL
"3999","2018-05-15T18:01:49.445Z","30.720906","3",NULL
"4000","2018-05-15T18:02:18.671Z","27.642358","2",NULL
"4001","2018-05-15T18:00:16.158Z","20.903822","6",NULL
"4002","2018-05-15T18:02:18.667Z","30.346358","1",NULL
"4003","2018-05-15T18:00:16.645Z","16.21855","5",NULL
"4004","2018-05-15T18:01:49.461Z","30.720906","3",NULL
"4005","2018-05-15T18:01:48.530Z","31.306302","4",NULL
"4006","2018-05-15T18:02:18.699Z","27.637405","2",NULL
"4007","2018-05-15T18:00:16.356Z","20.565717","6",NULL
"4008","2018-05-15T18:02:18.682Z","30.341405","1",NULL
"4009","2018-05-15T18:00:16.678Z","16.210933","5",NULL
"4010","2018-05-15T18:01:49.463Z","30.720906","3",NULL
"4011","2018-05-15T18:02:18.754Z","29.209577","2",NULL
"4012","2018-05-15T18:01:49.459Z","30.875573","4",NULL
"4013","2018-05-15T18:00:16.764Z","17.025892","5",NULL
"4014","2018-05-15T18:02:18.730Z","29.95091","1",NULL
"4015","2018-05-15T18:00:16.662Z","20.247883","6",NULL
"4016","2018-05-15T18:01:49.729Z","30.720906","3",NULL
"4017","2018-05-15T18:01:49.462Z","30.875573","4",NULL
"4018","2018-05-15T18:02:18.986Z","28.999049","2",NULL
"4019","2018-05-15T18:02:18.969Z","29.740382","1",NULL
"4020","2018-05-15T18:00:16.687Z","20.240266","6",NULL
"4021","2018-05-15T18:00:17.180Z","16.691011","5",NULL
"4022","2018-05-15T18:01:49.730Z","30.875573","4",NULL
"4023","2018-05-15T18:02:19.280Z","28.841031","2",NULL
"4024","2018-05-15T18:01:49.894Z","31.595906","3",NULL
"4025","2018-05-15T18:02:19.231Z","29.582364","1",NULL
"4026","2018-05-15T18:00:17.356Z","16.646815","5",NULL
"4027","2018-05-15T18:00:17.199Z","19.720344","6",NULL
"4028","2018-05-15T18:01:49.977Z","30.875573","4",NULL
"4029","2018-05-15T18:02:19.326Z","28.82031","2",NULL
"4030","2018-05-15T18:01:50.544Z","32.681928","3",NULL
"4031","2018-05-15T18:02:19.286Z","29.561643","1",NULL
"4032","2018-05-15T18:00:17.808Z","17.480044","5",NULL
"4033","2018-05-15T18:00:17.387Z","19.676148","6",NULL
"4034","2018-05-15T18:01:50.565Z","30.836595","4",NULL
"4035","2018-05-15T18:02:19.526Z","28.756308","2",NULL
"4036","2018-05-15T18:01:50.583Z","32.483821","3",NULL
"4037","2018-05-15T18:01:50.587Z","30.638488","4",NULL
"4038","2018-05-15T18:02:19.521Z","30.247641","1",NULL
"4039","2018-05-15T18:00:17.834Z","17.480044","5",NULL
"4040","2018-05-15T18:00:17.830Z","21.638711","6",NULL
"4041","2018-05-15T18:02:19.540Z","28.756308","2",NULL
"4042","2018-05-15T18:01:50.595Z","32.392359","3",NULL
"4043","2018-05-15T18:01:50.659Z","30.457154","4",NULL
"4044","2018-05-15T18:02:19.538Z","30.247641","1",NULL
"4045","2018-05-15T18:00:18.050Z","17.771711","5",NULL
"4046","2018-05-15T18:00:17.846Z","21.638711","6",NULL
"4047","2018-05-15T18:01:50.657Z","32.302487","3",NULL
"4048","2018-05-15T18:02:19.547Z","28.756308","2",NULL
"4049","2018-05-15T18:01:50.883Z","30.22242","4",NULL
"4050","2018-05-15T18:02:19.541Z","30.247641","1",NULL
"4051","2018-05-15T18:00:18.280Z","18.021711","5",NULL
"4052","2018-05-15T18:00:17.852Z","21.638711","6",NULL
"4053","2018-05-15T18:01:50.816Z","34.128815","3",NULL
"4054","2018-05-15T18:02:19.728Z","30.718974","2",NULL
"4055","2018-05-15T18:01:51.355Z","29.894066","4",NULL
"4056","2018-05-15T18:00:18.450Z","18.480044","5",NULL
"4057","2018-05-15T18:00:18.123Z","21.638711","6",NULL
"4058","2018-05-15T18:02:19.865Z","31.080974","1",NULL
"4059","2018-05-15T18:02:19.900Z","30.718974","2",NULL
"4060","2018-05-15T18:01:50.880Z","34.067753","3",NULL
"4061","2018-05-15T18:02:20.074Z","31.497641","1",NULL
"4062","2018-05-15T18:00:18.305Z","21.638711","6",NULL
"4063","2018-05-15T18:01:51.467Z","31.614258","4",NULL
"4064","2018-05-15T18:00:18.545Z","18.646711","5",NULL
"4065","2018-05-15T18:01:51.340Z","33.739399","3",NULL
"4066","2018-05-15T18:02:20.180Z","32.681641","2",NULL
"4067","2018-05-15T18:00:18.452Z","21.638711","6",NULL
"4068","2018-05-15T18:00:19.019Z","18.813378","5",NULL
"4069","2018-05-15T18:01:51.606Z","31.473896","4",NULL
"4070","2018-05-15T18:02:20.171Z","31.497641","1",NULL
"4071","2018-05-15T18:01:51.604Z","33.356563","3",NULL
"4072","2018-05-15T18:02:20.183Z","32.681641","2",NULL
"4073","2018-05-15T18:02:20.196Z","31.497641","1",NULL
"4074","2018-05-15T18:00:19.027Z","21.638711","6",NULL
"4075","2018-05-15T18:01:51.642Z","31.447031","4",NULL
"4076","2018-05-15T18:00:19.702Z","19.271711","5",NULL
"4077","2018-05-15T18:02:20.200Z","32.681641","2",NULL
"4078","2018-05-15T18:01:51.640Z","33.329698","3",NULL
"4079","2018-05-15T18:00:19.836Z","21.638711","6",NULL
"4080","2018-05-15T18:02:20.808Z","31.872641","1",NULL
"4081","2018-05-15T18:01:52.077Z","33.107073","4",NULL
"4082","2018-05-15T18:00:20.341Z","19.480044","5",NULL
"4083","2018-05-15T18:01:51.998Z","33.027073","3",NULL
"4084","2018-05-15T18:02:20.817Z","32.681641","2",NULL
"4085","2018-05-15T18:00:20.346Z","21.638711","6",NULL
"4086","2018-05-15T18:00:20.939Z","19.730044","5",NULL
"4087","2018-05-15T18:01:52.175Z","32.887124","4",NULL
"4088","2018-05-15T18:02:20.991Z","32.664308","1",NULL
"4089","2018-05-15T18:02:20.994Z","34.644308","2",NULL
"4090","2018-05-15T18:01:52.361Z","32.735053","3",NULL
"4091","2018-05-15T18:00:21.139Z","20.605044","5",NULL
"4092","2018-05-15T18:00:20.950Z","21.638711","6",NULL
"4093","2018-05-15T18:01:52.374Z","32.815053","4",NULL
"4094","2018-05-15T18:02:21.309Z","33.43493","1",NULL
"4095","2018-05-15T18:01:52.436Z","32.573163","3",NULL
"4096","2018-05-15T18:02:20.997Z","34.644308","2",NULL
"4097","2018-05-15T18:01:52.454Z","32.653163","4",NULL
"4098","2018-05-15T18:00:21.224Z","20.646711","5",NULL
"4099","2018-05-15T18:00:21.159Z","21.638711","6",NULL
"4100","2018-05-15T18:02:21.367Z","33.357647","1",NULL
"4101","2018-05-15T18:01:52.877Z","32.102795","3",NULL
"4102","2018-05-15T18:02:21.324Z","34.581597","2",NULL
"4103","2018-05-15T18:00:21.338Z","21.638711","6",NULL
"4104","2018-05-15T18:02:21.785Z","32.963228","1",NULL
"4105","2018-05-15T18:01:52.878Z","32.182795","4",NULL
"4106","2018-05-15T18:00:21.322Z","20.646711","5",NULL
"4107","2018-05-15T18:02:21.804Z","34.109895","2",NULL
"4108","2018-05-15T18:01:53.168Z","31.848947","3",NULL
"4109","2018-05-15T18:01:53.331Z","31.928947","4",NULL
"4110","2018-05-15T18:02:21.844Z","32.962003","1",NULL
"4111","2018-05-15T18:00:21.462Z","21.638711","6",NULL
"4112","2018-05-15T18:00:21.418Z","21.646711","5",NULL
"4113","2018-05-15T18:02:21.878Z","34.10867","2",NULL
"4114","2018-05-15T18:01:53.446Z","31.549882","3",NULL
"4115","2018-05-15T18:01:53.475Z","31.629882","4",NULL
"4116","2018-05-15T18:02:22.291Z","33.155911","1",NULL
"4117","2018-05-15T18:00:21.833Z","21.638711","6",NULL
"4118","2018-05-15T18:00:21.511Z","22.646711","5",NULL
"4119","2018-05-15T18:02:22.315Z","33.552578","2",NULL
"4120","2018-05-15T18:01:54.127Z","30.869901","3",NULL
"4121","2018-05-15T18:00:22.098Z","21.638711","6",NULL
"4122","2018-05-15T18:02:22.321Z","33.14959","1",NULL
"4123","2018-05-15T18:00:21.674Z","24.646711","5",NULL
"4124","2018-05-15T18:01:54.139Z","30.949901","4",NULL
"4125","2018-05-15T18:02:22.331Z","33.546257","2",NULL
"4126","2018-05-15T18:01:54.523Z","30.496519","3",NULL
"4127","2018-05-15T18:00:21.770Z","26.355044","5",NULL
"4128","2018-05-15T18:01:54.404Z","32.631155","4",NULL
"4129","2018-05-15T18:02:22.372Z","33.777105","1",NULL
"4130","2018-05-15T18:00:22.663Z","21.635782","6",NULL
"4131","2018-05-15T18:02:22.376Z","33.465439","2",NULL
"4132","2018-05-15T18:01:54.592Z","30.470798","3",NULL
"4133","2018-05-15T18:01:54.580Z","32.539186","4",NULL
"4134","2018-05-15T18:00:23.136Z","21.251602","6",NULL
"4135","2018-05-15T18:02:22.408Z","34.270658","1",NULL
"4136","2018-05-15T18:00:21.876Z","26.646711","5",NULL
"4137","2018-05-15T18:02:22.628Z","33.200467","2",NULL
"4138","2018-05-15T18:01:54.697Z","32.299414","3",NULL
"4139","2018-05-15T18:01:54.601Z","32.513465","4",NULL
"4140","2018-05-15T18:00:23.591Z","20.776279","6",NULL
"4141","2018-05-15T18:02:22.623Z","34.0538","1",NULL
"4142","2018-05-15T18:00:22.087Z","26.646711","5",NULL
"4143","2018-05-15T18:02:22.742Z","33.089427","2",NULL
"4144","2018-05-15T18:01:54.766Z","32.237745","3",NULL
"4145","2018-05-15T18:01:54.787Z","32.280412","4",NULL
"4146","2018-05-15T18:00:22.653Z","26.643782","5",NULL
"4147","2018-05-15T18:02:22.740Z","33.94276","1",NULL
"4148","2018-05-15T18:00:23.779Z","20.518896","6",NULL
"4149","2018-05-15T18:02:23.395Z","32.591901","2",NULL
"4150","2018-05-15T18:01:54.877Z","32.118183","3",NULL
"4151","2018-05-15T18:00:23.099Z","26.259602","5",NULL
"4152","2018-05-15T18:02:23.375Z","33.445234","1",NULL
"4153","2018-05-15T18:00:24.289Z","20.022101","6",NULL
"4154","2018-05-15T18:01:54.972Z","32.16085","4",NULL
"4155","2018-05-15T18:00:23.547Z","25.784279","5",NULL
"4156","2018-05-15T18:02:23.669Z","32.333266","2",NULL
"4157","2018-05-15T18:01:55.147Z","31.868214","3",NULL
"4158","2018-05-15T18:00:23.776Z","25.526896","5",NULL
"4159","2018-05-15T18:00:24.846Z","19.530127","6",NULL
"4160","2018-05-15T18:02:23.543Z","33.186599","1",NULL
"4161","2018-05-15T18:01:55.187Z","31.910881","4",NULL
"4162","2018-05-15T18:00:24.279Z","25.030101","5",NULL
"4163","2018-05-15T18:02:23.989Z","31.981428","2",NULL
"4164","2018-05-15T18:01:55.631Z","31.371967","3",NULL
"4165","2018-05-15T18:00:24.794Z","24.538127","5",NULL
"4166","2018-05-15T18:00:25.446Z","18.905405","6",NULL
"4167","2018-05-15T18:02:23.840Z","32.834761","1",NULL
"4168","2018-05-15T18:01:55.633Z","31.414634","4",NULL
"4169","2018-05-15T18:00:25.438Z","23.913405","5",NULL
"4170","2018-05-15T18:01:55.910Z","31.106698","3",NULL
"4171","2018-05-15T18:02:24.538Z","31.396618","2",NULL
"4172","2018-05-15T18:00:26.182Z","20.201776","6",NULL
"4173","2018-05-15T18:02:24.515Z","32.249951","1",NULL
"4174","2018-05-15T18:01:55.924Z","31.149365","4",NULL
"4175","2018-05-15T18:01:57.088Z","29.962049","3",NULL
"4176","2018-05-15T18:02:25.620Z","30.279182","2",NULL
"4177","2018-05-15T18:00:26.160Z","23.247109","5",NULL
"4178","2018-05-15T18:02:25.583Z","31.132515","1",NULL
"4179","2018-05-15T18:00:26.204Z","20.122205","6",NULL
"4180","2018-05-15T18:01:57.096Z","30.004716","4",NULL
"4181","2018-05-15T18:01:57.392Z","29.705528","3",NULL
"4182","2018-05-15T18:00:26.430Z","22.984651","5",NULL
"4183","2018-05-15T18:02:26.577Z","29.64312","2",NULL
"4184","2018-05-15T18:00:26.437Z","19.939318","6",NULL
"4185","2018-05-15T18:01:57.457Z","31.710861","4",NULL
"4186","2018-05-15T18:02:26.536Z","30.496453","1",NULL
"4187","2018-05-15T18:00:26.450Z","22.913461","5",NULL
"4188","2018-05-15T18:02:26.802Z","31.140035","2",NULL
"4189","2018-05-15T18:01:57.690Z","29.366917","3",NULL
"4190","2018-05-15T18:01:57.475Z","31.598931","4",NULL
"4191","2018-05-15T18:00:26.470Z","19.868128","6",NULL
"4192","2018-05-15T18:02:26.752Z","30.030702","1",NULL
"4193","2018-05-15T18:00:26.808Z","22.60659","5",NULL
"4194","2018-05-15T18:02:26.814Z","31.035894","2",NULL
"4195","2018-05-15T18:01:57.723Z","29.315904","3",NULL
"4196","2018-05-15T18:01:57.713Z","31.37225","4",NULL
"4197","2018-05-15T18:00:26.810Z","19.561257","6",NULL
"4198","2018-05-15T18:00:27.051Z","23.414235","5",NULL
"4199","2018-05-15T18:02:27.626Z","29.812308","1",NULL
"4200","2018-05-15T18:01:57.897Z","29.182134","3",NULL
"4201","2018-05-15T18:02:27.647Z","30.254974","2",NULL
"4202","2018-05-15T18:01:57.762Z","31.321237","4",NULL
"4203","2018-05-15T18:02:27.687Z","29.758183","1",NULL
"4204","2018-05-15T18:00:27.070Z","23.379237","5",NULL
"4205","2018-05-15T18:00:27.066Z","19.368902","6",NULL
"4206","2018-05-15T18:01:58.000Z","29.110172","3",NULL
"4207","2018-05-15T18:02:27.711Z","30.200849","2",NULL
"4208","2018-05-15T18:01:57.924Z","31.187467","4",NULL
"4209","2018-05-15T18:02:28.088Z","30.063713","1",NULL
"4210","2018-05-15T18:00:27.114Z","24.188646","5",NULL
"4211","2018-05-15T18:00:27.072Z","19.333904","6",NULL
"4212","2018-05-15T18:01:58.235Z","29.701849","3",NULL
"4213","2018-05-15T18:02:28.136Z","30.048046","2",NULL
"4214","2018-05-15T18:01:58.003Z","31.115505","4",NULL
"4215","2018-05-15T18:02:28.167Z","29.955951","1",NULL
"4216","2018-05-15T18:00:27.328Z","24.177998","5",NULL
"4217","2018-05-15T18:00:27.112Z","21.105979","6",NULL
"4218","2018-05-15T18:01:58.390Z","29.684266","3",NULL
"4219","2018-05-15T18:02:28.184Z","29.940284","2",NULL
"4220","2018-05-15T18:01:58.271Z","30.832182","4",NULL
"4221","2018-05-15T18:02:28.299Z","30.053471","1",NULL
"4222","2018-05-15T18:00:27.342Z","21.095331","6",NULL
"4223","2018-05-15T18:00:27.398Z","24.176334","5",NULL
"4224","2018-05-15T18:01:58.829Z","29.539493","3",NULL
"4225","2018-05-15T18:02:28.316Z","31.458804","2",NULL
"4226","2018-05-15T18:01:58.413Z","30.814599","4",NULL
"4227","2018-05-15T18:02:28.336Z","30.039584","1",NULL
"4228","2018-05-15T18:00:27.400Z","21.093667","6",NULL
"4229","2018-05-15T18:00:27.851Z","24.568681","5",NULL
"4230","2018-05-15T18:01:58.898Z","29.515928","3",NULL
"4231","2018-05-15T18:02:28.371Z","31.444917","2",NULL
"4232","2018-05-15T18:00:27.883Z","24.537852","5",NULL
"4233","2018-05-15T18:00:27.880Z","20.444347","6",NULL
"4234","2018-05-15T18:02:00.012Z","29.535996","3",NULL
"4235","2018-05-15T18:01:58.878Z","30.294826","4",NULL
"4236","2018-05-15T18:00:28.322Z","24.699568","5",NULL
"4237","2018-05-15T18:02:28.621Z","31.152914","2",NULL
"4238","2018-05-15T18:02:28.663Z","30.080914","1",NULL
"4239","2018-05-15T18:02:00.059Z","29.535996","3",NULL
"4240","2018-05-15T18:00:27.971Z","20.413518","6",NULL
"4241","2018-05-15T18:01:58.909Z","30.271261","4",NULL
"4242","2018-05-15T18:00:28.342Z","24.699568","5",NULL
"4243","2018-05-15T18:00:28.340Z","20.200234","6",NULL
"4244","2018-05-15T18:02:00.029Z","29.832996","4",NULL
"4245","2018-05-15T18:02:28.972Z","30.856461","2",NULL
"4246","2018-05-15T18:02:28.970Z","29.784461","1",NULL
"4247","2018-05-15T18:02:00.099Z","29.535996","3",NULL
"4248","2018-05-15T18:00:28.344Z","24.699568","5",NULL
"4249","2018-05-15T18:00:28.343Z","20.200234","6",NULL
"4250","2018-05-15T18:02:29.134Z","30.852494","2",NULL
"4251","2018-05-15T18:02:00.077Z","29.832996","4",NULL
"4252","2018-05-15T18:02:00.219Z","29.827663","3",NULL
"4253","2018-05-15T18:02:29.005Z","29.780494","1",NULL
"4254","2018-05-15T18:00:28.629Z","25.282901","5",NULL
"4255","2018-05-15T18:00:28.398Z","20.200234","6",NULL
"4256","2018-05-15T18:02:29.242Z","30.566476","2",NULL
"4257","2018-05-15T18:02:00.183Z","29.832996","4",NULL
"4258","2018-05-15T18:02:00.626Z","29.827663","3",NULL
"4259","2018-05-15T18:00:28.773Z","22.162901","6",NULL
"4260","2018-05-15T18:00:28.889Z","25.282901","5",NULL
"4261","2018-05-15T18:00:28.806Z","22.162901","6",NULL
"4262","2018-05-15T18:02:29.263Z","30.565405","2",NULL
"4263","2018-05-15T18:02:29.234Z","30.161143","1",NULL
"4264","2018-05-15T18:02:00.235Z","31.795663","4",NULL
"4265","2018-05-15T18:02:00.827Z","30.160996","3",NULL
"4266","2018-05-15T18:00:29.020Z","25.282901","5",NULL
"4267","2018-05-15T18:00:29.421Z","26.116234","5",NULL
"4268","2018-05-15T18:02:29.389Z","30.391083","2",NULL
"4269","2018-05-15T18:02:00.649Z","31.795663","4",NULL
"4270","2018-05-15T18:02:01.261Z","30.49433","3",NULL
"4271","2018-05-15T18:00:29.022Z","24.125568","6",NULL
"4272","2018-05-15T18:02:29.254Z","30.160072","1",NULL
"4273","2018-05-15T18:00:29.820Z","26.699568","5",NULL
"4274","2018-05-15T18:02:30.101Z","29.956906","2",NULL
"4275","2018-05-15T18:02:00.921Z","31.795663","4",NULL
"4276","2018-05-15T18:02:29.355Z","30.819083","1",NULL
"4277","2018-05-15T18:00:29.103Z","24.125568","6",NULL
"4278","2018-05-15T18:02:02.188Z","31.327663","3",NULL
"4279","2018-05-15T18:00:29.863Z","27.074568","5",NULL
"4280","2018-05-15T18:02:01.313Z","33.75833","4",NULL
"4281","2018-05-15T18:02:30.107Z","29.890122","2",NULL
"4282","2018-05-15T18:02:30.099Z","30.676573","1",NULL
"4283","2018-05-15T18:00:29.434Z","24.125568","6",NULL
"4284","2018-05-15T18:02:02.281Z","31.827663","3",NULL
"4285","2018-05-15T18:02:01.395Z","33.75833","4",NULL
"4286","2018-05-15T18:00:29.923Z","27.282901","5",NULL
"4287","2018-05-15T18:02:30.105Z","30.609789","1",NULL
"4288","2018-05-15T18:02:02.751Z","31.827663","3",NULL
"4289","2018-05-15T18:02:30.685Z","29.606738","2",NULL
"4290","2018-05-15T18:00:29.832Z","24.125568","6",NULL
"4291","2018-05-15T18:00:30.044Z","29.282901","5",NULL
"4292","2018-05-15T18:02:02.192Z","33.75833","4",NULL
"4293","2018-05-15T18:02:02.863Z","32.452663","3",NULL
"4294","2018-05-15T18:02:30.383Z","30.534738","1",NULL
"4295","2018-05-15T18:02:30.712Z","29.606738","2",NULL
"4296","2018-05-15T18:00:29.835Z","26.088234","6",NULL
"4297","2018-05-15T18:02:02.768Z","33.75833","4",NULL
"4298","2018-05-15T18:00:30.419Z","29.282901","5",NULL
"4299","2018-05-15T18:02:30.675Z","30.534738","1",NULL
"4300","2018-05-15T18:02:03.042Z","33.827663","3",NULL
"4301","2018-05-15T18:02:30.847Z","31.569405","2",NULL
"4302","2018-05-15T18:00:29.874Z","26.088234","6",NULL
"4303","2018-05-15T18:02:02.922Z","33.75833","4",NULL
"4304","2018-05-15T18:00:30.654Z","28.116234","5",NULL
"4305","2018-05-15T18:02:30.708Z","30.534738","1",NULL
"4306","2018-05-15T18:02:30.865Z","31.569405","2",NULL
"4307","2018-05-15T18:02:03.137Z","33.827663","3",NULL
"4308","2018-05-15T18:00:29.926Z","28.050901","6",NULL
"4309","2018-05-15T18:02:03.139Z","33.75833","4",NULL
"4310","2018-05-15T18:00:30.761Z","29.282901","5",NULL
"4311","2018-05-15T18:02:30.856Z","30.534738","1",NULL
"4312","2018-05-15T18:02:03.378Z","33.670546","3",NULL
"4313","2018-05-15T18:00:30.458Z","28.050901","6",NULL
"4314","2018-05-15T18:02:31.077Z","31.569405","2",NULL
"4315","2018-05-15T18:02:03.383Z","33.601213","4",NULL
"4316","2018-05-15T18:00:30.828Z","29.282901","5",NULL
"4317","2018-05-15T18:02:03.694Z","33.422863","3",NULL
"4318","2018-05-15T18:02:32.857Z","33.532071","2",NULL
"4319","2018-05-15T18:02:31.016Z","32.534738","1",NULL
"4320","2018-05-15T18:00:30.563Z","30.013568","6",NULL
"4321","2018-05-15T18:00:32.736Z","29.23502","5",NULL
"4322","2018-05-15T18:02:03.722Z","33.35353","4",NULL
"4323","2018-05-15T18:02:03.945Z","33.146589","3",NULL
"4324","2018-05-15T18:02:33.047Z","33.532071","2",NULL
"4325","2018-05-15T18:02:31.071Z","32.534738","1",NULL
"4326","2018-05-15T18:00:30.675Z","30.013568","6",NULL
"4327","2018-05-15T18:00:33.142Z","28.908972","5",NULL
"4328","2018-05-15T18:02:04.447Z","32.611067","3",NULL
"4329","2018-05-15T18:02:03.984Z","33.077256","4",NULL
"4330","2018-05-15T18:02:33.027Z","32.534738","1",NULL
"4331","2018-05-15T18:02:33.466Z","33.314327","2",NULL
"4332","2018-05-15T18:00:30.840Z","30.013568","6",NULL
"4333","2018-05-15T18:02:33.456Z","32.316994","1",NULL
"4334","2018-05-15T18:02:04.878Z","32.174887","3",NULL
"4335","2018-05-15T18:00:33.469Z","28.577765","5",NULL
"4336","2018-05-15T18:02:04.454Z","32.541734","4",NULL
"4337","2018-05-15T18:02:33.591Z","32.252682","1",NULL
"4338","2018-05-15T18:00:32.738Z","29.965687","6",NULL
"4339","2018-05-15T18:02:33.634Z","33.166682","2",NULL
"4340","2018-05-15T18:02:33.846Z","32.773962","1",NULL
"4341","2018-05-15T18:02:05.131Z","31.925362","3",NULL
"4342","2018-05-15T18:00:33.504Z","28.560235","5",NULL
"4343","2018-05-15T18:02:04.937Z","32.105554","4",NULL
"4344","2018-05-15T18:00:33.015Z","31.642001","6",NULL
"4345","2018-05-15T18:02:33.867Z","32.937962","2",NULL
"4346","2018-05-15T18:02:34.097Z","33.011648","1",NULL
"4347","2018-05-15T18:00:33.649Z","28.315264","5",NULL
"4348","2018-05-15T18:02:05.643Z","31.427877","3",NULL
"4349","2018-05-15T18:02:05.149Z","31.856029","4",NULL
"4350","2018-05-15T18:02:34.131Z","32.717314","2",NULL
"4351","2018-05-15T18:02:34.190Z","32.918383","1",NULL
"4352","2018-05-15T18:00:33.166Z","31.602305","6",NULL
"4353","2018-05-15T18:00:33.772Z","28.199594","5",NULL
"4354","2018-05-15T18:02:05.878Z","31.175935","3",NULL
"4355","2018-05-15T18:02:34.249Z","32.624049","2",NULL
"4356","2018-05-15T18:02:05.680Z","31.358544","4",NULL
"4357","2018-05-15T18:02:34.423Z","33.259888","1",NULL
"4358","2018-05-15T18:00:34.272Z","27.702844","5",NULL
"4359","2018-05-15T18:00:33.478Z","31.271098","6",NULL
"4360","2018-05-15T18:02:06.178Z","30.890875","3",NULL
"4361","2018-05-15T18:02:34.451Z","32.298888","2",NULL
"4362","2018-05-15T18:02:34.465Z","33.230579","1",NULL
"4363","2018-05-15T18:02:05.882Z","31.106602","4",NULL
"4364","2018-05-15T18:00:33.512Z","31.253568","6",NULL
"4365","2018-05-15T18:02:06.546Z","30.567808","3",NULL
"4366","2018-05-15T18:00:34.516Z","27.454053","5",NULL
"4367","2018-05-15T18:02:35.296Z","32.335753","1",NULL
"4368","2018-05-15T18:02:34.517Z","32.269579","2",NULL
"4369","2018-05-15T18:00:33.577Z","33.05412","6",NULL
"4370","2018-05-15T18:02:06.183Z","30.821542","4",NULL
"4371","2018-05-15T18:02:06.780Z","30.960581","3",NULL
"4372","2018-05-15T18:00:34.766Z","27.207753","5",NULL
"4373","2018-05-15T18:02:35.668Z","31.202248","2",NULL
"4374","2018-05-15T18:02:35.616Z","32.204915","1",NULL
"4375","2018-05-15T18:00:33.661Z","32.971264","6",NULL
"4376","2018-05-15T18:02:06.459Z","32.497011","4",NULL
"4377","2018-05-15T18:00:35.524Z","26.493285","5",NULL
"4378","2018-05-15T18:02:06.918Z","32.131539","3",NULL
"4379","2018-05-15T18:02:35.741Z","31.050926","2",NULL
"4380","2018-05-15T18:02:35.711Z","32.053593","1",NULL
"4381","2018-05-15T18:00:33.834Z","32.855594","6",NULL
"4382","2018-05-15T18:00:35.769Z","26.204607","5",NULL
"4383","2018-05-15T18:02:06.569Z","32.461141","4",NULL
"4384","2018-05-15T18:02:07.026Z","32.061059","3",NULL
"4385","2018-05-15T18:02:35.952Z","32.75022","2",NULL
"4386","2018-05-15T18:00:34.283Z","32.358844","6",NULL
"4387","2018-05-15T18:02:35.918Z","31.79022","1",NULL
"4388","2018-05-15T18:00:36.018Z","25.950611","5",NULL
"4389","2018-05-15T18:02:06.785Z","32.228914","4",NULL
"4390","2018-05-15T18:02:07.048Z","32.001618","3",NULL
"4391","2018-05-15T18:02:36.097Z","32.497941","2",NULL
"4392","2018-05-15T18:00:34.519Z","32.110053","6",NULL
"4393","2018-05-15T18:02:36.170Z","31.513464","1",NULL
"4394","2018-05-15T18:00:36.517Z","25.451076","5",NULL
"4395","2018-05-15T18:02:07.277Z","31.805072","3",NULL
"4396","2018-05-15T18:02:07.033Z","31.954392","4",NULL
"4397","2018-05-15T18:00:34.780Z","31.863753","6",NULL
"4398","2018-05-15T18:02:36.179Z","32.473464","2",NULL
"4399","2018-05-15T18:02:36.187Z","31.512475","1",NULL
"4400","2018-05-15T18:02:07.061Z","31.894951","4",NULL
"4401","2018-05-15T18:00:36.767Z","25.200735","5",NULL
"4402","2018-05-15T18:02:07.633Z","31.422326","3",NULL
"4403","2018-05-15T18:00:35.526Z","31.149285","6",NULL
"4404","2018-05-15T18:02:36.496Z","31.14864","1",NULL
"4405","2018-05-15T18:02:36.220Z","32.472475","2",NULL
"4406","2018-05-15T18:02:07.313Z","31.698405","4",NULL
"4407","2018-05-15T18:00:37.276Z","24.698709","5",NULL
"4408","2018-05-15T18:02:07.765Z","31.293664","3",NULL
"4409","2018-05-15T18:00:35.792Z","30.860607","6",NULL
"4410","2018-05-15T18:02:36.498Z","32.10864","2",NULL
"4411","2018-05-15T18:02:37.346Z","30.703446","1",NULL
"4412","2018-05-15T18:00:38.010Z","24.046103","5",NULL
"4413","2018-05-15T18:00:36.026Z","30.606611","6",NULL
"4414","2018-05-15T18:02:08.152Z","31.293664","3",NULL
"4415","2018-05-15T18:02:07.636Z","31.315659","4",NULL
"4416","2018-05-15T18:02:37.348Z","31.663446","2",NULL
"4417","2018-05-15T18:02:37.740Z","30.613927","1",NULL
"4418","2018-05-15T18:00:36.519Z","30.107076","6",NULL
"4419","2018-05-15T18:02:09.181Z","31.710331","3",NULL
"4420","2018-05-15T18:00:38.273Z","23.808757","5",NULL
"4421","2018-05-15T18:02:07.778Z","31.186997","4",NULL
"4422","2018-05-15T18:02:37.763Z","30.609739","1",NULL
"4423","2018-05-15T18:02:37.557Z","33.626113","2",NULL
"4424","2018-05-15T18:00:36.784Z","29.856735","6",NULL
"4425","2018-05-15T18:02:08.157Z","31.186997","4",NULL
"4426","2018-05-15T18:00:38.516Z","23.519626","5",NULL
"4427","2018-05-15T18:02:09.278Z","33.293664","3",NULL
"4428","2018-05-15T18:02:38.006Z","32.340297","1",NULL
"4429","2018-05-15T18:02:37.756Z","33.536594","2",NULL
"4430","2018-05-15T18:02:09.550Z","33.293664","3",NULL
"4431","2018-05-15T18:00:37.278Z","29.354709","6",NULL
"4432","2018-05-15T18:00:38.992Z","23.03592","5",NULL
"4433","2018-05-15T18:02:09.003Z","33.149664","4",NULL
"4434","2018-05-15T18:02:38.021Z","32.331541","1",NULL
"4435","2018-05-15T18:02:37.766Z","33.532406","2",NULL
"4436","2018-05-15T18:00:39.042Z","23.017201","5",NULL
"4437","2018-05-15T18:02:09.196Z","33.149664","4",NULL
"4438","2018-05-15T18:02:10.444Z","33.206193","3",NULL
"4439","2018-05-15T18:00:38.056Z","28.702103","6",NULL
"4440","2018-05-15T18:02:38.027Z","32.316292","1",NULL
"4441","2018-05-15T18:02:38.023Z","33.254208","2",NULL
"4442","2018-05-15T18:00:38.301Z","28.464757","6",NULL
"4443","2018-05-15T18:00:39.049Z","23.009335","5",NULL
"4444","2018-05-15T18:02:09.552Z","33.149664","4",NULL
"4445","2018-05-15T18:02:10.937Z","32.813895","3",NULL
"4446","2018-05-15T18:02:38.029Z","33.238959","2",NULL
"4447","2018-05-15T18:02:38.339Z","32.032902","1",NULL
"4448","2018-05-15T18:00:38.532Z","28.175626","6",NULL
"4449","2018-05-15T18:02:11.345Z","32.434713","3",NULL
"4450","2018-05-15T18:02:10.446Z","33.062193","4",NULL
"4451","2018-05-15T18:00:39.637Z","23.666528","5",NULL
"4452","2018-05-15T18:02:38.360Z","32.955569","2",NULL
"4453","2018-05-15T18:02:38.756Z","31.612476","1",NULL
"4454","2018-05-15T18:02:11.630Z","32.082185","3",NULL
"4455","2018-05-15T18:00:39.001Z","27.69192","6",NULL
"4456","2018-05-15T18:02:10.953Z","32.669895","4",NULL
"4457","2018-05-15T18:00:39.688Z","23.661872","5",NULL
"4458","2018-05-15T18:02:39.236Z","31.11207","1",NULL
"4459","2018-05-15T18:02:38.771Z","32.535143","2",NULL
"4460","2018-05-15T18:02:11.359Z","32.290713","4",NULL
"4461","2018-05-15T18:00:40.521Z","23.867482","5",NULL
"4462","2018-05-15T18:00:39.046Z","27.589868","6",NULL
"4463","2018-05-15T18:02:12.137Z","31.582633","3",NULL
"4464","2018-05-15T18:02:39.793Z","30.574353","1",NULL
"4465","2018-05-15T18:02:39.258Z","32.034737","2",NULL
"4466","2018-05-15T18:02:11.637Z","31.938185","4",NULL
"4467","2018-05-15T18:02:12.482Z","31.324204","3",NULL
"4468","2018-05-15T18:00:40.611Z","23.867482","5",NULL
"4469","2018-05-15T18:00:39.051Z","27.582002","6",NULL
"4470","2018-05-15T18:02:12.140Z","31.438633","4",NULL
"4471","2018-05-15T18:02:39.826Z","31.49702","2",NULL
"4472","2018-05-15T18:02:40.284Z","30.144301","1",NULL
"4473","2018-05-15T18:02:12.877Z","30.832911","3",NULL
"4474","2018-05-15T18:00:40.653Z","23.867482","5",NULL
"4475","2018-05-15T18:00:39.649Z","27.114195","6",NULL
"4476","2018-05-15T18:02:13.159Z","30.58252","3",NULL
"4477","2018-05-15T18:02:40.291Z","31.066968","2",NULL
"4478","2018-05-15T18:02:40.707Z","29.704692","1",NULL
"4479","2018-05-15T18:02:12.485Z","31.180204","4",NULL
"4480","2018-05-15T18:00:39.690Z","27.109539","6",NULL
"4481","2018-05-15T18:00:41.118Z","24.200815","5",NULL
"4482","2018-05-15T18:02:12.879Z","30.688911","4",NULL
"4483","2018-05-15T18:02:13.998Z","29.727131","3",NULL
"4484","2018-05-15T18:02:40.803Z","29.583678","1",NULL
"4485","2018-05-15T18:02:40.718Z","30.627359","2",NULL
"4486","2018-05-15T18:00:41.170Z","24.200815","5",NULL
"4487","2018-05-15T18:00:40.543Z","26.856815","6",NULL
"4488","2018-05-15T18:02:14.412Z","29.317101","3",NULL
"4489","2018-05-15T18:02:13.164Z","30.43852","4",NULL
"4490","2018-05-15T18:02:40.925Z","30.197899","1",NULL
"4491","2018-05-15T18:02:40.818Z","30.506345","2",NULL
"4492","2018-05-15T18:00:40.613Z","26.856815","6",NULL
"4493","2018-05-15T18:00:41.310Z","24.200815","5",NULL
"4494","2018-05-15T18:02:40.927Z","30.412233","2",NULL
"4495","2018-05-15T18:02:14.016Z","29.583131","4",NULL
"4496","2018-05-15T18:02:41.024Z","30.716153","1",NULL
"4497","2018-05-15T18:02:14.567Z","29.295267","3",NULL
"4498","2018-05-15T18:00:40.705Z","26.856815","6",NULL
"4499","2018-05-15T18:00:41.539Z","24.200815","5",NULL
"4500","2018-05-15T18:02:15.231Z","28.733127","3",NULL
"4501","2018-05-15T18:02:14.536Z","31.135768","4",NULL
"4502","2018-05-15T18:02:41.145Z","30.26382","2",NULL
"4503","2018-05-15T18:02:41.188Z","31.158941","1",NULL
"4504","2018-05-15T18:00:41.154Z","26.856815","6",NULL
"4505","2018-05-15T18:00:41.629Z","24.200815","5",NULL
"4506","2018-05-15T18:02:15.381Z","28.65925","3",NULL
"4507","2018-05-15T18:02:14.610Z","31.113934","4",NULL
"4508","2018-05-15T18:02:41.211Z","30.075679","2",NULL
"4509","2018-05-15T18:02:41.208Z","31.153012","1",NULL
"4510","2018-05-15T18:00:41.327Z","28.819482","6",NULL
"4511","2018-05-15T18:00:41.720Z","24.534148","5",NULL
"4512","2018-05-15T18:02:14.696Z","31.111481","4",NULL
"4513","2018-05-15T18:02:15.680Z","28.639195","3",NULL
"4514","2018-05-15T18:02:41.509Z","29.782392","2",NULL
"4515","2018-05-15T18:02:41.506Z","30.859725","1",NULL
"4516","2018-05-15T18:00:41.329Z","28.819482","6",NULL
"4517","2018-05-15T18:00:41.946Z","28.200815","5",NULL
"4518","2018-05-15T18:02:15.237Z","30.551794","4",NULL
"4519","2018-05-15T18:02:41.604Z","29.664084","2",NULL
"4520","2018-05-15T18:00:41.540Z","28.819482","6",NULL
"4521","2018-05-15T18:02:15.733Z","28.637403","3",NULL
"4522","2018-05-15T18:02:41.602Z","30.741417","1",NULL
"4523","2018-05-15T18:00:42.140Z","28.575815","5",NULL
"4524","2018-05-15T18:02:15.384Z","30.477917","4",NULL
"4525","2018-05-15T18:02:42.449Z","30.741417","1",NULL
"4526","2018-05-15T18:00:41.723Z","28.819482","6",NULL
"4527","2018-05-15T18:02:15.948Z","28.870339","3",NULL
"4528","2018-05-15T18:02:42.451Z","29.664084","2",NULL
"4529","2018-05-15T18:00:42.436Z","30.200815","5",NULL
"4530","2018-05-15T18:02:16.006Z","28.846353","3",NULL
"4531","2018-05-15T18:02:42.867Z","30.741417","1",NULL
"4532","2018-05-15T18:02:15.693Z","29.999529","4",NULL
"4533","2018-05-15T18:02:42.718Z","31.62675","2",NULL
"4534","2018-05-15T18:00:42.142Z","28.819482","6",NULL
"4535","2018-05-15T18:00:42.563Z","30.200815","5",NULL
"4536","2018-05-15T18:00:42.458Z","28.819482","6",NULL
"4537","2018-05-15T18:02:42.881Z","31.62675","2",NULL
"4538","2018-05-15T18:02:15.821Z","29.997737","4",NULL
"4539","2018-05-15T18:02:42.930Z","31.908084","1",NULL
"4540","2018-05-15T18:02:16.773Z","29.02232","3",NULL
"4541","2018-05-15T18:00:42.974Z","30.617482","5",NULL
"4542","2018-05-15T18:02:16.817Z","29.021177","3",NULL
"4543","2018-05-15T18:02:15.986Z","29.647339","4",NULL
"4544","2018-05-15T18:02:43.019Z","32.625802","1",NULL
"4545","2018-05-15T18:00:42.985Z","28.819482","6",NULL
"4546","2018-05-15T18:02:42.973Z","31.62675","2",NULL
"4547","2018-05-15T18:00:43.442Z","32.200815","5",NULL
"4548","2018-05-15T18:02:43.080Z","32.625802","1",NULL
"4549","2018-05-15T18:00:43.481Z","28.819482","6",NULL
"4550","2018-05-15T18:02:43.082Z","31.511135","2",NULL
"4551","2018-05-15T18:02:16.009Z","29.623353","4",NULL
"4552","2018-05-15T18:02:16.899Z","28.983209","3",NULL
"4553","2018-05-15T18:00:43.490Z","32.200815","5",NULL
"4554","2018-05-15T18:02:16.781Z","28.840987","4",NULL
"4555","2018-05-15T18:00:44.434Z","28.819482","6",NULL
"4556","2018-05-15T18:02:43.234Z","32.440243","1",NULL
"4557","2018-05-15T18:02:43.235Z","31.325576","2",NULL
"4558","2018-05-15T18:02:17.292Z","28.541221","3",NULL
"4559","2018-05-15T18:00:44.422Z","30.617482","5",NULL
"4560","2018-05-15T18:02:43.270Z","32.401986","1",NULL
"4561","2018-05-15T18:02:17.337Z","28.540128","3",NULL
"4562","2018-05-15T18:02:16.865Z","28.839844","4",NULL
"4563","2018-05-15T18:02:43.301Z","31.287319","2",NULL
"4564","2018-05-15T18:00:44.523Z","28.819482","6",NULL
"4565","2018-05-15T18:00:44.477Z","32.200815","5",NULL
"4566","2018-05-15T18:02:17.602Z","29.010209","3",NULL
"4567","2018-05-15T18:02:17.326Z","28.359888","4",NULL
"4568","2018-05-15T18:00:44.896Z","28.805693","6",NULL
"4569","2018-05-15T18:02:43.529Z","32.18972","1",NULL
"4570","2018-05-15T18:02:43.531Z","31.075053","2",NULL
"4571","2018-05-15T18:00:44.526Z","32.200815","5",NULL
"4572","2018-05-15T18:02:43.766Z","30.824901","2",NULL
"4573","2018-05-15T18:02:17.665Z","28.9699","3",NULL
"4574","2018-05-15T18:00:45.059Z","28.719114","6",NULL
"4575","2018-05-15T18:02:17.385Z","28.358795","4",NULL
"4576","2018-05-15T18:02:43.739Z","31.939568","1",NULL
"4577","2018-05-15T18:02:44.033Z","30.572349","2",NULL
"4578","2018-05-15T18:00:44.729Z","34.200815","5",NULL
"4579","2018-05-15T18:00:46.303Z","27.712567","6",NULL
"4580","2018-05-15T18:02:43.993Z","31.687016","1",NULL
"4581","2018-05-15T18:02:17.813Z","29.946723","3",NULL
"4582","2018-05-15T18:02:17.521Z","30.018267","4",NULL
"4583","2018-05-15T18:02:44.843Z","29.762193","2",NULL
"4584","2018-05-15T18:00:44.850Z","34.187026","5",NULL
"4585","2018-05-15T18:00:46.683Z","27.055392","6",NULL
"4586","2018-05-15T18:02:44.841Z","30.87686","1",NULL
"4587","2018-05-15T18:02:17.980Z","29.781828","3",NULL
"4588","2018-05-15T18:02:17.614Z","29.999875","4",NULL
"4589","2018-05-15T18:02:45.077Z","31.445606","2",NULL
"4590","2018-05-15T18:00:45.021Z","34.100447","5",NULL
"4591","2018-05-15T18:02:17.988Z","29.780462","3",NULL
"4592","2018-05-15T18:02:45.316Z","30.431015","1",NULL
"4593","2018-05-15T18:00:46.770Z","28.943747","6",NULL
"4594","2018-05-15T18:02:17.700Z","29.959566","4",NULL
"4595","2018-05-15T18:02:45.341Z","31.279015","2",NULL
"4596","2018-05-15T18:00:46.267Z","33.0939","5",NULL
"4597","2018-05-15T18:02:45.656Z","30.125866","1",NULL
"4598","2018-05-15T18:02:17.985Z","29.563161","4",NULL
"4599","2018-05-15T18:02:18.389Z","29.389629","3",NULL
"4600","2018-05-15T18:00:46.774Z","28.942512","6",NULL
"4601","2018-05-15T18:02:45.660Z","30.973866","2",NULL
"4602","2018-05-15T18:00:46.680Z","32.436725","5",NULL
"4603","2018-05-15T18:02:45.664Z","30.124903","1",NULL
"4604","2018-05-15T18:02:19.700Z","29.389629","3",NULL
"4605","2018-05-15T18:00:46.780Z","28.891983","6",NULL
"4606","2018-05-15T18:02:17.990Z","29.561795","4",NULL
"4607","2018-05-15T18:02:45.666Z","30.972903","2",NULL
"4608","2018-05-15T18:00:46.755Z","32.362414","5",NULL
"4609","2018-05-15T18:02:18.397Z","29.170962","4",NULL
"4610","2018-05-15T18:02:45.784Z","31.184586","1",NULL
"4611","2018-05-15T18:00:47.072Z","28.669892","6",NULL
"4612","2018-05-15T18:02:20.046Z","29.389629","3",NULL
"4613","2018-05-15T18:00:46.772Z","32.361179","5",NULL
"4614","2018-05-15T18:02:45.798Z","30.740919","2",NULL
"4615","2018-05-15T18:02:20.130Z","31.181296","3",NULL
"4616","2018-05-15T18:02:19.716Z","29.170962","4",NULL
"4617","2018-05-15T18:00:47.105Z","30.518103","6",NULL
"4618","2018-05-15T18:02:45.916Z","31.771749","1",NULL
"4619","2018-05-15T18:02:45.999Z","30.536668","2",NULL
"4620","2018-05-15T18:00:47.044Z","32.088559","5",NULL
"4621","2018-05-15T18:02:19.818Z","31.133629","4",NULL
"4622","2018-05-15T18:02:45.996Z","31.688668","1",NULL
"4623","2018-05-15T18:02:20.227Z","31.389629","3",NULL
"4624","2018-05-15T18:00:47.308Z","32.309572","6",NULL
"4625","2018-05-15T18:02:46.200Z","30.410828","2",NULL
"4626","2018-05-15T18:00:47.296Z","31.802905","5",NULL
"4627","2018-05-15T18:02:20.058Z","31.133629","4",NULL
"4628","2018-05-15T18:02:46.111Z","31.562828","1",NULL
"4629","2018-05-15T18:02:20.298Z","33.389629","3",NULL
"4630","2018-05-15T18:00:47.363Z","32.236068","6",NULL
"4631","2018-05-15T18:00:47.399Z","31.688544","5",NULL
"4632","2018-05-15T18:02:46.288Z","30.285731","2",NULL
"4633","2018-05-15T18:02:20.335Z","33.389629","3",NULL
"4634","2018-05-15T18:02:46.255Z","31.437731","1",NULL
"4635","2018-05-15T18:00:47.410Z","32.195211","6",NULL
"4636","2018-05-15T18:02:20.139Z","31.133629","4",NULL
"4637","2018-05-15T18:00:47.740Z","31.335711","5",NULL
"4638","2018-05-15T18:02:46.737Z","29.790724","2",NULL
"4639","2018-05-15T18:00:47.758Z","31.842378","6",NULL
"4640","2018-05-15T18:02:20.625Z","33.267538","3",NULL
"4641","2018-05-15T18:02:46.734Z","30.942724","1",NULL
"4642","2018-05-15T18:02:20.304Z","31.133629","4",NULL
"4643","2018-05-15T18:00:48.121Z","30.982326","5",NULL
"4644","2018-05-15T18:02:47.778Z","28.823111","2",NULL
"4645","2018-05-15T18:00:48.720Z","30.411078","5",NULL
"4646","2018-05-15T18:02:47.774Z","29.975111","1",NULL
"4647","2018-05-15T18:00:48.144Z","31.488993","6",NULL
"4648","2018-05-15T18:02:20.639Z","31.011538","4",NULL
"4649","2018-05-15T18:02:20.708Z","33.265885","3",NULL
"4650","2018-05-15T18:02:48.404Z","30.511041","2",NULL
"4651","2018-05-15T18:00:49.003Z","30.974401","5",NULL
"4652","2018-05-15T18:02:48.353Z","29.700374","1",NULL
"4653","2018-05-15T18:00:48.779Z","30.876078","6",NULL
"4654","2018-05-15T18:02:20.885Z","33.110458","3",NULL
"4655","2018-05-15T18:02:20.711Z","31.009885","4",NULL
"4656","2018-05-15T18:02:48.568Z","30.421984","2",NULL
"4657","2018-05-15T18:02:22.117Z","31.932522","3",NULL
"4658","2018-05-15T18:02:20.892Z","30.854458","4",NULL
"4659","2018-05-15T18:00:49.205Z","31.599401","5",NULL
"4660","2018-05-15T18:02:48.566Z","29.611317","1",NULL
"4661","2018-05-15T18:00:49.111Z","30.689401","6",NULL
"4662","2018-05-15T18:02:48.570Z","30.136855","2",NULL
"4663","2018-05-15T18:02:22.166Z","29.676522","4",NULL
"4664","2018-05-15T18:02:48.753Z","29.000641","1",NULL
"4665","2018-05-15T18:02:22.250Z","31.76378","3",NULL
"4666","2018-05-15T18:00:49.224Z","30.689401","6",NULL
"4667","2018-05-15T18:00:49.284Z","31.599401","5",NULL
"4668","2018-05-15T18:02:48.836Z","29.811308","2",NULL
"4669","2018-05-15T18:02:22.277Z","31.470447","4",NULL
"4670","2018-05-15T18:02:22.492Z","31.593778","3",NULL
"4671","2018-05-15T18:00:49.468Z","32.182734","5",NULL
"4672","2018-05-15T18:02:48.983Z","28.824548","1",NULL
"4673","2018-05-15T18:00:49.285Z","30.689401","6",NULL
"4674","2018-05-15T18:02:48.986Z","29.593548","2",NULL
"4675","2018-05-15T18:02:22.294Z","31.468207","4",NULL
"4676","2018-05-15T18:02:22.743Z","31.2971","3",NULL
"4677","2018-05-15T18:00:49.585Z","30.689401","6",NULL
"4678","2018-05-15T18:02:49.213Z","29.138202","1",NULL
"4679","2018-05-15T18:00:49.575Z","32.182734","5",NULL
"4680","2018-05-15T18:02:49.273Z","29.323869","2",NULL
"4681","2018-05-15T18:00:51.098Z","32.652067","6",NULL
"4682","2018-05-15T18:02:22.502Z","31.300445","4",NULL
"4683","2018-05-15T18:02:23.156Z","30.85635","3",NULL
"4684","2018-05-15T18:02:49.313Z","29.100747","1",NULL
"4685","2018-05-15T18:00:51.594Z","32.682734","5",NULL
"4686","2018-05-15T18:02:49.358Z","29.286414","2",NULL
"4687","2018-05-15T18:02:22.767Z","31.003767","4",NULL
"4688","2018-05-15T18:02:49.677Z","29.494497","1",NULL
"4689","2018-05-15T18:00:51.597Z","32.652067","6",NULL
"4690","2018-05-15T18:00:51.656Z","33.349401","5",NULL
"4691","2018-05-15T18:02:24.723Z","29.4067","3",NULL
"4692","2018-05-15T18:02:49.681Z","28.888497","2",NULL
"4693","2018-05-15T18:02:23.162Z","30.563017","4",NULL
"4694","2018-05-15T18:02:49.744Z","29.493277","1",NULL
"4695","2018-05-15T18:00:51.711Z","32.652067","6",NULL
"4696","2018-05-15T18:00:51.925Z","34.182734","5",NULL
"4697","2018-05-15T18:02:25.167Z","28.922531","3",NULL
"4698","2018-05-15T18:02:49.747Z","28.887277","2",NULL
"4699","2018-05-15T18:02:24.788Z","29.113367","4",NULL
"4700","2018-05-15T18:02:50.215Z","29.523767","1",NULL
"4701","2018-05-15T18:00:51.939Z","32.652067","6",NULL
"4702","2018-05-15T18:00:51.937Z","34.182734","5",NULL
"4703","2018-05-15T18:02:25.179Z","28.854618","3",NULL
"4704","2018-05-15T18:02:50.218Z","28.334434","2",NULL
"4705","2018-05-15T18:02:25.175Z","30.591864","4",NULL
"4706","2018-05-15T18:02:50.247Z","29.522456","1",NULL
"4707","2018-05-15T18:00:52.313Z","32.456219","6",NULL
"4708","2018-05-15T18:02:25.391Z","28.728178","3",NULL
"4709","2018-05-15T18:00:52.291Z","33.986886","5",NULL
"4710","2018-05-15T18:02:50.250Z","28.333123","2",NULL
"4711","2018-05-15T18:02:25.191Z","30.523951","4",NULL
"4712","2018-05-15T18:02:25.476Z","28.674797","3",NULL
"4713","2018-05-15T18:02:50.277Z","29.457139","1",NULL
"4714","2018-05-15T18:00:52.747Z","32.0033","6",NULL
"4715","2018-05-15T18:00:52.744Z","33.533967","5",NULL
"4716","2018-05-15T18:02:50.568Z","30.015819","2",NULL
"4717","2018-05-15T18:02:25.217Z","30.522146","4",NULL
"4718","2018-05-15T18:02:25.655Z","28.880423","3",NULL
"4719","2018-05-15T18:02:50.517Z","29.242486","1",NULL
"4720","2018-05-15T18:00:52.817Z","33.896365","6",NULL
"4721","2018-05-15T18:00:52.877Z","33.397013","5",NULL
"4722","2018-05-15T18:02:50.584Z","29.932952","2",NULL
"4723","2018-05-15T18:00:53.039Z","33.237661","5",NULL
"4724","2018-05-15T18:02:25.720Z","28.86216","3",NULL
"4725","2018-05-15T18:02:50.570Z","29.159619","1",NULL
"4726","2018-05-15T18:02:25.416Z","30.355844","4",NULL
"4727","2018-05-15T18:00:52.888Z","33.829013","6",NULL
"4728","2018-05-15T18:02:50.589Z","29.929067","2",NULL
"4729","2018-05-15T18:02:50.739Z","30.941222","1",NULL
"4730","2018-05-15T18:00:53.071Z","33.669661","6",NULL
"4731","2018-05-15T18:02:25.841Z","30.168821","3",NULL
"4732","2018-05-15T18:00:53.539Z","32.737947","5",NULL
"4733","2018-05-15T18:02:25.489Z","30.302463","4",NULL
"4734","2018-05-15T18:02:50.838Z","29.714555","2",NULL
"4735","2018-05-15T18:02:50.918Z","30.814829","1",NULL
"4736","2018-05-15T18:00:53.790Z","32.488241","5",NULL
"4737","2018-05-15T18:00:53.549Z","33.169947","6",NULL
"4738","2018-05-15T18:02:25.670Z","30.049756","4",NULL
"4739","2018-05-15T18:02:25.874Z","30.129365","3",NULL
"4740","2018-05-15T18:02:51.086Z","29.588162","2",NULL
"4741","2018-05-15T18:00:54.309Z","31.988131","5",NULL
"4742","2018-05-15T18:02:51.058Z","30.814829","1",NULL
"4743","2018-05-15T18:00:53.893Z","32.920241","6",NULL
"4744","2018-05-15T18:02:25.735Z","30.031493","4",NULL
"4745","2018-05-15T18:02:25.905Z","30.119656","3",NULL
"4746","2018-05-15T18:02:51.125Z","29.588162","2",NULL
"4747","2018-05-15T18:02:25.876Z","29.798698","4",NULL
"4748","2018-05-15T18:02:51.124Z","30.814829","1",NULL
"4749","2018-05-15T18:00:54.549Z","31.738599","5",NULL
"4750","2018-05-15T18:00:54.339Z","32.420131","6",NULL
"4751","2018-05-15T18:02:26.959Z","29.132591","3",NULL
"4752","2018-05-15T18:02:53.013Z","29.588162","2",NULL
"4753","2018-05-15T18:02:25.911Z","29.788989","4",NULL
"4754","2018-05-15T18:02:27.698Z","28.422678","3",NULL
"4755","2018-05-15T18:00:54.801Z","31.481936","5",NULL
"4756","2018-05-15T18:02:53.005Z","31.814829","1",NULL
"4757","2018-05-15T18:00:54.570Z","32.170599","6",NULL
"4758","2018-05-15T18:02:53.198Z","31.550829","2",NULL
"4759","2018-05-15T18:02:53.193Z","32.814829","1",NULL
"4760","2018-05-15T18:00:55.577Z","30.751661","5",NULL
"4761","2018-05-15T18:00:54.804Z","31.913936","6",NULL
"4762","2018-05-15T18:02:28.027Z","29.183582","3",NULL
"4763","2018-05-15T18:02:26.962Z","28.801924","4",NULL
"4764","2018-05-15T18:02:53.361Z","31.550829","2",NULL
"4765","2018-05-15T18:02:53.238Z","32.814829","1",NULL
"4766","2018-05-15T18:00:56.352Z","29.992943","5",NULL
"4767","2018-05-15T18:00:55.651Z","31.183661","6",NULL
"4768","2018-05-15T18:02:28.035Z","29.183582","3",NULL
"4769","2018-05-15T18:02:27.728Z","30.054678","4",NULL
"4770","2018-05-15T18:02:53.668Z","31.550829","2",NULL
"4771","2018-05-15T18:02:53.646Z","32.814829","1",NULL
"4772","2018-05-15T18:00:56.396Z","29.97034","5",NULL
"4773","2018-05-15T18:00:56.156Z","32.511006","6",NULL
"4774","2018-05-15T18:02:28.054Z","29.183582","3",NULL
"4775","2018-05-15T18:02:27.757Z","29.934806","4",NULL
"4776","2018-05-15T18:02:53.791Z","31.550829","2",NULL
"4777","2018-05-15T18:02:53.739Z","34.814829","1",NULL
"4778","2018-05-15T18:00:56.527Z","30.138725","5",NULL
"4779","2018-05-15T18:00:56.375Z","32.38761","6",NULL
"4780","2018-05-15T18:02:28.126Z","30.100249","3",NULL
"4781","2018-05-15T18:02:28.030Z","29.815582","4",NULL
"4782","2018-05-15T18:02:54.486Z","33.500666","2",NULL
"4783","2018-05-15T18:02:28.043Z","29.815582","4",NULL
"4784","2018-05-15T18:00:56.559Z","30.115916","5",NULL
"4785","2018-05-15T18:00:56.427Z","32.365007","6",NULL
"4786","2018-05-15T18:02:28.164Z","30.183582","3",NULL
"4787","2018-05-15T18:02:53.789Z","34.814829","1",NULL
"4788","2018-05-15T18:02:54.512Z","33.497388","2",NULL
"4789","2018-05-15T18:02:54.470Z","34.801999","1",NULL
"4790","2018-05-15T18:02:28.269Z","32.183582","3",NULL
"4791","2018-05-15T18:00:56.537Z","32.200059","6",NULL
"4792","2018-05-15T18:00:56.623Z","31.648381","5",NULL
"4793","2018-05-15T18:02:28.063Z","29.815582","4",NULL
"4794","2018-05-15T18:02:54.616Z","33.484309","2",NULL
"4795","2018-05-15T18:00:56.746Z","31.544592","5",NULL
"4796","2018-05-15T18:02:54.607Z","34.785642","1",NULL
"4797","2018-05-15T18:00:56.561Z","32.17725","6",NULL
"4798","2018-05-15T18:02:28.355Z","32.183582","3",NULL
"4799","2018-05-15T18:02:28.120Z","31.778249","4",NULL
"4800","2018-05-15T18:02:55.017Z","33.030406","2",NULL
"4801","2018-05-15T18:02:28.144Z","31.778249","4",NULL
"4802","2018-05-15T18:02:54.996Z","34.331739","1",NULL
"4803","2018-05-15T18:00:56.850Z","31.444543","5",NULL
"4804","2018-05-15T18:02:29.245Z","32.183582","3",NULL
"4805","2018-05-15T18:00:56.814Z","31.939259","6",NULL
"4806","2018-05-15T18:02:55.548Z","32.531465","2",NULL
"4807","2018-05-15T18:02:55.485Z","33.832798","1",NULL
"4808","2018-05-15T18:02:28.375Z","31.778249","4",NULL
"4809","2018-05-15T18:00:56.852Z","31.83921","6",NULL
"4810","2018-05-15T18:02:29.362Z","34.183582","3",NULL
"4811","2018-05-15T18:00:57.337Z","30.960234","5",NULL
"4812","2018-05-15T18:02:56.000Z","32.027964","2",NULL
"4813","2018-05-15T18:00:58.254Z","30.047887","5",NULL
"4814","2018-05-15T18:02:29.215Z","33.740915","4",NULL
"4815","2018-05-15T18:02:29.404Z","34.183582","3",NULL
"4816","2018-05-15T18:00:57.488Z","31.354901","6",NULL
"4817","2018-05-15T18:02:55.994Z","33.329297","1",NULL
"4818","2018-05-15T18:02:56.487Z","31.534007","2",NULL
"4819","2018-05-15T18:00:58.355Z","31.965144","5",NULL
"4820","2018-05-15T18:02:31.638Z","34.033585","3",NULL
"4821","2018-05-15T18:02:29.251Z","33.740915","4",NULL
"4822","2018-05-15T18:00:58.257Z","30.442554","6",NULL
"4823","2018-05-15T18:02:56.484Z","32.83534","1",NULL
"4824","2018-05-15T18:00:58.430Z","31.905402","5",NULL
"4825","2018-05-15T18:02:56.752Z","31.278073","2",NULL
"4826","2018-05-15T18:00:58.360Z","32.322477","6",NULL
"4827","2018-05-15T18:02:56.750Z","32.579406","1",NULL
"4828","2018-05-15T18:02:29.416Z","33.740915","4",NULL
"4829","2018-05-15T18:02:31.934Z","33.775746","3",NULL
"4830","2018-05-15T18:00:58.598Z","31.905402","5",NULL
"4831","2018-05-15T18:02:57.781Z","30.358775","2",NULL
"4832","2018-05-15T18:02:57.716Z","31.660108","1",NULL
"4833","2018-05-15T18:00:58.481Z","32.262735","6",NULL
"4834","2018-05-15T18:02:31.651Z","33.590918","4",NULL
"4835","2018-05-15T18:02:32.195Z","33.504345","3",NULL
"4836","2018-05-15T18:00:58.895Z","31.905402","5",NULL
"4837","2018-05-15T18:02:58.084Z","31.926804","2",NULL
"4838","2018-05-15T18:00:58.694Z","32.262735","6",NULL
"4839","2018-05-15T18:02:31.952Z","33.333079","4",NULL
"4840","2018-05-15T18:02:58.424Z","31.003597","1",NULL
"4841","2018-05-15T18:02:32.561Z","33.208344","3",NULL
"4842","2018-05-15T18:01:01.006Z","31.905402","5",NULL
"4843","2018-05-15T18:02:58.474Z","31.66493","2",NULL
"4844","2018-05-15T18:02:32.908Z","32.858803","3",NULL
"4845","2018-05-15T18:00:58.908Z","32.262735","6",NULL
"4846","2018-05-15T18:02:32.306Z","33.061678","4",NULL
"4847","2018-05-15T18:02:58.582Z","30.977982","1",NULL
"4848","2018-05-15T18:02:58.600Z","31.639315","2",NULL
"4849","2018-05-15T18:01:01.220Z","33.905402","5",NULL
"4850","2018-05-15T18:01:01.008Z","34.225402","6",NULL
"4851","2018-05-15T18:02:32.563Z","32.765677","4",NULL
"4852","2018-05-15T18:02:59.196Z","30.285883","1",NULL
"4853","2018-05-15T18:02:33.375Z","32.390947","3",NULL
"4854","2018-05-15T18:01:01.276Z","33.905402","5",NULL
"4855","2018-05-15T18:02:59.244Z","30.947216","2",NULL
"4856","2018-05-15T18:02:59.460Z","30.13771","1",NULL
"4857","2018-05-15T18:02:32.949Z","32.416136","4",NULL
"4858","2018-05-15T18:02:34.100Z","31.696004","3",NULL
"4859","2018-05-15T18:01:01.071Z","34.225402","6",NULL
"4860","2018-05-15T18:02:59.509Z","30.068485","1",NULL
"4861","2018-05-15T18:02:59.490Z","30.632376","2",NULL
"4862","2018-05-15T18:01:01.803Z","33.771762","5",NULL
"4863","2018-05-15T18:01:01.278Z","34.225402","6",NULL
"4864","2018-05-15T18:02:33.377Z","31.94828","4",NULL
"4865","2018-05-15T18:02:34.545Z","31.305481","3",NULL
"4866","2018-05-15T18:03:00.243Z","29.712993","1",NULL
"4867","2018-05-15T18:02:59.526Z","30.563151","2",NULL
"4868","2018-05-15T18:01:02.054Z","33.522849","5",NULL
"4869","2018-05-15T18:02:34.612Z","31.262915","3",NULL
"4870","2018-05-15T18:01:01.806Z","34.091762","6",NULL
"4871","2018-05-15T18:02:34.111Z","31.253337","4",NULL
"4872","2018-05-15T18:03:00.256Z","29.673696","1",NULL
"4873","2018-05-15T18:03:00.301Z","29.712758","1",NULL
"4874","2018-05-15T18:01:02.055Z","33.842849","6",NULL
"4875","2018-05-15T18:02:34.587Z","32.825481","4",NULL
"4876","2018-05-15T18:02:34.841Z","31.300922","3",NULL
"4877","2018-05-15T18:03:00.251Z","29.957659","2",NULL
"4878","2018-05-15T18:01:02.329Z","33.273614","5",NULL
"4879","2018-05-15T18:03:00.306Z","29.712758","1",NULL
"4880","2018-05-15T18:03:00.309Z","29.712758","1",NULL
"4881","2018-05-15T18:02:34.621Z","32.782915","4",NULL
"4882","2018-05-15T18:03:00.263Z","29.918362","2",NULL
"4883","2018-05-15T18:02:34.901Z","31.250825","3",NULL
"4884","2018-05-15T18:01:02.331Z","33.593614","6",NULL
"4885","2018-05-15T18:01:03.003Z","32.664667","5",NULL
"4886","2018-05-15T18:02:34.674Z","32.7282","4",NULL
"4887","2018-05-15T18:03:00.327Z","31.046091","1",NULL
"4888","2018-05-15T18:02:34.978Z","32.770401","3",NULL
"4889","2018-05-15T18:01:03.031Z","32.984667","6",NULL
"4890","2018-05-15T18:03:00.304Z","29.707424","2",NULL
"4891","2018-05-15T18:01:03.645Z","32.061962","5",NULL
"4892","2018-05-15T18:03:00.479Z","31.046091","1",NULL
"4893","2018-05-15T18:02:34.893Z","32.529255","4",NULL
"4894","2018-05-15T18:01:03.648Z","32.381962","6",NULL
"4895","2018-05-15T18:03:00.308Z","29.707424","2",NULL
"4896","2018-05-15T18:02:35.163Z","32.583684","3",NULL
"4897","2018-05-15T18:01:03.806Z","31.764683","5",NULL
"4898","2018-05-15T18:03:00.722Z","31.046091","1",NULL
"4899","2018-05-15T18:02:34.908Z","32.479158","4",NULL
"4900","2018-05-15T18:01:03.808Z","32.084683","6",NULL
"4901","2018-05-15T18:02:35.266Z","32.545829","3",NULL
"4902","2018-05-15T18:01:04.311Z","31.295548","5",NULL
"4903","2018-05-15T18:02:35.047Z","32.290401","4",NULL
"4904","2018-05-15T18:01:04.313Z","31.615548","6",NULL
"4905","2018-05-15T18:03:00.865Z","31.421091","1",NULL
"4906","2018-05-15T18:01:04.553Z","31.045837","5",NULL
"4907","2018-05-15T18:03:00.989Z","33.046091","1",NULL
"4908","2018-05-15T18:03:00.310Z","29.707424","2",NULL
"4909","2018-05-15T18:01:04.554Z","31.365837","6",NULL
"4910","2018-05-15T18:02:35.298Z","32.065829","4",NULL
"4911","2018-05-15T18:02:35.625Z","32.125292","3",NULL
"4912","2018-05-15T18:01:05.343Z","30.263452","5",NULL
"4913","2018-05-15T18:03:01.119Z","33.046091","1",NULL
"4914","2018-05-15T18:03:00.380Z","31.670091","2",NULL
"4915","2018-05-15T18:02:35.628Z","31.645292","4",NULL
"4916","2018-05-15T18:02:35.889Z","31.878014","3",NULL
"4917","2018-05-15T18:01:05.743Z","29.932739","5",NULL
"4918","2018-05-15T18:01:05.346Z","30.583452","6",NULL
"4919","2018-05-15T18:03:02.217Z","33.046091","1",NULL
"4920","2018-05-15T18:03:00.495Z","31.670091","2",NULL
"4921","2018-05-15T18:02:35.891Z","31.398014","4",NULL
"4922","2018-05-15T18:02:36.355Z","31.437832","3",NULL
"4923","2018-05-15T18:01:06.105Z","29.549433","5",NULL
"4924","2018-05-15T18:03:04.584Z","32.798879","1",NULL
"4925","2018-05-15T18:01:05.771Z","32.215406","6",NULL
"4926","2018-05-15T18:03:00.725Z","31.670091","2",NULL
"4927","2018-05-15T18:02:36.358Z","30.957832","4",NULL
"4928","2018-05-15T18:01:06.153Z","29.496223","5",NULL
"4929","2018-05-15T18:02:36.381Z","31.378794","3",NULL
"4930","2018-05-15T18:03:05.002Z","32.391861","1",NULL
"4931","2018-05-15T18:01:05.822Z","32.194331","6",NULL
"4932","2018-05-15T18:03:00.886Z","31.670091","2",NULL
"4933","2018-05-15T18:02:36.383Z","32.861461","4",NULL
"4934","2018-05-15T18:03:05.306Z","32.090412","1",NULL
"4935","2018-05-15T18:02:36.669Z","31.94129","3",NULL
"4936","2018-05-15T18:01:06.117Z","31.8321","6",NULL
"4937","2018-05-15T18:01:06.466Z","29.743031","5",NULL
"4938","2018-05-15T18:03:01.123Z","31.670091","2",NULL
"4939","2018-05-15T18:02:36.414Z","32.828336","4",NULL
"4940","2018-05-15T18:01:06.158Z","31.77889","6",NULL
"4941","2018-05-15T18:02:36.730Z","32.532777","3",NULL
"4942","2018-05-15T18:03:05.748Z","31.638687","1",NULL
"4943","2018-05-15T18:01:06.487Z","29.578698","5",NULL
"4944","2018-05-15T18:03:02.236Z","33.632758","2",NULL
"4945","2018-05-15T18:01:06.478Z","31.609031","6",NULL
"4946","2018-05-15T18:02:36.833Z","32.936571","3",NULL
"4947","2018-05-15T18:03:06.338Z","31.148414","1",NULL
"4948","2018-05-15T18:02:36.721Z","32.590624","4",NULL
"4949","2018-05-15T18:01:06.542Z","30.817398","5",NULL
"4950","2018-05-15T18:03:02.268Z","33.632758","2",NULL
"4951","2018-05-15T18:01:06.499Z","31.444698","6",NULL
"4952","2018-05-15T18:03:06.735Z","30.654181","1",NULL
"4953","2018-05-15T18:02:36.920Z","32.936571","3",NULL
"4954","2018-05-15T18:01:06.630Z","30.957098","5",NULL
"4955","2018-05-15T18:02:36.766Z","32.515444","4",NULL
"4956","2018-05-15T18:03:04.621Z","33.385546","2",NULL
"4957","2018-05-15T18:01:06.558Z","31.350065","6",NULL
"4958","2018-05-15T18:02:37.084Z","32.936571","3",NULL
"4959","2018-05-15T18:01:06.707Z","30.897378","5",NULL
"4960","2018-05-15T18:03:07.400Z","30.007342","1",NULL
"4961","2018-05-15T18:02:36.937Z","32.419238","4",NULL
"4962","2018-05-15T18:03:05.040Z","32.978528","2",NULL
"4963","2018-05-15T18:01:06.868Z","30.76778","5",NULL
"4964","2018-05-15T18:02:37.308Z","32.936571","3",NULL
"4965","2018-05-15T18:01:06.770Z","31.180045","6",NULL
"4966","2018-05-15T18:03:07.756Z","29.64899","1",NULL
"4967","2018-05-15T18:02:37.150Z","32.419238","4",NULL
"4968","2018-05-15T18:03:05.378Z","32.677079","2",NULL
"4969","2018-05-15T18:01:07.024Z","31.050447","6",NULL
"4970","2018-05-15T18:01:07.049Z","30.535724","5",NULL
"4971","2018-05-15T18:02:37.471Z","32.884304","3",NULL
"4972","2018-05-15T18:02:37.313Z","32.419238","4",NULL
"4973","2018-05-15T18:03:07.796Z","29.591978","1",NULL
"4974","2018-05-15T18:03:05.754Z","32.225354","2",NULL
"4975","2018-05-15T18:01:07.304Z","30.280896","5",NULL
"4976","2018-05-15T18:02:37.495Z","32.366971","4",NULL
"4977","2018-05-15T18:02:37.875Z","32.541274","3",NULL
"4978","2018-05-15T18:01:07.052Z","30.818391","6",NULL
"4979","2018-05-15T18:03:08.086Z","29.355315","1",NULL
"4980","2018-05-15T18:03:06.340Z","31.735081","2",NULL
"4981","2018-05-15T18:02:37.877Z","32.023941","4",NULL
"4982","2018-05-15T18:01:08.273Z","29.382855","5",NULL
"4983","2018-05-15T18:02:38.187Z","32.278764","3",NULL
"4984","2018-05-15T18:01:07.318Z","30.563563","6",NULL
"4985","2018-05-15T18:03:08.122Z","31.268981","1",NULL
"4986","2018-05-15T18:03:06.752Z","31.240848","2",NULL
"4987","2018-05-15T18:01:08.446Z","29.212851","5",NULL
"4988","2018-05-15T18:01:08.276Z","29.665522","6",NULL
"4989","2018-05-15T18:02:39.282Z","31.211619","3",NULL
"4990","2018-05-15T18:02:38.297Z","31.761431","4",NULL
"4991","2018-05-15T18:03:08.142Z","31.257017","1",NULL
"4992","2018-05-15T18:03:07.411Z","30.594009","2",NULL
"4993","2018-05-15T18:01:08.525Z","29.211922","5",NULL
"4994","2018-05-15T18:02:39.423Z","31.021747","3",NULL
"4995","2018-05-15T18:02:39.289Z","30.694286","4",NULL
"4996","2018-05-15T18:01:08.448Z","31.458184","6",NULL
"4997","2018-05-15T18:03:08.499Z","30.901627","1",NULL
"4998","2018-05-15T18:03:07.639Z","32.298032","2",NULL
"4999","2018-05-15T18:01:08.758Z","29.139914","5",NULL
"5000","2018-05-15T18:02:39.472Z","31.009511","3",NULL
"5001","2018-05-15T18:02:39.440Z","32.46708","4",NULL
"5002","2018-05-15T18:01:08.527Z","31.457255","6",NULL
"5003","2018-05-15T18:03:08.721Z","30.689902","1",NULL
"5004","2018-05-15T18:03:07.774Z","32.198323","2",NULL
"5005","2018-05-15T18:01:08.568Z","31.387501","6",NULL
"5006","2018-05-15T18:02:39.499Z","32.454844","4",NULL
"5007","2018-05-15T18:02:39.693Z","31.266611","3",NULL
"5008","2018-05-15T18:01:08.843Z","29.120995","5",NULL
"5009","2018-05-15T18:03:08.989Z","30.689902","1",NULL
"5010","2018-05-15T18:03:07.821Z","32.141311","2",NULL
"5011","2018-05-15T18:01:08.823Z","31.09358","6",NULL
"5012","2018-05-15T18:02:39.555Z","32.431706","4",NULL
"5013","2018-05-15T18:02:39.726Z","31.258217","3",NULL
"5014","2018-05-15T18:01:09.343Z","29.185076","5",NULL
"5015","2018-05-15T18:03:10.571Z","30.689902","1",NULL
"5016","2018-05-15T18:03:08.092Z","31.862981","2",NULL
"5017","2018-05-15T18:01:08.883Z","31.074661","6",NULL
"5018","2018-05-15T18:02:39.718Z","32.211944","4",NULL
"5019","2018-05-15T18:02:39.903Z","32.508044","3",NULL
"5020","2018-05-15T18:01:09.366Z","29.127297","5",NULL
"5021","2018-05-15T18:03:11.086Z","32.189902","1",NULL
"5022","2018-05-15T18:03:08.128Z","31.818314","2",NULL
"5023","2018-05-15T18:01:09.641Z","29.488426","5",NULL
"5024","2018-05-15T18:03:11.284Z","32.689902","1",NULL
"5025","2018-05-15T18:01:09.350Z","30.638742","6",NULL
"5026","2018-05-15T18:02:39.788Z","32.20355","4",NULL
"5027","2018-05-15T18:02:40.094Z","32.316682","3",NULL
"5028","2018-05-15T18:03:08.515Z","31.45096","2",NULL
"5029","2018-05-15T18:02:39.993Z","31.953377","4",NULL
"5030","2018-05-15T18:02:40.200Z","32.252371","3",NULL
"5031","2018-05-15T18:03:11.364Z","32.689902","1",NULL
"5032","2018-05-15T18:01:09.430Z","30.580963","6",NULL
"5033","2018-05-15T18:01:09.695Z","29.394632","5",NULL
"5034","2018-05-15T18:03:08.752Z","31.239235","2",NULL
"5035","2018-05-15T18:02:40.202Z","31.697704","4",NULL
"5036","2018-05-15T18:02:40.634Z","31.788773","3",NULL
"5037","2018-05-15T18:01:09.693Z","30.317092","6",NULL
"5038","2018-05-15T18:01:10.030Z","29.73431","5",NULL
"5039","2018-05-15T18:03:11.500Z","32.589458","1",NULL
"5040","2018-05-15T18:03:08.990Z","31.239235","2",NULL
"5041","2018-05-15T18:02:40.876Z","31.53797","3",NULL
"5042","2018-05-15T18:03:11.623Z","34.445426","1",NULL
"5043","2018-05-15T18:02:40.681Z","31.234106","4",NULL
"5044","2018-05-15T18:01:09.723Z","30.223298","6",NULL
"5045","2018-05-15T18:01:10.074Z","29.601632","5",NULL
"5046","2018-05-15T18:02:41.507Z","31.069132","3",NULL
"5047","2018-05-15T18:03:10.521Z","33.201902","2",NULL
"5048","2018-05-15T18:03:11.696Z","34.363331","1",NULL
"5049","2018-05-15T18:01:10.067Z","29.979643","6",NULL
"5050","2018-05-15T18:02:40.879Z","30.983303","4",NULL
"5051","2018-05-15T18:01:10.107Z","29.601632","5",NULL
"5052","2018-05-15T18:02:41.695Z","30.749018","3",NULL
"5053","2018-05-15T18:03:10.573Z","33.201902","2",NULL
"5054","2018-05-15T18:01:10.841Z","29.601632","5",NULL
"5055","2018-05-15T18:02:41.529Z","30.514465","4",NULL
"5056","2018-05-15T18:03:11.765Z","34.30781","1",NULL
"5057","2018-05-15T18:01:10.085Z","29.846965","6",NULL
"5058","2018-05-15T18:03:11.131Z","33.201902","2",NULL
"5059","2018-05-15T18:02:41.701Z","30.731533","3",NULL
"5060","2018-05-15T18:01:10.851Z","29.846965","6",NULL
"5061","2018-05-15T18:03:12.134Z","33.928562","1",NULL
"5062","2018-05-15T18:02:41.699Z","32.157018","4",NULL
"5063","2018-05-15T18:01:10.852Z","29.601632","5",NULL
"5064","2018-05-15T18:02:41.738Z","30.697314","3",NULL
"5065","2018-05-15T18:03:11.365Z","33.201902","2",NULL
"5066","2018-05-15T18:01:10.853Z","29.846965","6",NULL
"5067","2018-05-15T18:02:41.703Z","32.139533","4",NULL
"5068","2018-05-15T18:01:11.042Z","30.643299","5",NULL
"5069","2018-05-15T18:03:12.495Z","33.574926","1",NULL
"5070","2018-05-15T18:02:41.881Z","32.697314","3",NULL
"5071","2018-05-15T18:03:11.512Z","33.101458","2",NULL
"5072","2018-05-15T18:01:11.062Z","29.846965","6",NULL
"5073","2018-05-15T18:01:11.491Z","31.513591","5",NULL
"5074","2018-05-15T18:02:41.705Z","32.137652","4",NULL
"5075","2018-05-15T18:03:12.826Z","33.320434","1",NULL
"5076","2018-05-15T18:02:41.992Z","32.697314","3",NULL
"5077","2018-05-15T18:03:11.738Z","32.875331","2",NULL
"5078","2018-05-15T18:01:11.269Z","31.78067","6",NULL
"5079","2018-05-15T18:02:41.774Z","32.105314","4",NULL
"5080","2018-05-15T18:01:11.511Z","31.48157","5",NULL
"5081","2018-05-15T18:03:12.998Z","33.065911","1",NULL
"5082","2018-05-15T18:02:42.129Z","32.697314","3",NULL
"5083","2018-05-15T18:03:11.787Z","32.81981","2",NULL
"5084","2018-05-15T18:01:11.501Z","31.721591","6",NULL
"5085","2018-05-15T18:01:11.572Z","31.350607","5",NULL
"5086","2018-05-15T18:02:42.009Z","32.105314","4",NULL
"5087","2018-05-15T18:03:13.310Z","32.757338","1",NULL
"5088","2018-05-15T18:02:43.395Z","32.473602","3",NULL
"5089","2018-05-15T18:03:12.140Z","32.440562","2",NULL
"5090","2018-05-15T18:03:13.753Z","32.328648","1",NULL
"5091","2018-05-15T18:01:11.554Z","31.68957","6",NULL
"5092","2018-05-15T18:02:42.131Z","32.105314","4",NULL
"5093","2018-05-15T18:01:11.824Z","31.080539","5",NULL
"5094","2018-05-15T18:03:12.589Z","32.086926","2",NULL
"5095","2018-05-15T18:02:45.047Z","30.928261","3",NULL
"5096","2018-05-15T18:02:43.426Z","31.881602","4",NULL
"5097","2018-05-15T18:01:11.848Z","31.079556","5",NULL
"5098","2018-05-15T18:03:13.984Z","32.076854","1",NULL
"5099","2018-05-15T18:01:11.674Z","33.338301","6",NULL
"5100","2018-05-15T18:03:12.832Z","31.832434","2",NULL
"5101","2018-05-15T18:02:45.291Z","30.596905","3",NULL
"5102","2018-05-15T18:02:45.084Z","30.336261","4",NULL
"5103","2018-05-15T18:01:12.202Z","31.474284","5",NULL
"5104","2018-05-15T18:01:11.831Z","33.251206","6",NULL
"5105","2018-05-15T18:03:14.765Z","31.338708","1",NULL
"5106","2018-05-15T18:03:13.032Z","31.577911","2",NULL
"5107","2018-05-15T18:02:45.538Z","30.427286","3",NULL
"5108","2018-05-15T18:02:45.310Z","30.004905","4",NULL
"5109","2018-05-15T18:01:11.879Z","33.250223","6",NULL
"5110","2018-05-15T18:03:15.178Z","30.898719","1",NULL
"5111","2018-05-15T18:01:12.295Z","31.446314","5",NULL
"5112","2018-05-15T18:03:13.312Z","31.269338","2",NULL
"5113","2018-05-15T18:02:45.723Z","30.246774","3",NULL
"5114","2018-05-15T18:02:45.544Z","31.797953","4",NULL
"5115","2018-05-15T18:01:12.293Z","32.894951","6",NULL
"5116","2018-05-15T18:03:15.217Z","32.847854","1",NULL
"5117","2018-05-15T18:01:12.695Z","31.998848","5",NULL
"5118","2018-05-15T18:03:13.755Z","30.840648","2",NULL
"5119","2018-05-15T18:02:45.774Z","30.199953","3",NULL
"5120","2018-05-15T18:02:45.561Z","31.680526","4",NULL
"5121","2018-05-15T18:03:15.470Z","32.59881","1",NULL
"5122","2018-05-15T18:01:12.346Z","32.866981","6",NULL
"5123","2018-05-15T18:01:12.727Z","31.952515","5",NULL
"5124","2018-05-15T18:03:14.161Z","30.588854","2",NULL
"5125","2018-05-15T18:02:45.877Z","31.689296","3",NULL
"5126","2018-05-15T18:03:15.600Z","32.504581","1",NULL
"5127","2018-05-15T18:01:12.709Z","32.586182","6",NULL
"5128","2018-05-15T18:02:45.738Z","31.575774","4",NULL
"5129","2018-05-15T18:01:12.999Z","31.774178","5",NULL
"5130","2018-05-15T18:02:45.959Z","31.903174","3",NULL
"5131","2018-05-15T18:03:14.812Z","29.850708","2",NULL
"5132","2018-05-15T18:01:13.020Z","31.709601","5",NULL
"5133","2018-05-15T18:02:45.776Z","31.528953","4",NULL
"5134","2018-05-15T18:01:12.771Z","32.539849","6",NULL
"5135","2018-05-15T18:03:15.985Z","32.090948","1",NULL
"5136","2018-05-15T18:03:15.181Z","29.410719","2",NULL
"5137","2018-05-15T18:02:46.064Z","31.888293","3",NULL
"5138","2018-05-15T18:01:13.018Z","32.111512","6",NULL
"5139","2018-05-15T18:02:45.908Z","31.35163","4",NULL
"5140","2018-05-15T18:01:13.200Z","31.645566","5",NULL
"5141","2018-05-15T18:03:16.509Z","31.596904","1",NULL
"5142","2018-05-15T18:02:47.139Z","30.934324","3",NULL
"5143","2018-05-15T18:03:15.492Z","29.11081","2",NULL
"5144","2018-05-15T18:01:13.471Z","31.641901","5",NULL
"5145","2018-05-15T18:02:46.013Z","31.273841","4",NULL
"5146","2018-05-15T18:03:16.741Z","31.344986","1",NULL
"5147","2018-05-15T18:01:13.027Z","32.046935","6",NULL
"5148","2018-05-15T18:02:47.225Z","30.837165","3",NULL
"5149","2018-05-15T18:03:15.654Z","29.016581","2",NULL
"5150","2018-05-15T18:01:13.568Z","31.599286","5",NULL
"5151","2018-05-15T18:02:47.199Z","30.304991","4",NULL
"5152","2018-05-15T18:01:13.491Z","31.812568","6",NULL
"5153","2018-05-15T18:03:17.705Z","30.374184","1",NULL
"5154","2018-05-15T18:02:47.436Z","30.553468","3",NULL
"5155","2018-05-15T18:03:16.003Z","28.602948","2",NULL
"5156","2018-05-15T18:01:13.643Z","31.769953","6",NULL
"5157","2018-05-15T18:02:47.276Z","30.207832","4",NULL
"5158","2018-05-15T18:03:18.490Z","29.726836","1",NULL
"5159","2018-05-15T18:01:13.801Z","31.050833","5",NULL
"5160","2018-05-15T18:02:47.462Z","30.553468","3",NULL
"5161","2018-05-15T18:03:16.536Z","28.108904","2",NULL
"5162","2018-05-15T18:01:13.806Z","33.184166","6",NULL
"5163","2018-05-15T18:01:13.813Z","31.045015","5",NULL
"5164","2018-05-15T18:02:47.287Z","32.042107","4",NULL
"5165","2018-05-15T18:03:19.114Z","29.104212","1",NULL
"5166","2018-05-15T18:02:47.469Z","30.553468","3",NULL
"5167","2018-05-15T18:03:16.744Z","27.856986","2",NULL
"5168","2018-05-15T18:01:14.035Z","30.852527","5",NULL
"5169","2018-05-15T18:02:47.439Z","31.886801","4",NULL
"5170","2018-05-15T18:03:19.186Z","29.032868","1",NULL
"5171","2018-05-15T18:01:13.834Z","33.178348","6",NULL
"5172","2018-05-15T18:03:17.711Z","26.886184","2",NULL
"5173","2018-05-15T18:02:47.510Z","30.553468","3",NULL
"5174","2018-05-15T18:02:47.468Z","31.886801","4",NULL
"5175","2018-05-15T18:01:13.844Z","33.134946","6",NULL
"5176","2018-05-15T18:03:19.501Z","28.618799","1",NULL
"5177","2018-05-15T18:01:14.120Z","31.577344","5",NULL
"5178","2018-05-15T18:03:18.510Z","26.238836","2",NULL
"5179","2018-05-15T18:02:47.551Z","32.553468","3",NULL
"5180","2018-05-15T18:03:19.510Z","28.596367","1",NULL
"5181","2018-05-15T18:01:14.039Z","32.98586","6",NULL
"5182","2018-05-15T18:02:47.508Z","31.886801","4",NULL
"5183","2018-05-15T18:01:14.373Z","32.241707","5",NULL
"5184","2018-05-15T18:03:18.556Z","28.068694","2",NULL
"5185","2018-05-15T18:02:47.577Z","32.553468","3",NULL
"5186","2018-05-15T18:01:14.195Z","32.91901","6",NULL
"5187","2018-05-15T18:02:47.511Z","31.886801","4",NULL
"5188","2018-05-15T18:03:20.105Z","28.656178","1",NULL
"5189","2018-05-15T18:01:14.398Z","32.237738","5",NULL
"5190","2018-05-15T18:02:49.816Z","34.553468","3",NULL
"5191","2018-05-15T18:03:19.162Z","27.578879","2",NULL
"5192","2018-05-15T18:01:14.428Z","32.418488","5",NULL
"5193","2018-05-15T18:02:47.580Z","31.886801","4",NULL
"5194","2018-05-15T18:03:20.159Z","28.656178","1",NULL
"5195","2018-05-15T18:01:14.382Z","32.62504","6",NULL
"5196","2018-05-15T18:02:49.872Z","34.553468","3",NULL
"5197","2018-05-15T18:03:19.208Z","27.507535","2",NULL
"5198","2018-05-15T18:02:49.818Z","31.886801","4",NULL
"5199","2018-05-15T18:01:14.403Z","32.621071","6",NULL
"5200","2018-05-15T18:03:20.664Z","28.781178","1",NULL
"5201","2018-05-15T18:01:14.835Z","32.20406","5",NULL
"5202","2018-05-15T18:02:49.931Z","34.530559","3",NULL
"5203","2018-05-15T18:03:19.263Z","29.378997","2",NULL
"5204","2018-05-15T18:01:14.878Z","32.007147","5",NULL
"5205","2018-05-15T18:01:14.861Z","32.337393","6",NULL
"5206","2018-05-15T18:02:49.963Z","31.863892","4",NULL
"5207","2018-05-15T18:03:20.735Z","28.781178","1",NULL
"5208","2018-05-15T18:02:50.378Z","34.121328","3",NULL
"5209","2018-05-15T18:03:19.507Z","29.056132","2",NULL
"5210","2018-05-15T18:01:15.235Z","31.681371","5",NULL
"5211","2018-05-15T18:01:14.938Z","32.14048","6",NULL
"5212","2018-05-15T18:02:50.426Z","31.454661","4",NULL
"5213","2018-05-15T18:03:21.672Z","29.406178","1",NULL
"5214","2018-05-15T18:03:19.518Z","29.0337","2",NULL
"5215","2018-05-15T18:02:50.886Z","33.621899","3",NULL
"5216","2018-05-15T18:03:22.028Z","29.947845","1",NULL
"5217","2018-05-15T18:02:50.903Z","30.955232","4",NULL
"5218","2018-05-15T18:01:15.778Z","31.110905","5",NULL
"5219","2018-05-15T18:01:15.250Z","31.814704","6",NULL
"5220","2018-05-15T18:03:20.122Z","28.885178","2",NULL
"5221","2018-05-15T18:02:51.387Z","33.138509","3",NULL
"5222","2018-05-15T18:03:22.479Z","30.281178","1",NULL
"5223","2018-05-15T18:02:51.423Z","30.471842","4",NULL
"5224","2018-05-15T18:01:16.294Z","30.598447","5",NULL
"5225","2018-05-15T18:01:15.795Z","31.244238","6",NULL
"5226","2018-05-15T18:03:20.182Z","28.885178","2",NULL
"5227","2018-05-15T18:02:51.516Z","33.013592","3",NULL
"5228","2018-05-15T18:02:51.538Z","32.309592","4",NULL
"5229","2018-05-15T18:01:16.326Z","30.73178","6",NULL
"5230","2018-05-15T18:03:20.687Z","28.885178","2",NULL
"5231","2018-05-15T18:01:16.454Z","31.587251","5",NULL
"5232","2018-05-15T18:03:22.795Z","30.447845","1",NULL
"5233","2018-05-15T18:02:51.719Z","32.834852","3",NULL
"5234","2018-05-15T18:02:51.596Z","32.219845","4",NULL
"5235","2018-05-15T18:03:22.811Z","30.447845","1",NULL
"5236","2018-05-15T18:01:16.515Z","30.553917","6",NULL
"5237","2018-05-15T18:03:20.758Z","28.885178","2",NULL
"5238","2018-05-15T18:01:16.721Z","32.227702","5",NULL
"5239","2018-05-15T18:02:52.226Z","32.358023","3",NULL
"5240","2018-05-15T18:03:22.984Z","30.697845","1",NULL
"5241","2018-05-15T18:01:16.763Z","32.121462","5",NULL
"5242","2018-05-15T18:02:51.752Z","32.130852","4",NULL
"5243","2018-05-15T18:01:16.723Z","30.361035","6",NULL
"5244","2018-05-15T18:03:21.708Z","30.847845","2",NULL
"5245","2018-05-15T18:02:52.489Z","32.104203","3",NULL
"5246","2018-05-15T18:01:16.822Z","32.019299","5",NULL
"5247","2018-05-15T18:03:21.768Z","30.847845","2",NULL
"5248","2018-05-15T18:01:16.830Z","30.152632","6",NULL
"5249","2018-05-15T18:02:52.259Z","31.654023","4",NULL
"5250","2018-05-15T18:03:23.105Z","32.447845","1",NULL
"5251","2018-05-15T18:02:52.779Z","31.853844","3",NULL
"5252","2018-05-15T18:01:17.051Z","31.792943","5",NULL
"5253","2018-05-15T18:03:22.089Z","30.847845","2",NULL
"5254","2018-05-15T18:03:23.169Z","34.447845","1",NULL
"5255","2018-05-15T18:02:52.509Z","31.400203","4",NULL
"5256","2018-05-15T18:01:17.053Z","29.926276","6",NULL
"5257","2018-05-15T18:02:53.145Z","31.373321","3",NULL
"5258","2018-05-15T18:02:52.824Z","31.149844","4",NULL
"5259","2018-05-15T18:03:23.193Z","34.447845","1",NULL
"5260","2018-05-15T18:01:17.345Z","29.664204","6",NULL
"5261","2018-05-15T18:03:22.510Z","30.847845","2",NULL
"5262","2018-05-15T18:01:17.322Z","31.530871","5",NULL
"5263","2018-05-15T18:02:53.375Z","31.121397","3",NULL
"5264","2018-05-15T18:03:22.802Z","30.847845","2",NULL
"5265","2018-05-15T18:02:53.188Z","30.669321","4",NULL
"5266","2018-05-15T18:03:23.483Z","34.439211","1",NULL
"5267","2018-05-15T18:01:19.140Z","28.258139","6",NULL
"5268","2018-05-15T18:01:19.134Z","30.124806","5",NULL
"5269","2018-05-15T18:02:53.805Z","30.725208","3",NULL
"5270","2018-05-15T18:02:53.387Z","30.417397","4",NULL
"5271","2018-05-15T18:03:23.738Z","34.223505","1",NULL
"5272","2018-05-15T18:03:23.000Z","30.847845","2",NULL
"5273","2018-05-15T18:01:19.595Z","30.124806","5",NULL
"5274","2018-05-15T18:01:19.509Z","30.220806","6",NULL
"5275","2018-05-15T18:02:54.521Z","30.24423","3",NULL
"5276","2018-05-15T18:01:19.720Z","32.124806","5",NULL
"5277","2018-05-15T18:03:23.183Z","30.847845","2",NULL
"5278","2018-05-15T18:02:53.834Z","30.021208","4",NULL
"5279","2018-05-15T18:03:24.248Z","33.723017","1",NULL
"5280","2018-05-15T18:01:19.602Z","30.220806","6",NULL
"5281","2018-05-15T18:02:54.645Z","29.948481","3",NULL
"5282","2018-05-15T18:03:23.484Z","30.839211","2",NULL
"5283","2018-05-15T18:03:24.755Z","33.222028","1",NULL
"5284","2018-05-15T18:02:54.535Z","31.502897","4",NULL
"5285","2018-05-15T18:01:19.830Z","30.220806","6",NULL
"5286","2018-05-15T18:01:19.827Z","32.124806","5",NULL
"5287","2018-05-15T18:02:54.669Z","29.92083","3",NULL
"5288","2018-05-15T18:03:23.747Z","30.623505","2",NULL
"5289","2018-05-15T18:03:24.995Z","32.969785","1",NULL
"5290","2018-05-15T18:01:20.905Z","32.183473","6",NULL
"5291","2018-05-15T18:02:54.573Z","31.226433","4",NULL
"5292","2018-05-15T18:01:21.405Z","32.124806","5",NULL
"5293","2018-05-15T18:02:54.730Z","29.91802","3",NULL
"5294","2018-05-15T18:02:54.660Z","31.165481","4",NULL
"5295","2018-05-15T18:03:25.632Z","32.528078","1",NULL
"5296","2018-05-15T18:03:24.291Z","30.123017","2",NULL
"5297","2018-05-15T18:01:21.484Z","32.183473","6",NULL
"5298","2018-05-15T18:01:21.725Z","32.124806","5",NULL
"5299","2018-05-15T18:02:54.811Z","30.095245","3",NULL
"5300","2018-05-15T18:01:21.739Z","34.146139","6",NULL
"5301","2018-05-15T18:02:54.727Z","31.13783","4",NULL
"5302","2018-05-15T18:03:25.739Z","32.752743","1",NULL
"5303","2018-05-15T18:03:24.771Z","29.622028","2",NULL
"5304","2018-05-15T18:01:21.925Z","34.124806","5",NULL
"5305","2018-05-15T18:02:54.836Z","30.094181","3",NULL
"5306","2018-05-15T18:03:25.908Z","34.038439","1",NULL
"5307","2018-05-15T18:01:21.904Z","34.146139","6",NULL
"5308","2018-05-15T18:02:54.732Z","31.13502","4",NULL
"5309","2018-05-15T18:03:25.020Z","29.369785","2",NULL
"5310","2018-05-15T18:01:21.962Z","34.124806","5",NULL
"5311","2018-05-15T18:02:54.951Z","31.549179","3",NULL
"5312","2018-05-15T18:01:21.927Z","34.146139","6",NULL
"5313","2018-05-15T18:03:25.974Z","33.971569","1",NULL
"5314","2018-05-15T18:03:25.689Z","28.761411","2",NULL
"5315","2018-05-15T18:02:54.817Z","30.978912","4",NULL
"5316","2018-05-15T18:01:23.620Z","34.123078","5",NULL
"5317","2018-05-15T18:02:55.040Z","31.530912","3",NULL
"5318","2018-05-15T18:03:26.095Z","33.883323","1",NULL
"5319","2018-05-15T18:02:54.840Z","30.977848","4",NULL
"5320","2018-05-15T18:01:23.640Z","34.144411","6",NULL
"5321","2018-05-15T18:03:25.778Z","28.611076","2",NULL
"5322","2018-05-15T18:01:23.747Z","33.850899","5",NULL
"5323","2018-05-15T18:02:55.165Z","31.339336","3",NULL
"5324","2018-05-15T18:02:55.096Z","30.789579","4",NULL
"5325","2018-05-15T18:01:23.750Z","33.872232","6",NULL
"5326","2018-05-15T18:03:25.977Z","28.371569","2",NULL
"5327","2018-05-15T18:03:26.515Z","33.457806","1",NULL
"5328","2018-05-15T18:01:24.059Z","33.55728","5",NULL
"5329","2018-05-15T18:02:55.556Z","30.965124","3",NULL
"5330","2018-05-15T18:02:55.190Z","30.598003","4",NULL
"5331","2018-05-15T18:01:24.062Z","33.578613","6",NULL
"5332","2018-05-15T18:03:26.743Z","33.20297","1",NULL
"5333","2018-05-15T18:03:26.111Z","28.283323","2",NULL
"5334","2018-05-15T18:01:24.551Z","33.063713","5",NULL
"5335","2018-05-15T18:02:55.558Z","30.223791","4",NULL
"5336","2018-05-15T18:02:55.875Z","30.610403","3",NULL
"5337","2018-05-15T18:03:27.755Z","32.255859","1",NULL
"5338","2018-05-15T18:03:26.535Z","27.857806","2",NULL
"5339","2018-05-15T18:01:24.555Z","33.085046","6",NULL
"5340","2018-05-15T18:01:24.829Z","32.815237","5",NULL
"5341","2018-05-15T18:02:55.885Z","29.86907","4",NULL
"5342","2018-05-15T18:02:57.005Z","29.718705","3",NULL
"5343","2018-05-15T18:03:26.749Z","27.60297","2",NULL
"5344","2018-05-15T18:01:24.835Z","32.83657","6",NULL
"5345","2018-05-15T18:01:25.382Z","32.261633","5",NULL
"5346","2018-05-15T18:03:28.268Z","31.802128","1",NULL
"5347","2018-05-15T18:02:57.016Z","28.977372","4",NULL
"5348","2018-05-15T18:02:57.342Z","29.291636","3",NULL
"5349","2018-05-15T18:03:27.800Z","26.655859","2",NULL
"5350","2018-05-15T18:01:25.801Z","31.817855","5",NULL
"5351","2018-05-15T18:03:28.347Z","31.80115","1",NULL
"5352","2018-05-15T18:01:25.384Z","32.282966","6",NULL
"5353","2018-05-15T18:02:57.429Z","29.446","3",NULL
"5354","2018-05-15T18:02:57.354Z","28.550303","4",NULL
"5355","2018-05-15T18:03:27.973Z","28.37371","2",NULL
"5356","2018-05-15T18:03:28.488Z","31.586149","1",NULL
"5357","2018-05-15T18:01:26.052Z","31.569523","5",NULL
"5358","2018-05-15T18:01:25.803Z","31.839188","6",NULL
"5359","2018-05-15T18:02:57.446Z","30.334","4",NULL
"5360","2018-05-15T18:02:57.475Z","29.436604","3",NULL
"5361","2018-05-15T18:03:28.307Z","28.164795","2",NULL
"5362","2018-05-15T18:02:57.514Z","30.324604","4",NULL
"5363","2018-05-15T18:03:28.657Z","31.387458","1",NULL
"5364","2018-05-15T18:01:26.054Z","31.590856","6",NULL
"5365","2018-05-15T18:01:26.311Z","31.319669","5",NULL
"5366","2018-05-15T18:02:57.725Z","30.204456","3",NULL
"5367","2018-05-15T18:03:28.349Z","28.163817","2",NULL
"5368","2018-05-15T18:02:57.518Z","30.295089","4",NULL
"5369","2018-05-15T18:01:26.827Z","30.855818","5",NULL
"5370","2018-05-15T18:01:26.348Z","31.341002","6",NULL
"5371","2018-05-15T18:03:28.715Z","31.373656","1",NULL
"5372","2018-05-15T18:02:57.953Z","30.169858","3",NULL
"5373","2018-05-15T18:02:57.940Z","30.050789","4",NULL
"5374","2018-05-15T18:01:27.304Z","30.368962","5",NULL
"5375","2018-05-15T18:03:28.885Z","31.152098","1",NULL
"5376","2018-05-15T18:01:26.829Z","30.877151","6",NULL
"5377","2018-05-15T18:03:28.502Z","27.948816","2",NULL
"5378","2018-05-15T18:02:58.128Z","30.373005","3",NULL
"5379","2018-05-15T18:02:57.973Z","30.016191","4",NULL
"5380","2018-05-15T18:03:29.233Z","30.782701","1",NULL
"5381","2018-05-15T18:01:28.434Z","29.297913","5",NULL
"5382","2018-05-15T18:01:27.330Z","30.390295","6",NULL
"5383","2018-05-15T18:03:28.573Z","29.753911","2",NULL
"5384","2018-05-15T18:02:58.182Z","30.344339","3",NULL
"5385","2018-05-15T18:02:58.197Z","29.565672","4",NULL
"5386","2018-05-15T18:03:30.322Z","29.7823","1",NULL
"5387","2018-05-15T18:01:28.587Z","29.319246","6",NULL
"5388","2018-05-15T18:03:28.713Z","29.712791","2",NULL
"5389","2018-05-15T18:01:28.908Z","28.77054","5",NULL
"5390","2018-05-15T18:02:58.221Z","30.334854","3",NULL
"5391","2018-05-15T18:02:58.228Z","29.556187","4",NULL
"5392","2018-05-15T18:01:28.988Z","30.75454","6",NULL
"5393","2018-05-15T18:03:30.484Z","29.603819","1",NULL
"5394","2018-05-15T18:01:29.058Z","28.751058","5",NULL
"5395","2018-05-15T18:03:28.746Z","29.698989","2",NULL
"5396","2018-05-15T18:02:58.418Z","30.079057","3",NULL
"5397","2018-05-15T18:02:58.420Z","29.30039","4",NULL
"5398","2018-05-15T18:01:29.430Z","28.624798","5",NULL
"5399","2018-05-15T18:03:30.647Z","29.443296","1",NULL
"5400","2018-05-15T18:03:28.931Z","29.477431","2",NULL
"5401","2018-05-15T18:01:29.060Z","30.735058","6",NULL
"5402","2018-05-15T18:02:59.088Z","29.413405","3",NULL
"5403","2018-05-15T18:02:59.164Z","29.720212","3",NULL
"5404","2018-05-15T18:01:29.441Z","28.623613","5",NULL
"5405","2018-05-15T18:03:29.235Z","29.108034","2",NULL
"5406","2018-05-15T18:03:31.271Z","29.443296","1",NULL
"5407","2018-05-15T18:01:29.131Z","30.733325","6",NULL
"5408","2018-05-15T18:02:59.094Z","28.634738","4",NULL
"5409","2018-05-15T18:02:59.192Z","31.301601","3",NULL
"5410","2018-05-15T18:03:30.331Z","28.107633","2",NULL
"5411","2018-05-15T18:01:29.626Z","30.063332","5",NULL
"5412","2018-05-15T18:01:29.432Z","30.233798","6",NULL
"5413","2018-05-15T18:03:31.387Z","29.984963","1",NULL
"5414","2018-05-15T18:02:59.125Z","30.553277","4",NULL
"5415","2018-05-15T18:02:59.374Z","31.123882","3",NULL
"5416","2018-05-15T18:03:30.487Z","27.929152","2",NULL
"5417","2018-05-15T18:01:29.715Z","30.029803","5",NULL
"5418","2018-05-15T18:01:29.457Z","30.232613","6",NULL
"5419","2018-05-15T18:03:31.510Z","31.443296","1",NULL
"5420","2018-05-15T18:02:59.168Z","30.529212","4",NULL
"5421","2018-05-15T18:02:59.478Z","31.016832","3",NULL
"5422","2018-05-15T18:03:30.687Z","27.768629","2",NULL
"5423","2018-05-15T18:01:29.797Z","29.861103","5",NULL
"5424","2018-05-15T18:01:29.484Z","32.124268","6",NULL
"5425","2018-05-15T18:03:31.568Z","31.443296","1",NULL
"5426","2018-05-15T18:02:59.287Z","32.389228","4",NULL
"5427","2018-05-15T18:02:59.641Z","30.872027","3",NULL
"5428","2018-05-15T18:02:59.376Z","32.270549","4",NULL
"5429","2018-05-15T18:03:33.252Z","31.443296","1",NULL
"5430","2018-05-15T18:01:29.898Z","29.775124","5",NULL
"5431","2018-05-15T18:03:31.285Z","29.731296","2",NULL
"5432","2018-05-15T18:01:29.661Z","32.009999","6",NULL
"5433","2018-05-15T18:02:59.888Z","30.617592","3",NULL
"5434","2018-05-15T18:01:30.519Z","29.18151","5",NULL
"5435","2018-05-15T18:02:59.491Z","32.163499","4",NULL
"5436","2018-05-15T18:01:29.821Z","31.80777","6",NULL
"5437","2018-05-15T18:03:31.309Z","29.731296","2",NULL
"5438","2018-05-15T18:03:33.625Z","32.276629","1",NULL
"5439","2018-05-15T18:03:00.199Z","30.301726","3",NULL
"5440","2018-05-15T18:02:59.667Z","32.018694","4",NULL
"5441","2018-05-15T18:03:31.399Z","29.731296","2",NULL
"5442","2018-05-15T18:01:30.954Z","28.872154","5",NULL
"5443","2018-05-15T18:01:29.921Z","31.721791","6",NULL
"5444","2018-05-15T18:03:33.834Z","33.359963","1",NULL
"5445","2018-05-15T18:03:00.633Z","30.301726","3",NULL
"5446","2018-05-15T18:02:59.900Z","31.764259","4",NULL
"5447","2018-05-15T18:03:31.570Z","29.731296","2",NULL
"5448","2018-05-15T18:03:33.896Z","33.443296","1",NULL
"5449","2018-05-15T18:01:30.521Z","31.128177","6",NULL
"5450","2018-05-15T18:01:30.980Z","28.861538","5",NULL
"5451","2018-05-15T18:03:01.859Z","30.301726","3",NULL
"5452","2018-05-15T18:03:32.927Z","31.693963","2",NULL
"5453","2018-05-15T18:03:00.219Z","31.448393","4",NULL
"5454","2018-05-15T18:01:31.048Z","30.277036","5",NULL
"5455","2018-05-15T18:03:33.936Z","33.348549","1",NULL
"5456","2018-05-15T18:01:30.978Z","32.781487","6",NULL
"5457","2018-05-15T18:03:02.003Z","30.676726","3",NULL
"5458","2018-05-15T18:03:00.638Z","31.448393","4",NULL
"5459","2018-05-15T18:03:34.016Z","33.344143","1",NULL
"5460","2018-05-15T18:03:33.253Z","31.693963","2",NULL
"5461","2018-05-15T18:01:30.982Z","32.770871","6",NULL
"5462","2018-05-15T18:01:31.082Z","30.579695","5",NULL
"5463","2018-05-15T18:03:02.241Z","32.301726","3",NULL
"5464","2018-05-15T18:03:33.666Z","31.693963","2",NULL
"5465","2018-05-15T18:01:30.985Z","32.612132","6",NULL
"5466","2018-05-15T18:03:34.230Z","33.150522","1",NULL
"5467","2018-05-15T18:01:31.087Z","30.569281","5",NULL
"5468","2018-05-15T18:03:01.721Z","33.411059","4",NULL
"5469","2018-05-15T18:03:02.310Z","32.301726","3",NULL
"5470","2018-05-15T18:01:31.050Z","32.519702","6",NULL
"5471","2018-05-15T18:03:33.768Z","33.656629","2",NULL
"5472","2018-05-15T18:03:01.866Z","33.411059","4",NULL
"5473","2018-05-15T18:01:31.388Z","30.973398","5",NULL
"5474","2018-05-15T18:03:34.682Z","32.709192","1",NULL
"5475","2018-05-15T18:03:02.879Z","32.073134","3",NULL
"5476","2018-05-15T18:01:31.084Z","32.489028","6",NULL
"5477","2018-05-15T18:03:02.091Z","33.411059","4",NULL
"5478","2018-05-15T18:01:31.469Z","31.537262","5",NULL
"5479","2018-05-15T18:03:33.868Z","33.656629","2",NULL
"5480","2018-05-15T18:03:34.981Z","32.392144","1",NULL
"5481","2018-05-15T18:03:03.138Z","31.821203","3",NULL
"5482","2018-05-15T18:01:31.574Z","32.081418","5",NULL
"5483","2018-05-15T18:03:35.231Z","32.140236","1",NULL
"5484","2018-05-15T18:01:31.398Z","32.216064","6",NULL
"5485","2018-05-15T18:03:02.341Z","33.411059","4",NULL
"5486","2018-05-15T18:03:33.959Z","33.561882","2",NULL
"5487","2018-05-15T18:03:03.460Z","31.557351","3",NULL
"5488","2018-05-15T18:03:34.020Z","33.557476","2",NULL
"5489","2018-05-15T18:03:35.742Z","31.640243","1",NULL
"5490","2018-05-15T18:01:31.677Z","32.003888","5",NULL
"5491","2018-05-15T18:03:02.904Z","33.182467","4",NULL
"5492","2018-05-15T18:01:31.510Z","32.113262","6",NULL
"5493","2018-05-15T18:03:03.915Z","31.10903","3",NULL
"5494","2018-05-15T18:03:03.149Z","32.930536","4",NULL
"5495","2018-05-15T18:03:34.234Z","33.363855","2",NULL
"5496","2018-05-15T18:01:31.752Z","31.913221","6",NULL
"5497","2018-05-15T18:01:31.763Z","31.892906","5",NULL
"5498","2018-05-15T18:03:36.002Z","31.383704","1",NULL
"5499","2018-05-15T18:03:04.218Z","30.741258","3",NULL
"5500","2018-05-15T18:03:03.530Z","32.666684","4",NULL
"5501","2018-05-15T18:03:36.480Z","30.874797","1",NULL
"5502","2018-05-15T18:01:32.017Z","31.69192","5",NULL
"5503","2018-05-15T18:03:34.693Z","32.922525","2",NULL
"5504","2018-05-15T18:01:31.812Z","31.802239","6",NULL
"5505","2018-05-15T18:03:04.544Z","31.52882","3",NULL
"5506","2018-05-15T18:03:03.983Z","32.218363","4",NULL
"5507","2018-05-15T18:03:36.732Z","30.613614","1",NULL
"5508","2018-05-15T18:01:32.309Z","31.356262","5",NULL
"5509","2018-05-15T18:03:34.983Z","32.605477","2",NULL
"5510","2018-05-15T18:01:32.100Z","31.601253","6",NULL
"5511","2018-05-15T18:03:04.604Z","31.478938","3",NULL
"5512","2018-05-15T18:03:37.496Z","29.933431","1",NULL
"5513","2018-05-15T18:01:32.311Z","31.265595","6",NULL
"5514","2018-05-15T18:03:35.233Z","32.353569","2",NULL
"5515","2018-05-15T18:03:04.223Z","31.850591","4",NULL
"5516","2018-05-15T18:01:33.181Z","30.629667","5",NULL
"5517","2018-05-15T18:03:04.876Z","31.839844","3",NULL
"5518","2018-05-15T18:03:37.799Z","29.580301","1",NULL
"5519","2018-05-15T18:01:33.196Z","30.539","6",NULL
"5520","2018-05-15T18:03:35.744Z","31.853576","2",NULL
"5521","2018-05-15T18:01:33.353Z","30.318065","5",NULL
"5522","2018-05-15T18:03:04.565Z","31.638153","4",NULL
"5523","2018-05-15T18:03:05.089Z","31.748111","3",NULL
"5524","2018-05-15T18:03:36.033Z","31.597037","2",NULL
"5525","2018-05-15T18:03:38.180Z","29.2172","1",NULL
"5526","2018-05-15T18:03:04.693Z","31.588271","4",NULL
"5527","2018-05-15T18:01:33.358Z","30.227398","6",NULL
"5528","2018-05-15T18:01:33.441Z","30.737524","5",NULL
"5529","2018-05-15T18:03:05.202Z","31.766451","3",NULL
"5530","2018-05-15T18:03:05.029Z","31.28251","4",NULL
"5531","2018-05-15T18:03:36.482Z","31.08813","2",NULL
"5532","2018-05-15T18:01:33.523Z","31.987524","5",NULL
"5533","2018-05-15T18:01:33.388Z","32.156443","6",NULL
"5534","2018-05-15T18:03:38.691Z","29.023627","1",NULL
"5535","2018-05-15T18:03:05.277Z","31.747841","3",NULL
"5536","2018-05-15T18:03:36.734Z","30.826947","2",NULL
"5537","2018-05-15T18:03:38.757Z","29.023627","1",NULL
"5538","2018-05-15T18:01:33.478Z","32.109524","6",NULL
"5539","2018-05-15T18:01:33.567Z","32.237524","5",NULL
"5540","2018-05-15T18:03:05.150Z","31.190777","4",NULL
"5541","2018-05-15T18:03:05.311Z","31.703098","3",NULL
"5542","2018-05-15T18:03:38.781Z","29.023627","1",NULL
"5543","2018-05-15T18:03:37.510Z","30.146764","2",NULL
"5544","2018-05-15T18:03:05.284Z","30.857174","4",NULL
"5545","2018-05-15T18:01:33.539Z","32.109524","6",NULL
"5546","2018-05-15T18:01:33.800Z","32.237524","5",NULL
"5547","2018-05-15T18:03:05.654Z","31.334689","3",NULL
"5548","2018-05-15T18:03:05.339Z","30.812431","4",NULL
"5549","2018-05-15T18:03:39.282Z","29.690294","1",NULL
"5550","2018-05-15T18:01:33.844Z","32.237524","5",NULL
"5551","2018-05-15T18:01:33.801Z","32.109524","6",NULL
"5552","2018-05-15T18:03:37.828Z","29.793634","2",NULL
"5553","2018-05-15T18:03:07.162Z","29.8025","3",NULL
"5554","2018-05-15T18:03:05.656Z","30.444022","4",NULL
"5555","2018-05-15T18:03:37.930Z","31.588832","2",NULL
"5556","2018-05-15T18:01:35.874Z","34.237524","5",NULL
"5557","2018-05-15T18:01:33.862Z","32.109524","6",NULL
"5558","2018-05-15T18:03:39.697Z","30.690294","1",NULL
"5559","2018-05-15T18:03:07.261Z","29.694333","3",NULL
"5560","2018-05-15T18:03:07.173Z","28.911833","4",NULL
"5561","2018-05-15T18:03:40.094Z","31.023627","1",NULL
"5562","2018-05-15T18:01:35.684Z","34.072191","6",NULL
"5563","2018-05-15T18:03:38.192Z","31.3932","2",NULL
"5564","2018-05-15T18:01:35.936Z","34.237524","5",NULL
"5565","2018-05-15T18:03:07.409Z","29.573594","3",NULL
"5566","2018-05-15T18:03:40.297Z","31.023627","1",NULL
"5567","2018-05-15T18:03:07.263Z","30.766333","4",NULL
"5568","2018-05-15T18:01:40.323Z","34.20883","5",NULL
"5569","2018-05-15T18:03:38.697Z","31.199627","2",NULL
"5570","2018-05-15T18:01:35.978Z","34.072191","6",NULL
"5571","2018-05-15T18:03:07.573Z","29.490408","3",NULL
"5572","2018-05-15T18:03:38.769Z","31.199627","2",NULL
"5573","2018-05-15T18:01:40.355Z","34.043497","6",NULL
"5574","2018-05-15T18:03:40.561Z","31.940294","1",NULL
"5575","2018-05-15T18:01:40.597Z","33.974185","5",NULL
"5576","2018-05-15T18:03:07.295Z","30.72696","4",NULL
"5577","2018-05-15T18:03:07.813Z","31.490408","3",NULL
"5578","2018-05-15T18:01:41.165Z","33.49802","5",NULL
"5579","2018-05-15T18:03:07.419Z","30.645594","4",NULL
"5580","2018-05-15T18:03:38.782Z","31.199627","2",NULL
"5581","2018-05-15T18:03:40.681Z","33.023627","1",NULL
"5582","2018-05-15T18:01:40.613Z","33.808852","6",NULL
"5583","2018-05-15T18:03:07.903Z","31.490408","3",NULL
"5584","2018-05-15T18:03:40.743Z","33.23196","1",NULL
"5585","2018-05-15T18:01:41.224Z","33.332687","6",NULL
"5586","2018-05-15T18:01:41.550Z","33.070301","5",NULL
"5587","2018-05-15T18:03:39.288Z","31.199627","2",NULL
"5588","2018-05-15T18:03:07.575Z","30.562408","4",NULL
"5589","2018-05-15T18:03:07.927Z","31.490408","3",NULL
"5590","2018-05-15T18:01:42.050Z","32.574237","5",NULL
"5591","2018-05-15T18:03:39.896Z","31.199627","2",NULL
"5592","2018-05-15T18:03:40.768Z","35.023627","1",NULL
"5593","2018-05-15T18:03:07.908Z","30.562408","4",NULL
"5594","2018-05-15T18:01:41.552Z","32.904968","6",NULL
"5595","2018-05-15T18:03:09.543Z","33.490408","3",NULL
"5596","2018-05-15T18:03:07.930Z","30.562408","4",NULL
"5597","2018-05-15T18:01:42.052Z","32.408904","6",NULL
"5598","2018-05-15T18:01:42.702Z","31.923559","5",NULL
"5599","2018-05-15T18:03:40.982Z","34.920016","1",NULL
"5600","2018-05-15T18:03:40.324Z","31.199627","2",NULL
"5601","2018-05-15T18:03:09.648Z","33.490408","3",NULL
"5602","2018-05-15T18:03:41.116Z","34.846426","1",NULL
"5603","2018-05-15T18:01:43.243Z","31.439073","5",NULL
"5604","2018-05-15T18:03:09.443Z","32.525075","4",NULL
"5605","2018-05-15T18:01:42.704Z","31.758226","6",NULL
"5606","2018-05-15T18:03:40.529Z","33.162294","2",NULL
"5607","2018-05-15T18:03:10.259Z","33.230657","3",NULL
"5608","2018-05-15T18:03:40.579Z","33.162294","2",NULL
"5609","2018-05-15T18:01:43.099Z","33.323522","6",NULL
"5610","2018-05-15T18:01:43.311Z","31.426909","5",NULL
"5611","2018-05-15T18:03:41.260Z","34.661784","1",NULL
"5612","2018-05-15T18:03:09.692Z","32.525075","4",NULL
"5613","2018-05-15T18:03:10.355Z","33.208076","3",NULL
"5614","2018-05-15T18:03:41.765Z","34.157993","1",NULL
"5615","2018-05-15T18:03:10.117Z","34.335874","4",NULL
"5616","2018-05-15T18:01:43.245Z","33.236406","6",NULL
"5617","2018-05-15T18:01:43.770Z","31.21998","5",NULL
"5618","2018-05-15T18:03:10.305Z","34.22799","4",NULL
"5619","2018-05-15T18:03:40.745Z","33.162294","2",NULL
"5620","2018-05-15T18:01:43.847Z","31.218384","5",NULL
"5621","2018-05-15T18:03:10.479Z","32.948316","3",NULL
"5622","2018-05-15T18:01:43.348Z","33.224242","6",NULL
"5623","2018-05-15T18:03:42.848Z","33.112612","1",NULL
"5624","2018-05-15T18:03:10.412Z","34.205409","4",NULL
"5625","2018-05-15T18:03:41.003Z","33.058683","2",NULL
"5626","2018-05-15T18:01:43.844Z","32.80898","6",NULL
"5627","2018-05-15T18:03:10.871Z","32.532856","3",NULL
"5628","2018-05-15T18:01:44.060Z","32.083783","5",NULL
"5629","2018-05-15T18:03:42.959Z","32.929246","1",NULL
"5630","2018-05-15T18:03:10.544Z","33.945649","4",NULL
"5631","2018-05-15T18:01:43.875Z","32.807384","6",NULL
"5632","2018-05-15T18:03:11.277Z","32.130498","3",NULL
"5633","2018-05-15T18:03:41.133Z","32.985093","2",NULL
"5634","2018-05-15T18:03:43.047Z","32.848376","1",NULL
"5635","2018-05-15T18:01:44.163Z","31.985862","5",NULL
"5636","2018-05-15T18:03:10.890Z","33.530189","4",NULL
"5637","2018-05-15T18:03:43.354Z","32.527035","1",NULL
"5638","2018-05-15T18:03:41.269Z","32.800451","2",NULL
"5639","2018-05-15T18:03:11.682Z","33.293595","3",NULL
"5640","2018-05-15T18:03:11.280Z","33.127831","4",NULL
"5641","2018-05-15T18:03:43.730Z","32.141421","1",NULL
"5642","2018-05-15T18:03:41.816Z","32.29666","2",NULL
"5643","2018-05-15T18:03:11.862Z","33.559401","3",NULL
"5644","2018-05-15T18:03:11.718Z","32.749261","4",NULL
"5645","2018-05-15T18:03:42.880Z","31.251279","2",NULL
"5646","2018-05-15T18:03:11.873Z","33.542906","3",NULL
"5647","2018-05-15T18:03:43.992Z","31.884369","1",NULL
"5648","2018-05-15T18:03:11.865Z","32.556734","4",NULL
"5649","2018-05-15T18:03:42.969Z","33.030579","2",NULL
"5650","2018-05-15T18:03:45.010Z","30.863255","1",NULL
"5651","2018-05-15T18:03:11.899Z","33.524314","3",NULL
"5652","2018-05-15T18:03:11.904Z","32.521647","4",NULL
"5653","2018-05-15T18:03:45.163Z","30.756114","1",NULL
"5654","2018-05-15T18:01:44.117Z","32.506116","6",NULL
"5655","2018-05-15T18:01:44.295Z","32.138145","5",NULL
"5656","2018-05-15T18:03:12.439Z","32.034415","4",NULL
"5657","2018-05-15T18:03:43.019Z","33.026564","2",NULL
"5658","2018-05-15T18:03:12.421Z","33.037082","3",NULL
"5659","2018-05-15T18:03:45.591Z","30.756114","1",NULL
"5660","2018-05-15T18:01:44.198Z","32.408195","6",NULL
"5661","2018-05-15T18:03:45.968Z","30.756114","1",NULL
"5662","2018-05-15T18:03:12.912Z","31.533412","4",NULL
"5663","2018-05-15T18:03:12.890Z","32.536079","3",NULL
"5664","2018-05-15T18:03:43.052Z","32.949709","2",NULL
"5665","2018-05-15T18:03:46.182Z","32.756114","1",NULL
"5666","2018-05-15T18:03:46.266Z","32.756114","1",NULL
"5667","2018-05-15T18:01:44.383Z","32.09864","5",NULL
"5668","2018-05-15T18:01:44.302Z","32.185478","6",NULL
"5669","2018-05-15T18:03:13.172Z","31.284101","4",NULL
"5670","2018-05-15T18:03:13.138Z","32.286768","3",NULL
"5671","2018-05-15T18:03:43.376Z","32.628368","2",NULL
"5672","2018-05-15T18:03:46.731Z","32.606862","1",NULL
"5673","2018-05-15T18:01:44.636Z","32.294421","5",NULL
"5674","2018-05-15T18:03:13.999Z","31.46878","3",NULL
"5675","2018-05-15T18:03:14.011Z","30.466113","4",NULL
"5676","2018-05-15T18:01:44.431Z","32.145973","6",NULL
"5677","2018-05-15T18:03:43.732Z","32.242754","2",NULL
"5678","2018-05-15T18:03:47.327Z","32.092794","1",NULL
"5679","2018-05-15T18:01:44.680Z","32.294421","5",NULL
"5680","2018-05-15T18:03:43.995Z","31.985702","2",NULL
"5681","2018-05-15T18:03:48.043Z","31.536777","1",NULL
"5682","2018-05-15T18:01:44.682Z","32.091754","6",NULL
"5683","2018-05-15T18:03:14.096Z","32.280674","4",NULL
"5684","2018-05-15T18:03:14.261Z","31.735371","3",NULL
"5685","2018-05-15T18:01:44.684Z","32.294421","5",NULL
"5686","2018-05-15T18:03:45.012Z","30.964588","2",NULL
"5687","2018-05-15T18:03:14.290Z","32.195371","4",NULL
"5688","2018-05-15T18:03:48.239Z","31.185058","1",NULL
"5689","2018-05-15T18:01:44.685Z","32.091754","6",NULL
"5690","2018-05-15T18:03:14.295Z","31.735371","3",NULL
"5691","2018-05-15T18:01:45.930Z","32.294421","5",NULL
"5692","2018-05-15T18:03:45.180Z","30.857447","2",NULL
"5693","2018-05-15T18:03:14.387Z","33.235371","3",NULL
"5694","2018-05-15T18:03:48.564Z","30.848495","1",NULL
"5695","2018-05-15T18:01:45.937Z","34.054421","6",NULL
"5696","2018-05-15T18:03:14.334Z","32.195371","4",NULL
"5697","2018-05-15T18:01:46.078Z","34.294421","5",NULL
"5698","2018-05-15T18:03:14.523Z","33.235371","3",NULL
"5699","2018-05-15T18:01:45.971Z","34.054421","6",NULL
"5700","2018-05-15T18:03:45.599Z","30.857447","2",NULL
"5701","2018-05-15T18:03:14.534Z","32.195371","4",NULL
"5702","2018-05-15T18:03:48.607Z","30.820079","1",NULL
"5703","2018-05-15T18:01:46.127Z","34.294421","5",NULL
"5704","2018-05-15T18:03:46.026Z","30.857447","2",NULL
"5705","2018-05-15T18:01:46.132Z","34.054421","6",NULL
"5706","2018-05-15T18:03:14.784Z","32.195371","4",NULL
"5707","2018-05-15T18:03:48.757Z","31.155315","1",NULL
"5708","2018-05-15T18:03:14.761Z","33.235371","3",NULL
"5709","2018-05-15T18:01:46.272Z","34.279538","5",NULL
"5710","2018-05-15T18:01:46.283Z","34.039538","6",NULL
"5711","2018-05-15T18:03:15.626Z","33.201991","3",NULL
"5712","2018-05-15T18:03:48.774Z","31.108254","1",NULL
"5713","2018-05-15T18:03:15.651Z","32.161991","4",NULL
"5714","2018-05-15T18:03:46.284Z","30.857447","2",NULL
"5715","2018-05-15T18:01:46.561Z","33.998668","5",NULL
"5716","2018-05-15T18:01:46.840Z","33.745476","5",NULL
"5717","2018-05-15T18:01:46.568Z","33.758668","6",NULL
"5718","2018-05-15T18:03:16.948Z","32.160819","3",NULL
"5719","2018-05-15T18:03:46.733Z","30.708195","2",NULL
"5720","2018-05-15T18:03:17.155Z","31.120819","4",NULL
"5721","2018-05-15T18:03:48.805Z","31.593373","1",NULL
"5722","2018-05-15T18:01:47.313Z","33.258768","5",NULL
"5723","2018-05-15T18:01:46.881Z","33.505476","6",NULL
"5724","2018-05-15T18:03:17.218Z","31.610653","3",NULL
"5725","2018-05-15T18:03:47.362Z","30.194127","2",NULL
"5726","2018-05-15T18:03:48.908Z","32.425281","1",NULL
"5727","2018-05-15T18:03:17.229Z","32.53332","4",NULL
"5728","2018-05-15T18:01:47.795Z","32.797332","5",NULL
"5729","2018-05-15T18:03:17.258Z","32.521209","4",NULL
"5730","2018-05-15T18:01:47.338Z","33.018768","6",NULL
"5731","2018-05-15T18:03:17.234Z","31.598542","3",NULL
"5732","2018-05-15T18:03:48.096Z","29.63811","2",NULL
"5733","2018-05-15T18:03:48.993Z","32.357928","1",NULL
"5734","2018-05-15T18:01:48.056Z","32.523467","5",NULL
"5735","2018-05-15T18:01:47.798Z","32.557332","6",NULL
"5736","2018-05-15T18:03:17.625Z","31.197053","3",NULL
"5737","2018-05-15T18:03:48.413Z","31.249058","2",NULL
"5738","2018-05-15T18:03:49.064Z","32.269826","1",NULL
"5739","2018-05-15T18:03:17.295Z","32.44303","4",NULL
"5740","2018-05-15T18:01:48.305Z","32.269535","5",NULL
"5741","2018-05-15T18:01:48.096Z","32.283467","6",NULL
"5742","2018-05-15T18:03:18.162Z","30.681863","3",NULL
"5743","2018-05-15T18:03:48.450Z","31.167829","2",NULL
"5744","2018-05-15T18:03:49.234Z","32.108012","1",NULL
"5745","2018-05-15T18:03:17.658Z","32.11972","4",NULL
"5746","2018-05-15T18:01:48.567Z","32.002264","5",NULL
"5747","2018-05-15T18:03:19.020Z","29.793228","3",NULL
"5748","2018-05-15T18:01:48.307Z","32.029535","6",NULL
"5749","2018-05-15T18:03:48.600Z","30.912495","2",NULL
"5750","2018-05-15T18:03:49.831Z","31.613796","1",NULL
"5751","2018-05-15T18:03:18.215Z","31.60453","4",NULL
"5752","2018-05-15T18:01:49.068Z","31.511595","5",NULL
"5753","2018-05-15T18:01:48.571Z","31.762264","6",NULL
"5754","2018-05-15T18:03:19.031Z","30.715895","4",NULL
"5755","2018-05-15T18:03:19.407Z","29.426526","3",NULL
"5756","2018-05-15T18:03:50.198Z","31.165697","1",NULL
"5757","2018-05-15T18:03:48.609Z","30.884079","2",NULL
"5758","2018-05-15T18:01:49.562Z","31.013591","5",NULL
"5759","2018-05-15T18:03:19.823Z","29.018636","3",NULL
"5760","2018-05-15T18:03:19.431Z","30.349193","4",NULL
"5761","2018-05-15T18:01:49.070Z","31.271595","6",NULL
"5762","2018-05-15T18:03:50.744Z","30.612852","1",NULL
"5763","2018-05-15T18:03:48.760Z","30.719315","2",NULL
"5764","2018-05-15T18:01:50.842Z","29.747567","5",NULL
"5765","2018-05-15T18:01:49.565Z","30.773591","6",NULL
"5766","2018-05-15T18:03:50.854Z","30.611234","1",NULL
"5767","2018-05-15T18:03:48.776Z","30.672254","2",NULL
"5768","2018-05-15T18:03:19.977Z","29.059763","3",NULL
"5769","2018-05-15T18:03:19.854Z","29.941303","4",NULL
"5770","2018-05-15T18:01:51.334Z","29.288012","5",NULL
"5771","2018-05-15T18:03:20.154Z","30.678178","3",NULL
"5772","2018-05-15T18:03:19.992Z","29.815763","4",NULL
"5773","2018-05-15T18:03:48.808Z","30.615706","2",NULL
"5774","2018-05-15T18:03:51.030Z","30.872131","1",NULL
"5775","2018-05-15T18:01:50.934Z","29.507567","6",NULL
"5776","2018-05-15T18:01:51.351Z","29.259182","5",NULL
"5777","2018-05-15T18:03:48.995Z","30.421928","2",NULL
"5778","2018-05-15T18:03:20.346Z","29.564456","4",NULL
"5779","2018-05-15T18:03:20.286Z","30.641789","3",NULL
"5780","2018-05-15T18:01:51.151Z","31.129253","6",NULL
"5781","2018-05-15T18:03:51.046Z","30.872131","1",NULL
"5782","2018-05-15T18:01:51.515Z","29.46948","5",NULL
"5783","2018-05-15T18:03:20.450Z","29.491024","4",NULL
"5784","2018-05-15T18:03:20.398Z","30.568357","3",NULL
"5785","2018-05-15T18:03:49.069Z","30.333826","2",NULL
"5786","2018-05-15T18:01:51.349Z","31.010679","6",NULL
"5787","2018-05-15T18:03:51.071Z","30.872131","1",NULL
"5788","2018-05-15T18:01:51.530Z","29.416379","5",NULL
"5789","2018-05-15T18:01:51.393Z","30.981849","6",NULL
"5790","2018-05-15T18:03:49.247Z","30.172012","2",NULL
"5791","2018-05-15T18:03:51.176Z","32.455464","1",NULL
"5792","2018-05-15T18:03:20.554Z","30.276129","3",NULL
"5793","2018-05-15T18:03:20.583Z","29.198796","4",NULL
"5794","2018-05-15T18:01:51.675Z","30.880439","5",NULL
"5795","2018-05-15T18:03:49.925Z","29.677796","2",NULL
"5796","2018-05-15T18:03:20.878Z","29.941369","3",NULL
"5797","2018-05-15T18:01:51.528Z","30.817147","6",NULL
"5798","2018-05-15T18:03:51.232Z","32.455464","1",NULL
"5799","2018-05-15T18:03:20.908Z","28.864036","4",NULL
"5800","2018-05-15T18:03:50.200Z","29.229697","2",NULL
"5801","2018-05-15T18:01:51.688Z","30.879275","5",NULL
"5802","2018-05-15T18:03:53.100Z","32.300211","1",NULL
"5803","2018-05-15T18:03:22.088Z","27.887745","4",NULL
"5804","2018-05-15T18:03:22.065Z","28.965078","3",NULL
"5805","2018-05-15T18:01:51.556Z","30.764046","6",NULL
"5806","2018-05-15T18:01:51.809Z","30.757122","5",NULL
"5807","2018-05-15T18:03:50.222Z","31.137835","2",NULL
"5808","2018-05-15T18:03:53.148Z","32.165561","1",NULL
"5809","2018-05-15T18:01:51.686Z","30.603106","6",NULL
"5810","2018-05-15T18:03:22.411Z","27.887745","4",NULL
"5811","2018-05-15T18:03:22.387Z","28.965078","3",NULL
"5812","2018-05-15T18:01:52.034Z","30.516789","5",NULL
"5813","2018-05-15T18:03:50.832Z","30.639519","2",NULL
"5814","2018-05-15T18:03:53.786Z","31.72734","1",NULL
"5815","2018-05-15T18:03:22.606Z","29.131745","3",NULL
"5816","2018-05-15T18:03:22.543Z","29.850411","4",NULL
"5817","2018-05-15T18:01:51.810Z","30.479789","6",NULL
"5818","2018-05-15T18:01:52.169Z","30.504531","5",NULL
"5819","2018-05-15T18:03:50.925Z","30.637901","2",NULL
"5820","2018-05-15T18:03:22.620Z","29.850411","4",NULL
"5821","2018-05-15T18:01:52.041Z","30.239456","6",NULL
"5822","2018-05-15T18:03:22.683Z","30.965078","3",NULL
"5823","2018-05-15T18:03:53.831Z","31.686768","1",NULL
"5824","2018-05-15T18:01:52.357Z","30.252177","5",NULL
"5825","2018-05-15T18:03:51.036Z","30.482131","2",NULL
"5826","2018-05-15T18:03:22.906Z","29.784532","4",NULL
"5827","2018-05-15T18:01:52.206Z","30.227198","6",NULL
"5828","2018-05-15T18:03:22.876Z","30.899199","3",NULL
"5829","2018-05-15T18:03:54.124Z","32.131783","1",NULL
"5830","2018-05-15T18:03:51.066Z","30.482131","2",NULL
"5831","2018-05-15T18:01:53.160Z","29.404143","5",NULL
"5832","2018-05-15T18:03:23.022Z","29.720078","4",NULL
"5833","2018-05-15T18:03:54.179Z","32.076861","1",NULL
"5834","2018-05-15T18:01:52.365Z","29.974844","6",NULL
"5835","2018-05-15T18:03:23.018Z","30.834745","3",NULL
"5836","2018-05-15T18:03:51.076Z","30.482131","2",NULL
"5837","2018-05-15T18:01:53.640Z","30.022615","5",NULL
"5838","2018-05-15T18:03:54.923Z","32.332927","1",NULL
"5839","2018-05-15T18:01:53.188Z","29.12681","6",NULL
"5840","2018-05-15T18:03:23.331Z","29.43477","4",NULL
"5841","2018-05-15T18:03:23.298Z","30.549437","3",NULL
"5842","2018-05-15T18:01:53.935Z","30.034829","5",NULL
"5843","2018-05-15T18:03:51.237Z","30.482131","2",NULL
"5844","2018-05-15T18:03:23.511Z","30.34963","3",NULL
"5845","2018-05-15T18:03:23.574Z","29.234963","4",NULL
"5846","2018-05-15T18:03:55.056Z","32.292084","1",NULL
"5847","2018-05-15T18:01:53.282Z","30.962256","6",NULL
"5848","2018-05-15T18:03:53.130Z","32.289544","2",NULL
"5849","2018-05-15T18:01:53.954Z","30.034829","5",NULL
"5850","2018-05-15T18:03:24.451Z","28.23527","4",NULL
"5851","2018-05-15T18:03:24.431Z","29.349937","3",NULL
"5852","2018-05-15T18:03:55.073Z","32.263028","1",NULL
"5853","2018-05-15T18:01:53.642Z","30.832948","6",NULL
"5854","2018-05-15T18:03:53.210Z","32.154894","2",NULL
"5855","2018-05-15T18:01:54.108Z","30.701496","5",NULL
"5856","2018-05-15T18:03:24.926Z","27.731575","4",NULL
"5857","2018-05-15T18:01:53.945Z","30.386829","6",NULL
"5858","2018-05-15T18:03:55.547Z","31.74464","1",NULL
"5859","2018-05-15T18:03:24.924Z","28.846242","3",NULL
"5860","2018-05-15T18:01:54.123Z","30.701496","5",NULL
"5861","2018-05-15T18:03:53.345Z","32.152514","2",NULL
"5862","2018-05-15T18:01:53.966Z","30.386829","6",NULL
"5863","2018-05-15T18:03:24.981Z","29.632596","4",NULL
"5864","2018-05-15T18:03:55.757Z","31.535593","1",NULL
"5865","2018-05-15T18:03:25.097Z","28.669429","3",NULL
"5866","2018-05-15T18:01:54.233Z","30.701496","5",NULL
"5867","2018-05-15T18:03:53.827Z","31.550006","2",NULL
"5868","2018-05-15T18:03:25.128Z","29.517429","4",NULL
"5869","2018-05-15T18:01:54.121Z","30.386829","6",NULL
"5870","2018-05-15T18:03:25.398Z","28.383846","3",NULL
"5871","2018-05-15T18:03:55.769Z","31.534643","1",NULL
"5872","2018-05-15T18:01:54.482Z","30.701496","5",NULL
"5873","2018-05-15T18:03:53.920Z","31.509434","2",NULL
"5874","2018-05-15T18:01:54.639Z","32.701496","5",NULL
"5875","2018-05-15T18:03:25.420Z","28.682108","3",NULL
"5876","2018-05-15T18:01:54.130Z","30.386829","6",NULL
"5877","2018-05-15T18:03:25.408Z","29.231846","4",NULL
"5878","2018-05-15T18:03:55.792Z","31.655758","1",NULL
"5879","2018-05-15T18:03:54.143Z","31.204449","2",NULL
"5880","2018-05-15T18:03:56.169Z","32.303207","1",NULL
"5881","2018-05-15T18:01:54.200Z","32.349496","6",NULL
"5882","2018-05-15T18:03:25.425Z","29.196775","4",NULL
"5883","2018-05-15T18:01:54.813Z","32.700925","5",NULL
"5884","2018-05-15T18:03:25.489Z","30.277044","3",NULL
"5885","2018-05-15T18:03:54.195Z","31.149527","2",NULL
"5886","2018-05-15T18:01:54.863Z","32.668488","5",NULL
"5887","2018-05-15T18:03:25.723Z","30.043862","3",NULL
"5888","2018-05-15T18:03:25.729Z","28.891862","4",NULL
"5889","2018-05-15T18:01:54.500Z","32.349496","6",NULL
"5890","2018-05-15T18:03:56.231Z","32.29322","1",NULL
"5891","2018-05-15T18:03:55.066Z","30.281417","2",NULL
"5892","2018-05-15T18:01:56.158Z","31.535579","5",NULL
"5893","2018-05-15T18:03:55.081Z","30.252361","2",NULL
"5894","2018-05-15T18:01:54.815Z","32.348925","6",NULL
"5895","2018-05-15T18:03:25.917Z","29.883753","3",NULL
"5896","2018-05-15T18:03:56.598Z","32.695576","1",NULL
"5897","2018-05-15T18:03:25.950Z","28.731753","4",NULL
"5898","2018-05-15T18:01:56.338Z","31.19921","5",NULL
"5899","2018-05-15T18:01:54.967Z","32.316488","6",NULL
"5900","2018-05-15T18:03:55.297Z","31.910492","2",NULL
"5901","2018-05-15T18:03:56.617Z","32.695576","1",NULL
"5902","2018-05-15T18:03:26.688Z","27.983623","4",NULL
"5903","2018-05-15T18:03:26.682Z","29.135623","3",NULL
"5904","2018-05-15T18:01:56.349Z","31.191593","5",NULL
"5905","2018-05-15T18:03:27.139Z","28.686701","3",NULL
"5906","2018-05-15T18:01:56.229Z","31.183579","6",NULL
"5907","2018-05-15T18:03:56.637Z","32.695576","1",NULL
"5908","2018-05-15T18:03:27.174Z","29.497368","4",NULL
"5909","2018-05-15T18:03:55.606Z","31.69664","2",NULL
"5910","2018-05-15T18:01:56.539Z","32.980761","5",NULL
"5911","2018-05-15T18:03:27.254Z","29.496377","4",NULL
"5912","2018-05-15T18:03:27.203Z","28.68571","3",NULL
"5913","2018-05-15T18:01:56.312Z","32.820794","6",NULL
"5914","2018-05-15T18:03:56.698Z","32.695576","1",NULL
"5915","2018-05-15T18:03:55.767Z","31.487593","2",NULL
"5916","2018-05-15T18:01:56.593Z","32.937769","5",NULL
"5917","2018-05-15T18:01:56.343Z","32.809877","6",NULL
"5918","2018-05-15T18:03:27.700Z","28.664496","3",NULL
"5919","2018-05-15T18:03:55.771Z","31.486643","2",NULL
"5920","2018-05-15T18:03:57.547Z","32.647391","1",NULL
"5921","2018-05-15T18:03:27.299Z","29.473958","4",NULL
"5922","2018-05-15T18:01:56.933Z","32.679512","5",NULL
"5923","2018-05-15T18:03:57.875Z","32.294396","1",NULL
"5924","2018-05-15T18:01:56.465Z","32.80226","6",NULL
"5925","2018-05-15T18:03:27.740Z","29.14183","4",NULL
"5926","2018-05-15T18:03:55.795Z","31.399425","2",NULL
"5927","2018-05-15T18:03:27.747Z","28.647296","3",NULL
"5928","2018-05-15T18:01:57.300Z","32.222335","5",NULL
"5929","2018-05-15T18:01:56.621Z","32.548436","6",NULL
"5930","2018-05-15T18:03:56.173Z","31.046874","2",NULL
"5931","2018-05-15T18:03:28.278Z","29.083468","3",NULL
"5932","2018-05-15T18:03:27.766Z","29.12463","4",NULL
"5933","2018-05-15T18:03:58.661Z","31.61269","1",NULL
"5934","2018-05-15T18:01:58.623Z","30.975375","5",NULL
"5935","2018-05-15T18:03:28.361Z","29.083468","3",NULL
"5936","2018-05-15T18:01:56.947Z","32.290179","6",NULL
"5937","2018-05-15T18:03:28.310Z","28.644135","4",NULL
"5938","2018-05-15T18:03:58.989Z","31.797691","1",NULL
"5939","2018-05-15T18:03:56.260Z","31.036887","2",NULL
"5940","2018-05-15T18:01:59.141Z","30.443759","5",NULL
"5941","2018-05-15T18:03:28.380Z","28.644135","4",NULL
"5942","2018-05-15T18:01:57.303Z","31.833002","6",NULL
"5943","2018-05-15T18:03:28.508Z","29.250135","3",NULL
"5944","2018-05-15T18:03:59.102Z","31.740956","1",NULL
"5945","2018-05-15T18:03:56.601Z","30.647576","2",NULL
"5946","2018-05-15T18:03:28.535Z","28.644135","4",NULL
"5947","2018-05-15T18:01:59.165Z","30.395261","5",NULL
"5948","2018-05-15T18:01:58.733Z","30.586042","6",NULL
"5949","2018-05-15T18:03:28.573Z","28.644135","4",NULL
"5950","2018-05-15T18:03:56.631Z","30.647576","2",NULL
"5951","2018-05-15T18:04:00.281Z","31.446329","1",NULL
"5952","2018-05-15T18:03:28.572Z","29.250135","3",NULL
"5953","2018-05-15T18:03:29.399Z","28.644135","4",NULL
"5954","2018-05-15T18:01:59.332Z","30.441912","5",NULL
"5955","2018-05-15T18:01:59.004Z","32.105473","6",NULL
"5956","2018-05-15T18:03:56.640Z","30.647576","2",NULL
"5957","2018-05-15T18:04:00.307Z","31.392536","1",NULL
"5958","2018-05-15T18:03:28.618Z","29.833468","3",NULL
"5959","2018-05-15T18:03:29.511Z","28.644135","4",NULL
"5960","2018-05-15T18:01:59.401Z","30.440673","5",NULL
"5961","2018-05-15T18:01:59.162Z","32.017092","6",NULL
"5962","2018-05-15T18:03:29.374Z","29.833468","3",NULL
"5963","2018-05-15T18:04:00.587Z","31.267265","1",NULL
"5964","2018-05-15T18:03:57.583Z","30.599391","2",NULL
"5965","2018-05-15T18:03:29.728Z","30.606801","4",NULL
"5966","2018-05-15T18:01:59.543Z","30.90294","5",NULL
"5967","2018-05-15T18:01:59.166Z","31.968594","6",NULL
"5968","2018-05-15T18:03:29.510Z","29.833468","3",NULL
"5969","2018-05-15T18:03:57.893Z","30.246396","2",NULL
"5970","2018-05-15T18:04:00.680Z","31.231929","1",NULL
"5971","2018-05-15T18:01:59.353Z","31.806912","6",NULL
"5972","2018-05-15T18:01:59.591Z","30.862265","5",NULL
"5973","2018-05-15T18:03:30.266Z","30.606801","4",NULL
"5974","2018-05-15T18:04:00.983Z","30.981492","1",NULL
"5975","2018-05-15T18:03:30.177Z","30.833468","3",NULL
"5976","2018-05-15T18:03:58.734Z","29.56469","2",NULL
"5977","2018-05-15T18:01:59.415Z","31.805673","6",NULL
"5978","2018-05-15T18:01:59.791Z","31.410667","5",NULL
"5979","2018-05-15T18:03:30.570Z","30.606801","4",NULL
"5980","2018-05-15T18:03:30.564Z","31.250135","3",NULL
"5981","2018-05-15T18:03:58.802Z","31.455813","2",NULL
"5982","2018-05-15T18:04:01.015Z","30.973574","1",NULL
"5983","2018-05-15T18:01:59.568Z","31.601273","6",NULL
"5984","2018-05-15T18:01:59.863Z","31.343375","5",NULL
"5985","2018-05-15T18:03:30.620Z","32.569468","4",NULL
"5986","2018-05-15T18:04:01.244Z","30.921857","1",NULL
"5987","2018-05-15T18:03:30.617Z","31.791801","3",NULL
"5988","2018-05-15T18:03:59.042Z","31.129025","2",NULL
"5989","2018-05-15T18:01:59.595Z","31.560598","6",NULL
"5990","2018-05-15T18:01:59.945Z","31.563022","5",NULL
"5991","2018-05-15T18:03:30.622Z","32.569468","4",NULL
"5992","2018-05-15T18:04:01.278Z","30.920917","1",NULL
"5993","2018-05-15T18:03:30.646Z","31.833468","3",NULL
"5994","2018-05-15T18:03:59.220Z","31.07229","2",NULL
"5995","2018-05-15T18:01:59.830Z","31.359","6",NULL
"5996","2018-05-15T18:03:30.697Z","32.569468","4",NULL
"5997","2018-05-15T18:02:00.623Z","30.909789","5",NULL
"5998","2018-05-15T18:03:30.720Z","31.833468","3",NULL
"5999","2018-05-15T18:04:00.283Z","30.402663","2",NULL
"6000","2018-05-15T18:04:01.283Z","30.899589","1",NULL
"6001","2018-05-15T18:03:30.879Z","32.556048","4",NULL
"6002","2018-05-15T18:01:59.875Z","31.291708","6",NULL
"6003","2018-05-15T18:02:00.642Z","30.884955","5",NULL
"6004","2018-05-15T18:03:30.870Z","32.028381","3",NULL
"6005","2018-05-15T18:04:00.319Z","30.34887","2",NULL
"6006","2018-05-15T18:04:01.420Z","30.905514","1",NULL
"6007","2018-05-15T18:02:01.401Z","30.404395","5",NULL
"6008","2018-05-15T18:02:00.640Z","30.483122","6",NULL
"6009","2018-05-15T18:03:31.353Z","32.070758","4",NULL
"6010","2018-05-15T18:04:00.614Z","29.640265","2",NULL
"6011","2018-05-15T18:03:31.330Z","33.209758","3",NULL
"6012","2018-05-15T18:04:01.476Z","30.851023","1",NULL
"6013","2018-05-15T18:02:00.652Z","30.458288","6",NULL
"6014","2018-05-15T18:03:31.373Z","32.054658","4",NULL
"6015","2018-05-15T18:02:01.651Z","30.153468","5",NULL
"6016","2018-05-15T18:04:01.718Z","32.443751","1",NULL
"6017","2018-05-15T18:03:31.362Z","33.193658","3",NULL
"6018","2018-05-15T18:04:00.691Z","29.604929","2",NULL
"6019","2018-05-15T18:02:01.410Z","31.940395","6",NULL
"6020","2018-05-15T18:02:01.663Z","30.153468","5",NULL
"6021","2018-05-15T18:03:32.042Z","31.550192","4",NULL
"6022","2018-05-15T18:04:01.951Z","32.30526","1",NULL
"6023","2018-05-15T18:04:00.995Z","31.192158","2",NULL
"6024","2018-05-15T18:03:31.977Z","32.814192","3",NULL
"6025","2018-05-15T18:03:32.214Z","31.511728","4",NULL
"6026","2018-05-15T18:02:01.726Z","30.153468","5",NULL
"6027","2018-05-15T18:02:01.450Z","31.689468","6",NULL
"6028","2018-05-15T18:04:01.086Z","31.18424","2",NULL
"6029","2018-05-15T18:03:32.108Z","32.775728","3",NULL
"6030","2018-05-15T18:04:02.698Z","32.30526","1",NULL
"6031","2018-05-15T18:02:01.798Z","30.153468","5",NULL
"6032","2018-05-15T18:02:01.661Z","31.689468","6",NULL
"6033","2018-05-15T18:03:32.364Z","33.383127","4",NULL
"6034","2018-05-15T18:04:01.093Z","31.035929","2",NULL
"6035","2018-05-15T18:03:32.289Z","32.68446","3",NULL
"6036","2018-05-15T18:04:03.046Z","32.30526","1",NULL
"6037","2018-05-15T18:02:02.018Z","31.153468","5",NULL
"6038","2018-05-15T18:02:01.700Z","31.689468","6",NULL
"6039","2018-05-15T18:03:32.430Z","33.377061","4",NULL
"6040","2018-05-15T18:03:32.410Z","32.678394","3",NULL
"6041","2018-05-15T18:04:01.246Z","30.79919","2",NULL
"6042","2018-05-15T18:04:03.067Z","32.30526","1",NULL
"6043","2018-05-15T18:03:32.867Z","32.757215","4",NULL
"6044","2018-05-15T18:02:01.744Z","31.689468","6",NULL
"6045","2018-05-15T18:02:02.207Z","32.153468","5",NULL
"6046","2018-05-15T18:03:32.835Z","32.100215","3",NULL
"6047","2018-05-15T18:04:03.333Z","31.830577","1",NULL
"6048","2018-05-15T18:04:01.281Z","30.79825","2",NULL
"6049","2018-05-15T18:03:33.144Z","32.70784","4",NULL
"6050","2018-05-15T18:02:01.814Z","31.689468","6",NULL
"6051","2018-05-15T18:02:02.351Z","32.153468","5",NULL
"6052","2018-05-15T18:03:32.985Z","32.05084","3",NULL
"6053","2018-05-15T18:04:03.339Z","31.826291","1",NULL
"6054","2018-05-15T18:04:01.474Z","32.620514","2",NULL
"6055","2018-05-15T18:03:33.244Z","32.155655","3",NULL
"6056","2018-05-15T18:02:02.053Z","31.689468","6",NULL
"6057","2018-05-15T18:03:33.272Z","32.145989","4",NULL
"6058","2018-05-15T18:02:02.755Z","31.900436","5",NULL
"6059","2018-05-15T18:04:03.390Z","33.769392","1",NULL
"6060","2018-05-15T18:04:01.498Z","32.566023","2",NULL
"6061","2018-05-15T18:02:02.230Z","31.689468","6",NULL
"6062","2018-05-15T18:03:33.308Z","32.132931","3",NULL
"6063","2018-05-15T18:02:02.867Z","33.776963","5",NULL
"6064","2018-05-15T18:03:33.573Z","32.123265","4",NULL
"6065","2018-05-15T18:04:01.583Z","32.451469","2",NULL
"6066","2018-05-15T18:04:03.467Z","33.692577","1",NULL
"6067","2018-05-15T18:02:02.761Z","31.436436","6",NULL
"6068","2018-05-15T18:03:34.278Z","31.356677","4",NULL
"6069","2018-05-15T18:02:02.891Z","33.768801","5",NULL
"6070","2018-05-15T18:03:34.263Z","32.366343","3",NULL
"6071","2018-05-15T18:04:03.555Z","33.650205","1",NULL
"6072","2018-05-15T18:04:01.759Z","32.283751","2",NULL
"6073","2018-05-15T18:03:34.281Z","32.348515","3",NULL
"6074","2018-05-15T18:02:02.816Z","33.325061","6",NULL
"6075","2018-05-15T18:02:03.118Z","33.593025","5",NULL
"6076","2018-05-15T18:03:34.309Z","31.338849","4",NULL
"6077","2018-05-15T18:04:04.029Z","33.158718","1",NULL
"6078","2018-05-15T18:04:02.700Z","32.14526","2",NULL
"6079","2018-05-15T18:02:02.927Z","33.267468","6",NULL
"6080","2018-05-15T18:03:34.492Z","30.948253","4",NULL
"6081","2018-05-15T18:03:34.489Z","32.041253","3",NULL
"6082","2018-05-15T18:02:03.319Z","33.347796","5",NULL
"6083","2018-05-15T18:04:04.481Z","32.688944","1",NULL
"6084","2018-05-15T18:04:03.048Z","32.14526","2",NULL
"6085","2018-05-15T18:03:34.527Z","30.921208","4",NULL
"6086","2018-05-15T18:02:03.166Z","33.091692","6",NULL
"6087","2018-05-15T18:03:34.519Z","32.014208","3",NULL
"6088","2018-05-15T18:02:03.830Z","32.856407","5",NULL
"6089","2018-05-15T18:04:03.091Z","32.14526","2",NULL
"6090","2018-05-15T18:04:05.000Z","32.183971","1",NULL
"6091","2018-05-15T18:03:34.684Z","32.681485","4",NULL
"6092","2018-05-15T18:02:04.103Z","32.587648","5",NULL
"6093","2018-05-15T18:03:34.675Z","32.020152","3",NULL
"6094","2018-05-15T18:02:03.321Z","32.846463","6",NULL
"6095","2018-05-15T18:04:05.499Z","31.685467","1",NULL
"6096","2018-05-15T18:04:03.337Z","33.633244","2",NULL
"6097","2018-05-15T18:02:03.847Z","32.355074","6",NULL
"6098","2018-05-15T18:03:34.686Z","32.012777","3",NULL
"6099","2018-05-15T18:03:34.688Z","32.67411","4",NULL
"6100","2018-05-15T18:02:04.556Z","32.107558","5",NULL
"6101","2018-05-15T18:04:03.341Z","33.628958","2",NULL
"6102","2018-05-15T18:04:05.743Z","31.434762","1",NULL
"6103","2018-05-15T18:02:04.802Z","31.857765","5",NULL
"6104","2018-05-15T18:03:34.695Z","32.666254","4",NULL
"6105","2018-05-15T18:03:34.700Z","32.004921","3",NULL
"6106","2018-05-15T18:02:04.105Z","32.086315","6",NULL
"6107","2018-05-15T18:04:06.234Z","30.935478","1",NULL
"6108","2018-05-15T18:04:03.342Z","33.62677","2",NULL
"6109","2018-05-15T18:02:04.558Z","31.606225","6",NULL
"6110","2018-05-15T18:03:34.731Z","31.950961","3",NULL
"6111","2018-05-15T18:03:34.741Z","32.612294","4",NULL
"6112","2018-05-15T18:02:05.661Z","31.083848","5",NULL
"6113","2018-05-15T18:04:03.478Z","33.495244","2",NULL
"6114","2018-05-15T18:04:06.485Z","30.684371","1",NULL
"6115","2018-05-15T18:03:34.823Z","32.612294","4",NULL
"6116","2018-05-15T18:02:06.210Z","30.66701","5",NULL
"6117","2018-05-15T18:03:34.816Z","33.950961","3",NULL
"6118","2018-05-15T18:02:04.808Z","31.356432","6",NULL
"6119","2018-05-15T18:04:06.732Z","30.433283","1",NULL
"6120","2018-05-15T18:04:03.558Z","33.452872","2",NULL
"6121","2018-05-15T18:02:05.664Z","30.582515","6",NULL
"6122","2018-05-15T18:03:34.822Z","33.950961","3",NULL
"6123","2018-05-15T18:02:06.360Z","30.363963","5",NULL
"6124","2018-05-15T18:03:35.130Z","32.612294","4",NULL
"6125","2018-05-15T18:04:04.031Z","32.961385","2",NULL
"6126","2018-05-15T18:04:07.465Z","29.723683","1",NULL
"6127","2018-05-15T18:03:38.392Z","32.408651","4",NULL
"6128","2018-05-15T18:02:06.390Z","30.341651","5",NULL
"6129","2018-05-15T18:03:35.122Z","33.950961","3",NULL
"6130","2018-05-15T18:02:06.213Z","30.165677","6",NULL
"6131","2018-05-15T18:04:08.056Z","29.168311","1",NULL
"6132","2018-05-15T18:04:04.483Z","32.491611","2",NULL
"6133","2018-05-15T18:02:06.381Z","31.825296","6",NULL
"6134","2018-05-15T18:03:38.372Z","33.747318","3",NULL
"6135","2018-05-15T18:02:06.505Z","30.430932","5",NULL
"6136","2018-05-15T18:03:39.893Z","31.174471","4",NULL
"6137","2018-05-15T18:04:05.044Z","31.986638","2",NULL
"6138","2018-05-15T18:04:08.075Z","29.124602","1",NULL
"6139","2018-05-15T18:03:39.833Z","32.513138","3",NULL
"6140","2018-05-15T18:02:06.729Z","31.540357","5",NULL
"6141","2018-05-15T18:03:39.914Z","32.990593","4",NULL
"6142","2018-05-15T18:02:06.413Z","31.802984","6",NULL
"6143","2018-05-15T18:04:08.298Z","29.657869","1",NULL
"6144","2018-05-15T18:04:05.509Z","31.488134","2",NULL
"6145","2018-05-15T18:02:06.433Z","31.760334","6",NULL
"6146","2018-05-15T18:03:40.081Z","32.817398","4",NULL
"6147","2018-05-15T18:02:06.932Z","31.801488","5",NULL
"6148","2018-05-15T18:03:40.066Z","32.193398","3",NULL
"6149","2018-05-15T18:04:05.768Z","31.237429","2",NULL
"6150","2018-05-15T18:04:08.348Z","30.438087","1",NULL
"6151","2018-05-15T18:02:06.974Z","31.785132","5",NULL
"6152","2018-05-15T18:03:40.117Z","32.1397","3",NULL
"6153","2018-05-15T18:03:40.122Z","32.7637","4",NULL
"6154","2018-05-15T18:02:06.517Z","31.642265","6",NULL
"6155","2018-05-15T18:04:06.237Z","30.738145","2",NULL
"6156","2018-05-15T18:04:08.407Z","30.748085","1",NULL
"6157","2018-05-15T18:02:06.778Z","31.50169","6",NULL
"6158","2018-05-15T18:03:40.230Z","32.615085","4",NULL
"6159","2018-05-15T18:03:40.220Z","31.991085","3",NULL
"6160","2018-05-15T18:02:07.121Z","31.730806","5",NULL
"6161","2018-05-15T18:04:08.675Z","30.482093","1",NULL
"6162","2018-05-15T18:04:06.488Z","30.487038","2",NULL
"6163","2018-05-15T18:03:40.477Z","32.415572","4",NULL
"6164","2018-05-15T18:02:07.182Z","31.490506","5",NULL
"6165","2018-05-15T18:03:40.453Z","31.791572","3",NULL
"6166","2018-05-15T18:02:06.971Z","31.262821","6",NULL
"6167","2018-05-15T18:04:06.760Z","30.23595","2",NULL
"6168","2018-05-15T18:04:08.933Z","30.27311","1",NULL
"6169","2018-05-15T18:02:07.102Z","31.246465","6",NULL
"6170","2018-05-15T18:02:08.077Z","30.766439","5",NULL
"6171","2018-05-15T18:03:40.696Z","31.485114","3",NULL
"6172","2018-05-15T18:03:40.731Z","32.109114","4",NULL
"6173","2018-05-15T18:04:09.049Z","32.112565","1",NULL
"6174","2018-05-15T18:04:07.467Z","29.52635","2",NULL
"6175","2018-05-15T18:02:07.264Z","30.951839","6",NULL
"6176","2018-05-15T18:03:41.370Z","30.830354","3",NULL
"6177","2018-05-15T18:03:41.410Z","31.454354","4",NULL
"6178","2018-05-15T18:02:08.275Z","30.766439","5",NULL
"6179","2018-05-15T18:04:08.073Z","30.933644","2",NULL
"6180","2018-05-15T18:04:09.078Z","32.107011","1",NULL
"6181","2018-05-15T18:03:41.965Z","30.343511","3",NULL
"6182","2018-05-15T18:03:42.016Z","32.930178","4",NULL
"6183","2018-05-15T18:02:08.500Z","31.599772","5",NULL
"6184","2018-05-15T18:02:08.103Z","30.227772","6",NULL
"6185","2018-05-15T18:04:08.086Z","30.889935","2",NULL
"6186","2018-05-15T18:04:09.260Z","31.930319","1",NULL
"6187","2018-05-15T18:03:42.018Z","30.284399","3",NULL
"6188","2018-05-15T18:02:08.604Z","32.766439","5",NULL
"6189","2018-05-15T18:03:42.048Z","32.871066","4",NULL
"6190","2018-05-15T18:02:08.296Z","32.190439","6",NULL
"6191","2018-05-15T18:03:42.223Z","30.176601","3",NULL
"6192","2018-05-15T18:04:09.690Z","31.491063","1",NULL
"6193","2018-05-15T18:04:08.092Z","30.868873","2",NULL
"6194","2018-05-15T18:02:08.821Z","32.766439","5",NULL
"6195","2018-05-15T18:03:42.091Z","32.788136","4",NULL
"6196","2018-05-15T18:02:08.302Z","32.190439","6",NULL
"6197","2018-05-15T18:04:10.497Z","30.700769","1",NULL
"6198","2018-05-15T18:03:42.280Z","30.147631","3",NULL
"6199","2018-05-15T18:04:08.303Z","30.631535","2",NULL
"6200","2018-05-15T18:02:09.048Z","32.654665","5",NULL
"6201","2018-05-15T18:03:42.251Z","32.638268","4",NULL
"6202","2018-05-15T18:02:08.504Z","32.190439","6",NULL
"6203","2018-05-15T18:04:08.353Z","30.57842","2",NULL
"6204","2018-05-15T18:04:10.521Z","30.666376","1",NULL
"6205","2018-05-15T18:03:42.378Z","30.505128","3",NULL
"6206","2018-05-15T18:03:42.291Z","32.609298","4",NULL
"6207","2018-05-15T18:02:08.827Z","32.190439","6",NULL
"6208","2018-05-15T18:02:09.312Z","32.394499","5",NULL
"6209","2018-05-15T18:03:42.381Z","32.425128","4",NULL
"6210","2018-05-15T18:04:08.719Z","30.247426","2",NULL
"6211","2018-05-15T18:03:42.393Z","30.464279","3",NULL
"6212","2018-05-15T18:04:10.978Z","30.619455","1",NULL
"6213","2018-05-15T18:02:09.050Z","32.078665","6",NULL
"6214","2018-05-15T18:02:09.816Z","31.901243","5",NULL
"6215","2018-05-15T18:03:42.623Z","31.394281","3",NULL
"6216","2018-05-15T18:03:42.449Z","32.384279","4",NULL
"6217","2018-05-15T18:04:08.936Z","30.038443","2",NULL
"6218","2018-05-15T18:04:10.995Z","30.619455","1",NULL
"6219","2018-05-15T18:02:09.315Z","31.818499","6",NULL
"6220","2018-05-15T18:02:10.624Z","31.111017","5",NULL
"6221","2018-05-15T18:03:42.667Z","32.147615","4",NULL
"6222","2018-05-15T18:03:42.701Z","31.466714","3",NULL
"6223","2018-05-15T18:04:11.098Z","30.869455","1",NULL
"6224","2018-05-15T18:04:09.064Z","29.877898","2",NULL
"6225","2018-05-15T18:02:09.885Z","31.325243","6",NULL
"6226","2018-05-15T18:02:11.027Z","30.735712","5",NULL
"6227","2018-05-15T18:03:42.720Z","31.454327","3",NULL
"6228","2018-05-15T18:04:11.216Z","31.786122","1",NULL
"6229","2018-05-15T18:03:42.727Z","32.040994","4",NULL
"6230","2018-05-15T18:04:09.262Z","29.695652","2",NULL
"6231","2018-05-15T18:02:10.633Z","30.535017","6",NULL
"6232","2018-05-15T18:02:11.140Z","30.805097","5",NULL
"6233","2018-05-15T18:03:42.874Z","31.883208","4",NULL
"6234","2018-05-15T18:03:42.872Z","31.296541","3",NULL
"6235","2018-05-15T18:04:09.693Z","29.256396","2",NULL
"6236","2018-05-15T18:04:11.349Z","32.619455","1",NULL
"6237","2018-05-15T18:03:43.146Z","31.636578","4",NULL
"6238","2018-05-15T18:02:10.923Z","32.161166","6",NULL
"6239","2018-05-15T18:02:11.188Z","32.498027","5",NULL
"6240","2018-05-15T18:03:43.120Z","31.049911","3",NULL
"6241","2018-05-15T18:04:11.464Z","32.619455","1",NULL
"6242","2018-05-15T18:04:10.516Z","30.428769","2",NULL
"6243","2018-05-15T18:02:11.030Z","32.122379","6",NULL
"6244","2018-05-15T18:03:43.373Z","31.379018","4",NULL
"6245","2018-05-15T18:02:11.271Z","32.41423","5",NULL
"6246","2018-05-15T18:04:12.826Z","32.619455","1",NULL
"6247","2018-05-15T18:03:43.371Z","30.792351","3",NULL
"6248","2018-05-15T18:04:10.533Z","30.394376","2",NULL
"6249","2018-05-15T18:02:11.145Z","31.941764","6",NULL
"6250","2018-05-15T18:02:11.297Z","32.391036","5",NULL
"6251","2018-05-15T18:03:44.503Z","30.269543","4",NULL
"6252","2018-05-15T18:04:12.903Z","34.536122","1",NULL
"6253","2018-05-15T18:03:44.500Z","29.682876","3",NULL
"6254","2018-05-15T18:04:10.537Z","30.392657","2",NULL
"6255","2018-05-15T18:03:44.560Z","32.143792","4",NULL
"6256","2018-05-15T18:02:11.550Z","32.138009","5",NULL
"6257","2018-05-15T18:02:11.274Z","31.800897","6",NULL
"6258","2018-05-15T18:04:13.110Z","34.619455","1",NULL
"6259","2018-05-15T18:03:44.727Z","29.544448","3",NULL
"6260","2018-05-15T18:04:10.987Z","30.347455","2",NULL
"6261","2018-05-15T18:03:44.729Z","32.093781","4",NULL
"6262","2018-05-15T18:02:11.303Z","31.777703","6",NULL
"6263","2018-05-15T18:02:11.806Z","31.889844","5",NULL
"6264","2018-05-15T18:04:13.268Z","34.619455","1",NULL
"6265","2018-05-15T18:04:10.996Z","30.347455","2",NULL
"6266","2018-05-15T18:03:45.182Z","29.034411","3",NULL
"6267","2018-05-15T18:03:45.198Z","31.583744","4",NULL
"6268","2018-05-15T18:02:12.312Z","31.387361","5",NULL
"6269","2018-05-15T18:02:11.553Z","31.524676","6",NULL
"6270","2018-05-15T18:04:14.530Z","34.443221","1",NULL
"6271","2018-05-15T18:04:11.101Z","30.347455","2",NULL
"6272","2018-05-15T18:03:45.289Z","28.940418","3",NULL
"6273","2018-05-15T18:02:11.816Z","31.276511","6",NULL
"6274","2018-05-15T18:03:45.361Z","31.448084","4",NULL
"6275","2018-05-15T18:02:13.266Z","30.493967","5",NULL
"6276","2018-05-15T18:03:45.502Z","29.410543","3",NULL
"6277","2018-05-15T18:04:15.036Z","33.977054","1",NULL
"6278","2018-05-15T18:04:11.242Z","30.347455","2",NULL
"6279","2018-05-15T18:02:13.510Z","30.493967","5",NULL
"6280","2018-05-15T18:03:45.555Z","31.376543","4",NULL
"6281","2018-05-15T18:02:12.315Z","30.774028","6",NULL
"6282","2018-05-15T18:04:11.467Z","30.347455","2",NULL
"6283","2018-05-15T18:04:15.267Z","33.726248","1",NULL
"6284","2018-05-15T18:03:45.594Z","29.410543","3",NULL
"6285","2018-05-15T18:02:13.563Z","30.493967","5",NULL
"6286","2018-05-15T18:03:45.602Z","31.376543","4",NULL
"6287","2018-05-15T18:02:13.283Z","29.880634","6",NULL
"6288","2018-05-15T18:04:15.736Z","33.237903","1",NULL
"6289","2018-05-15T18:04:12.243Z","32.310122","2",NULL
"6290","2018-05-15T18:03:45.690Z","30.82721","3",NULL
"6291","2018-05-15T18:02:13.709Z","32.493183","5",NULL
"6292","2018-05-15T18:03:45.708Z","31.376543","4",NULL
"6293","2018-05-15T18:02:13.511Z","31.8433","6",NULL
"6294","2018-05-15T18:04:16.231Z","32.737645","1",NULL
"6295","2018-05-15T18:03:45.730Z","30.82721","3",NULL
"6296","2018-05-15T18:04:12.832Z","32.310122","2",NULL
"6297","2018-05-15T18:02:13.908Z","32.356041","5",NULL
"6298","2018-05-15T18:02:13.513Z","31.8433","6",NULL
"6299","2018-05-15T18:03:46.618Z","33.33921","4",NULL
"6300","2018-05-15T18:04:16.484Z","32.487336","1",NULL
"6301","2018-05-15T18:04:12.955Z","32.310122","2",NULL
"6302","2018-05-15T18:03:46.658Z","32.82721","3",NULL
"6303","2018-05-15T18:02:13.946Z","32.309171","5",NULL
"6304","2018-05-15T18:03:46.724Z","33.33921","4",NULL
"6305","2018-05-15T18:02:13.573Z","31.8433","6",NULL
"6306","2018-05-15T18:04:16.740Z","32.225659","1",NULL
"6307","2018-05-15T18:04:13.304Z","32.310122","2",NULL
"6308","2018-05-15T18:03:46.721Z","32.82721","3",NULL
"6309","2018-05-15T18:02:14.193Z","32.112158","5",NULL
"6310","2018-05-15T18:03:48.769Z","33.328904","4",NULL
"6311","2018-05-15T18:02:13.831Z","31.842516","6",NULL
"6312","2018-05-15T18:04:17.093Z","31.909907","1",NULL
"6313","2018-05-15T18:03:48.767Z","32.816904","3",NULL
"6314","2018-05-15T18:04:14.540Z","32.133888","2",NULL
"6315","2018-05-15T18:02:14.665Z","31.683447","5",NULL
"6316","2018-05-15T18:02:14.016Z","31.658504","6",NULL
"6317","2018-05-15T18:03:49.163Z","32.989396","4",NULL
"6318","2018-05-15T18:03:49.146Z","32.477396","3",NULL
"6319","2018-05-15T18:04:15.039Z","31.667721","2",NULL
"6320","2018-05-15T18:04:17.502Z","31.48538","1",NULL
"6321","2018-05-15T18:02:16.158Z","30.152061","5",NULL
"6322","2018-05-15T18:03:49.502Z","32.699649","4",NULL
"6323","2018-05-15T18:02:14.221Z","31.461491","6",NULL
"6324","2018-05-15T18:04:18.083Z","30.913994","1",NULL
"6325","2018-05-15T18:04:15.288Z","31.416915","2",NULL
"6326","2018-05-15T18:03:49.453Z","32.187649","3",NULL
"6327","2018-05-15T18:02:16.455Z","29.850639","5",NULL
"6328","2018-05-15T18:02:14.689Z","31.03278","6",NULL
"6329","2018-05-15T18:03:49.892Z","32.250734","4",NULL
"6330","2018-05-15T18:04:18.296Z","31.186515","1",NULL
"6331","2018-05-15T18:04:15.738Z","30.92857","2",NULL
"6332","2018-05-15T18:03:49.890Z","31.738734","3",NULL
"6333","2018-05-15T18:04:16.235Z","30.428312","2",NULL
"6334","2018-05-15T18:02:16.462Z","29.827092","5",NULL
"6335","2018-05-15T18:04:18.435Z","31.372758","1",NULL
"6336","2018-05-15T18:03:50.568Z","31.759625","4",NULL
"6337","2018-05-15T18:02:16.218Z","29.501394","6",NULL
"6338","2018-05-15T18:03:50.424Z","31.247625","3",NULL
"6339","2018-05-15T18:04:16.486Z","30.178003","2",NULL
"6340","2018-05-15T18:02:16.649Z","29.722766","5",NULL
"6341","2018-05-15T18:03:50.749Z","31.468692","4",NULL
"6342","2018-05-15T18:04:18.812Z","31.686434","1",NULL
"6343","2018-05-15T18:02:16.458Z","31.162639","6",NULL
"6344","2018-05-15T18:03:50.715Z","30.956692","3",NULL
"6345","2018-05-15T18:02:16.910Z","31.125608","5",NULL
"6346","2018-05-15T18:02:16.465Z","31.139092","6",NULL
"6347","2018-05-15T18:04:18.841Z","31.685432","1",NULL
"6348","2018-05-15T18:04:16.741Z","29.916326","2",NULL
"6349","2018-05-15T18:03:51.459Z","30.716924","4",NULL
"6350","2018-05-15T18:03:51.456Z","30.204924","3",NULL
"6351","2018-05-15T18:02:16.948Z","31.320718","5",NULL
"6352","2018-05-15T18:02:16.469Z","31.136375","6",NULL
"6353","2018-05-15T18:04:19.242Z","31.806378","1",NULL
"6354","2018-05-15T18:04:17.095Z","29.600574","2",NULL
"6355","2018-05-15T18:03:51.631Z","30.508308","4",NULL
"6356","2018-05-15T18:03:51.564Z","32.054852","3",NULL
"6357","2018-05-15T18:03:51.891Z","30.264495","4",NULL
"6358","2018-05-15T18:04:19.287Z","31.782553","1",NULL
"6359","2018-05-15T18:04:17.516Z","29.176047","2",NULL
"6360","2018-05-15T18:02:16.739Z","30.951433","6",NULL
"6361","2018-05-15T18:02:17.105Z","31.217807","5",NULL
"6362","2018-05-15T18:03:51.621Z","31.996308","3",NULL
"6363","2018-05-15T18:04:19.311Z","31.72045","1",NULL
"6364","2018-05-15T18:02:16.932Z","30.729275","6",NULL
"6365","2018-05-15T18:04:18.131Z","28.604661","2",NULL
"6366","2018-05-15T18:02:17.211Z","31.097169","5",NULL
"6367","2018-05-15T18:03:52.121Z","30.01491","4",NULL
"6368","2018-05-15T18:03:51.884Z","31.752495","3",NULL
"6369","2018-05-15T18:02:17.132Z","30.529807","6",NULL
"6370","2018-05-15T18:04:20.290Z","30.681726","1",NULL
"6371","2018-05-15T18:02:18.204Z","30.186089","5",NULL
"6372","2018-05-15T18:03:52.625Z","29.516302","4",NULL
"6373","2018-05-15T18:04:18.202Z","30.433667","2",NULL
"6374","2018-05-15T18:03:52.118Z","31.50291","3",NULL
"6375","2018-05-15T18:02:17.241Z","30.409169","6",NULL
"6376","2018-05-15T18:03:53.013Z","29.269016","4",NULL
"6377","2018-05-15T18:04:20.815Z","30.186077","1",NULL
"6378","2018-05-15T18:02:18.575Z","29.919009","5",NULL
"6379","2018-05-15T18:04:18.318Z","30.381515","2",NULL
"6380","2018-05-15T18:03:52.618Z","31.004302","3",NULL
"6381","2018-05-15T18:04:18.550Z","30.276091","2",NULL
"6382","2018-05-15T18:04:20.918Z","30.154772","1",NULL
"6383","2018-05-15T18:02:18.821Z","29.508229","5",NULL
"6384","2018-05-15T18:03:53.496Z","28.765318","4",NULL
"6385","2018-05-15T18:02:18.260Z","29.498089","6",NULL
"6386","2018-05-15T18:03:52.945Z","30.757016","3",NULL
"6387","2018-05-15T18:04:18.815Z","29.881434","2",NULL
"6388","2018-05-15T18:04:21.250Z","30.118681","1",NULL
"6389","2018-05-15T18:02:18.826Z","29.499653","5",NULL
"6390","2018-05-15T18:02:18.619Z","29.231009","6",NULL
"6391","2018-05-15T18:03:54.668Z","28.34692","4",NULL
"6392","2018-05-15T18:03:53.375Z","30.253318","3",NULL
"6393","2018-05-15T18:04:18.864Z","29.880432","2",NULL
"6394","2018-05-15T18:04:21.308Z","30.085791","1",NULL
"6395","2018-05-15T18:02:18.992Z","30.09257","5",NULL
"6396","2018-05-15T18:03:54.705Z","28.34692","4",NULL
"6397","2018-05-15T18:02:18.824Z","28.820229","6",NULL
"6398","2018-05-15T18:03:54.626Z","29.83492","3",NULL
"6399","2018-05-15T18:04:19.264Z","29.459711","2",NULL
"6400","2018-05-15T18:03:54.951Z","30.309587","4",NULL
"6401","2018-05-15T18:02:18.828Z","28.811653","6",NULL
"6402","2018-05-15T18:04:21.555Z","30.271383","1",NULL
"6403","2018-05-15T18:03:54.701Z","29.83492","3",NULL
"6404","2018-05-15T18:02:19.093Z","30.634236","5",NULL
"6405","2018-05-15T18:04:19.289Z","29.435886","2",NULL
"6406","2018-05-15T18:02:19.043Z","28.612903","6",NULL
"6407","2018-05-15T18:03:54.976Z","30.309587","4",NULL
"6408","2018-05-15T18:04:21.769Z","30.387721","1",NULL
"6409","2018-05-15T18:03:54.897Z","29.83492","3",NULL
"6410","2018-05-15T18:02:19.175Z","31.300903","5",NULL
"6411","2018-05-15T18:04:20.300Z","28.335059","2",NULL
"6412","2018-05-15T18:02:19.123Z","28.612903","6",NULL
"6413","2018-05-15T18:03:55.196Z","30.309587","4",NULL
"6414","2018-05-15T18:04:21.896Z","30.359125","1",NULL
"6415","2018-05-15T18:02:19.330Z","31.300903","5",NULL
"6416","2018-05-15T18:04:20.401Z","30.192842","2",NULL
"6417","2018-05-15T18:02:19.347Z","28.612903","6",NULL
"6418","2018-05-15T18:03:55.176Z","29.83492","3",NULL
"6419","2018-05-15T18:02:19.434Z","31.300903","5",NULL
"6420","2018-05-15T18:04:22.089Z","30.212252","1",NULL
"6421","2018-05-15T18:04:20.821Z","29.802077","2",NULL
"6422","2018-05-15T18:02:19.443Z","28.612903","6",NULL
"6423","2018-05-15T18:03:55.351Z","32.272253","4",NULL
"6424","2018-05-15T18:03:55.312Z","31.33492","3",NULL
"6425","2018-05-15T18:04:22.125Z","30.211026","1",NULL
"6426","2018-05-15T18:02:20.949Z","31.300903","5",NULL
"6427","2018-05-15T18:03:55.398Z","32.272253","4",NULL
"6428","2018-05-15T18:04:20.929Z","29.770772","2",NULL
"6429","2018-05-15T18:02:20.742Z","30.57557","6",NULL
"6430","2018-05-15T18:04:22.643Z","30.331994","1",NULL
"6431","2018-05-15T18:02:20.988Z","30.57557","6",NULL
"6432","2018-05-15T18:02:21.324Z","31.29958","5",NULL
"6433","2018-05-15T18:04:21.286Z","29.401348","2",NULL
"6434","2018-05-15T18:03:55.492Z","32.272253","4",NULL
"6435","2018-05-15T18:03:55.437Z","31.83492","3",NULL
"6436","2018-05-15T18:04:22.818Z","30.301104","1",NULL
"6437","2018-05-15T18:04:21.310Z","29.368458","2",NULL
"6438","2018-05-15T18:02:21.339Z","30.115914","6",NULL
"6439","2018-05-15T18:02:21.461Z","31.948484","5",NULL
"6440","2018-05-15T18:03:56.739Z","31.800947","4",NULL
"6441","2018-05-15T18:04:22.846Z","30.299295","1",NULL
"6442","2018-05-15T18:03:55.471Z","31.83492","3",NULL
"6443","2018-05-15T18:04:21.572Z","31.183383","2",NULL
"6444","2018-05-15T18:02:21.498Z","30.014818","6",NULL
"6445","2018-05-15T18:02:21.500Z","31.94436","5",NULL
"6446","2018-05-15T18:03:57.077Z","33.376771","4",NULL
"6447","2018-05-15T18:04:23.113Z","29.88306","1",NULL
"6448","2018-05-15T18:03:56.732Z","31.363614","3",NULL
"6449","2018-05-15T18:04:21.661Z","30.984156","2",NULL
"6450","2018-05-15T18:02:21.555Z","30.010694","6",NULL
"6451","2018-05-15T18:02:21.611Z","32.516613","5",NULL
"6452","2018-05-15T18:03:57.087Z","33.337373","4",NULL
"6453","2018-05-15T18:04:23.210Z","29.865792","1",NULL
"6454","2018-05-15T18:03:57.074Z","30.976771","3",NULL
"6455","2018-05-15T18:04:21.771Z","30.841388","2",NULL
"6456","2018-05-15T18:02:21.674Z","32.489783","5",NULL
"6457","2018-05-15T18:02:21.609Z","31.753946","6",NULL
"6458","2018-05-15T18:03:57.095Z","33.242928","4",NULL
"6459","2018-05-15T18:04:23.550Z","31.23526","1",NULL
"6460","2018-05-15T18:02:21.681Z","31.727116","6",NULL
"6461","2018-05-15T18:04:21.906Z","30.812792","2",NULL
"6462","2018-05-15T18:02:21.733Z","32.453381","5",NULL
"6463","2018-05-15T18:03:57.079Z","30.937373","3",NULL
"6464","2018-05-15T18:03:57.356Z","32.969979","4",NULL
"6465","2018-05-15T18:04:23.584Z","31.184304","1",NULL
"6466","2018-05-15T18:02:21.735Z","31.690714","6",NULL
"6467","2018-05-15T18:04:22.106Z","30.582586","2",NULL
"6468","2018-05-15T18:02:22.046Z","32.080701","5",NULL
"6469","2018-05-15T18:03:57.222Z","32.751216","3",NULL
"6470","2018-05-15T18:03:57.743Z","32.75834","4",NULL
"6471","2018-05-15T18:04:23.836Z","30.977877","1",NULL
"6472","2018-05-15T18:02:22.048Z","31.318034","6",NULL
"6473","2018-05-15T18:02:22.298Z","31.83027","5",NULL
"6474","2018-05-15T18:03:57.346Z","32.569979","3",NULL
"6475","2018-05-15T18:04:22.158Z","30.58136","2",NULL
"6476","2018-05-15T18:03:57.868Z","32.506672","4",NULL
"6477","2018-05-15T18:02:22.300Z","31.067603","6",NULL
"6478","2018-05-15T18:04:23.884Z","30.943465","1",NULL
"6479","2018-05-15T18:03:57.687Z","32.35834","3",NULL
"6480","2018-05-15T18:02:22.978Z","31.154729","5",NULL
"6481","2018-05-15T18:04:22.829Z","29.879771","2",NULL
"6482","2018-05-15T18:03:58.123Z","32.220442","4",NULL
"6483","2018-05-15T18:02:23.018Z","30.392062","6",NULL
"6484","2018-05-15T18:02:23.196Z","31.429476","5",NULL
"6485","2018-05-15T18:04:24.046Z","31.123633","1",NULL
"6486","2018-05-15T18:03:57.855Z","32.106672","3",NULL
"6487","2018-05-15T18:04:22.876Z","29.877962","2",NULL
"6488","2018-05-15T18:03:59.483Z","33.051473","4",NULL
"6489","2018-05-15T18:04:24.319Z","30.809699","1",NULL
"6490","2018-05-15T18:02:23.138Z","32.264825","6",NULL
"6491","2018-05-15T18:03:58.118Z","31.820442","3",NULL
"6492","2018-05-15T18:02:23.851Z","32.415925","5",NULL
"6493","2018-05-15T18:04:23.125Z","31.424393","2",NULL
"6494","2018-05-15T18:03:59.809Z","32.565356","4",NULL
"6495","2018-05-15T18:04:24.462Z","30.634523","1",NULL
"6496","2018-05-15T18:02:23.911Z","32.279559","5",NULL
"6497","2018-05-15T18:03:59.463Z","30.688806","3",NULL
"6498","2018-05-15T18:04:23.214Z","31.407125","2",NULL
"6499","2018-05-15T18:02:23.402Z","32.129476","6",NULL
"6500","2018-05-15T18:03:59.849Z","32.536291","4",NULL
"6501","2018-05-15T18:02:23.975Z","32.278073","5",NULL
"6502","2018-05-15T18:04:25.839Z","29.359497","1",NULL
"6503","2018-05-15T18:04:23.218Z","31.39086","2",NULL
"6504","2018-05-15T18:02:23.891Z","31.615925","6",NULL
"6505","2018-05-15T18:03:59.759Z","30.202689","3",NULL
"6506","2018-05-15T18:03:59.866Z","32.5347","4",NULL
"6507","2018-05-15T18:04:00.201Z","32.248485","4",NULL
"6508","2018-05-15T18:02:24.171Z","32.043904","5",NULL
"6509","2018-05-15T18:03:59.826Z","30.173624","3",NULL
"6510","2018-05-15T18:04:26.197Z","29.35374","1",NULL
"6511","2018-05-15T18:04:23.572Z","31.026593","2",NULL
"6512","2018-05-15T18:02:23.943Z","31.479559","6",NULL
"6513","2018-05-15T18:04:00.444Z","31.912107","4",NULL
"6514","2018-05-15T18:04:00.125Z","29.885818","3",NULL
"6515","2018-05-15T18:02:24.548Z","31.594068","5",NULL
"6516","2018-05-15T18:04:26.435Z","29.35374","1",NULL
"6517","2018-05-15T18:04:23.656Z","30.975637","2",NULL
"6518","2018-05-15T18:02:24.234Z","31.243904","6",NULL
"6519","2018-05-15T18:04:00.486Z","31.875399","4",NULL
"6520","2018-05-15T18:02:24.801Z","31.345167","5",NULL
"6521","2018-05-15T18:04:23.879Z","30.727543","2",NULL
"6522","2018-05-15T18:02:24.614Z","30.794068","6",NULL
"6523","2018-05-15T18:04:27.247Z","29.35374","1",NULL
"6524","2018-05-15T18:04:00.330Z","31.599147","3",NULL
"6525","2018-05-15T18:04:00.906Z","31.430574","4",NULL
"6526","2018-05-15T18:04:00.436Z","31.54944","3",NULL
"6527","2018-05-15T18:02:24.991Z","31.18522","5",NULL
"6528","2018-05-15T18:02:24.804Z","30.545167","6",NULL
"6529","2018-05-15T18:04:23.963Z","30.693131","2",NULL
"6530","2018-05-15T18:04:28.304Z","29.47874","1",NULL
"6531","2018-05-15T18:04:00.991Z","31.372189","4",NULL
"6532","2018-05-15T18:02:26.061Z","31.18522","5",NULL
"6533","2018-05-15T18:04:24.411Z","30.351032","2",NULL
"6534","2018-05-15T18:02:25.023Z","30.38522","6",NULL
"6535","2018-05-15T18:04:28.745Z","30.020407","1",NULL
"6536","2018-05-15T18:04:00.482Z","31.512732","3",NULL
"6537","2018-05-15T18:04:01.586Z","31.372189","4",NULL
"6538","2018-05-15T18:02:26.095Z","30.38522","6",NULL
"6539","2018-05-15T18:04:29.137Z","30.72874","1",NULL
"6540","2018-05-15T18:04:24.471Z","30.175856","2",NULL
"6541","2018-05-15T18:04:00.888Z","31.067907","3",NULL
"6542","2018-05-15T18:02:26.301Z","33.18522","5",NULL
"6543","2018-05-15T18:04:02.060Z","33.334855","4",NULL
"6544","2018-05-15T18:02:26.251Z","32.347887","6",NULL
"6545","2018-05-15T18:04:00.958Z","31.009522","3",NULL
"6546","2018-05-15T18:04:29.178Z","31.35374","1",NULL
"6547","2018-05-15T18:02:26.319Z","33.18522","5",NULL
"6548","2018-05-15T18:04:25.842Z","28.90083","2",NULL
"6549","2018-05-15T18:04:02.322Z","33.334855","4",NULL
"6550","2018-05-15T18:02:26.365Z","32.347887","6",NULL
"6551","2018-05-15T18:02:27.355Z","33.1524","5",NULL
"6552","2018-05-15T18:04:01.536Z","31.009522","3",NULL
"6553","2018-05-15T18:04:29.652Z","32.812073","1",NULL
"6554","2018-05-15T18:04:26.424Z","28.895073","2",NULL
"6555","2018-05-15T18:02:27.397Z","32.315067","6",NULL
"6556","2018-05-15T18:04:02.589Z","33.166021","4",NULL
"6557","2018-05-15T18:04:29.759Z","33.35374","1",NULL
"6558","2018-05-15T18:02:28.023Z","32.554148","5",NULL
"6559","2018-05-15T18:04:26.459Z","28.895073","2",NULL
"6560","2018-05-15T18:04:02.314Z","31.009522","3",NULL
"6561","2018-05-15T18:04:29.837Z","33.35374","1",NULL
"6562","2018-05-15T18:02:28.033Z","31.716815","6",NULL
"6563","2018-05-15T18:04:02.794Z","32.888052","4",NULL
"6564","2018-05-15T18:02:28.091Z","32.447838","5",NULL
"6565","2018-05-15T18:04:26.924Z","30.85774","2",NULL
"6566","2018-05-15T18:04:02.431Z","30.840688","3",NULL
"6567","2018-05-15T18:04:02.835Z","32.858602","4",NULL
"6568","2018-05-15T18:04:30.011Z","33.35374","1",NULL
"6569","2018-05-15T18:02:28.055Z","33.611592","6",NULL
"6570","2018-05-15T18:04:02.761Z","31.896052","3",NULL
"6571","2018-05-15T18:04:27.283Z","30.85774","2",NULL
"6572","2018-05-15T18:02:28.319Z","32.226748","5",NULL
"6573","2018-05-15T18:04:03.055Z","32.685916","4",NULL
"6574","2018-05-15T18:02:28.117Z","33.573171","6",NULL
"6575","2018-05-15T18:04:30.093Z","33.335727","1",NULL
"6576","2018-05-15T18:04:02.824Z","31.866602","3",NULL
"6577","2018-05-15T18:04:28.117Z","32.820407","2",NULL
"6578","2018-05-15T18:02:28.615Z","31.947452","5",NULL
"6579","2018-05-15T18:04:03.399Z","32.295092","4",NULL
"6580","2018-05-15T18:02:28.338Z","33.352081","6",NULL
"6581","2018-05-15T18:04:30.744Z","32.786462","1",NULL
"6582","2018-05-15T18:04:02.988Z","32.360583","3",NULL
"6583","2018-05-15T18:02:29.055Z","31.489988","5",NULL
"6584","2018-05-15T18:04:28.325Z","32.820407","2",NULL
"6585","2018-05-15T18:04:03.500Z","32.228431","4",NULL
"6586","2018-05-15T18:04:30.868Z","32.816637","1",NULL
"6587","2018-05-15T18:02:28.648Z","33.072785","6",NULL
"6588","2018-05-15T18:04:03.102Z","32.294595","3",NULL
"6589","2018-05-15T18:04:28.771Z","32.820407","2",NULL
"6590","2018-05-15T18:02:29.300Z","31.240874","5",NULL
"6591","2018-05-15T18:04:03.711Z","31.958364","4",NULL
"6592","2018-05-15T18:02:29.061Z","32.615321","6",NULL
"6593","2018-05-15T18:04:30.996Z","32.976718","1",NULL
"6594","2018-05-15T18:04:03.352Z","31.969759","3",NULL
"6595","2018-05-15T18:02:29.819Z","30.738643","5",NULL
"6596","2018-05-15T18:04:29.098Z","34.783073","2",NULL
"6597","2018-05-15T18:04:05.552Z","30.260219","4",NULL
"6598","2018-05-15T18:04:31.119Z","33.512684","1",NULL
"6599","2018-05-15T18:02:29.339Z","32.366207","6",NULL
"6600","2018-05-15T18:04:03.441Z","31.903098","3",NULL
"6601","2018-05-15T18:02:30.768Z","29.878395","5",NULL
"6602","2018-05-15T18:04:29.152Z","34.783073","2",NULL
"6603","2018-05-15T18:04:31.207Z","33.705962","1",NULL
"6604","2018-05-15T18:04:05.574Z","30.05289","4",NULL
"6605","2018-05-15T18:02:29.829Z","31.863976","6",NULL
"6606","2018-05-15T18:02:30.956Z","29.583742","5",NULL
"6607","2018-05-15T18:04:03.655Z","31.633031","3",NULL
"6608","2018-05-15T18:04:29.668Z","34.783073","2",NULL
"6609","2018-05-15T18:04:31.338Z","34.188076","1",NULL
"6610","2018-05-15T18:02:30.787Z","31.003728","6",NULL
"6611","2018-05-15T18:04:05.769Z","31.85567","4",NULL
"6612","2018-05-15T18:04:05.533Z","29.934886","3",NULL
"6613","2018-05-15T18:02:31.015Z","29.576081","5",NULL
"6614","2018-05-15T18:04:29.785Z","34.783073","2",NULL
"6615","2018-05-15T18:04:31.380Z","34.090981","1",NULL
"6616","2018-05-15T18:02:30.960Z","32.671742","6",NULL
"6617","2018-05-15T18:04:05.781Z","31.831183","4",NULL
"6618","2018-05-15T18:02:31.095Z","31.433881","5",NULL
"6619","2018-05-15T18:04:05.567Z","29.727557","3",NULL
"6620","2018-05-15T18:04:30.013Z","34.783073","2",NULL
"6621","2018-05-15T18:04:05.841Z","31.827859","4",NULL
"6622","2018-05-15T18:02:31.022Z","32.664081","6",NULL
"6623","2018-05-15T18:04:31.453Z","33.996865","1",NULL
"6624","2018-05-15T18:04:30.124Z","34.76506","2",NULL
"6625","2018-05-15T18:04:05.716Z","29.901003","3",NULL
"6626","2018-05-15T18:02:31.218Z","31.30895","5",NULL
"6627","2018-05-15T18:02:31.035Z","32.661317","6",NULL
"6628","2018-05-15T18:04:06.064Z","31.58614","4",NULL
"6629","2018-05-15T18:04:31.726Z","33.72883","1",NULL
"6630","2018-05-15T18:04:30.831Z","34.215795","2",NULL
"6631","2018-05-15T18:04:05.777Z","29.876516","3",NULL
"6632","2018-05-15T18:02:31.295Z","31.234206","5",NULL
"6633","2018-05-15T18:04:06.903Z","30.880584","4",NULL
"6634","2018-05-15T18:04:32.176Z","33.315708","1",NULL
"6635","2018-05-15T18:02:31.221Z","32.39695","6",NULL
"6636","2018-05-15T18:04:06.002Z","29.92314","3",NULL
"6637","2018-05-15T18:04:30.869Z","34.037637","2",NULL
"6638","2018-05-15T18:02:31.548Z","30.980033","5",NULL
"6639","2018-05-15T18:04:32.476Z","32.977506","1",NULL
"6640","2018-05-15T18:04:06.934Z","30.718838","4",NULL
"6641","2018-05-15T18:02:31.306Z","32.322206","6",NULL
"6642","2018-05-15T18:04:06.869Z","29.509251","3",NULL
"6643","2018-05-15T18:02:32.046Z","30.47686","5",NULL
"6644","2018-05-15T18:04:31.055Z","33.906051","2",NULL
"6645","2018-05-15T18:04:32.726Z","32.72785","1",NULL
"6646","2018-05-15T18:04:06.941Z","30.718838","4",NULL
"6647","2018-05-15T18:02:31.560Z","32.068033","6",NULL
"6648","2018-05-15T18:04:06.906Z","30.430838","3",NULL
"6649","2018-05-15T18:04:31.121Z","33.817017","2",NULL
"6650","2018-05-15T18:02:32.313Z","30.22475","5",NULL
"6651","2018-05-15T18:04:32.977Z","32.476936","1",NULL
"6652","2018-05-15T18:02:32.048Z","31.56486","6",NULL
"6653","2018-05-15T18:04:06.966Z","32.681505","4",NULL
"6654","2018-05-15T18:04:06.933Z","30.430838","3",NULL
"6655","2018-05-15T18:04:31.221Z","33.718628","2",NULL
"6656","2018-05-15T18:02:33.239Z","29.425554","5",NULL
"6657","2018-05-15T18:04:33.236Z","32.241246","1",NULL
"6658","2018-05-15T18:04:06.983Z","32.681505","4",NULL
"6659","2018-05-15T18:02:32.315Z","31.31275","6",NULL
"6660","2018-05-15T18:04:31.355Z","33.617409","2",NULL
"6661","2018-05-15T18:04:06.939Z","30.430838","3",NULL
"6662","2018-05-15T18:02:33.357Z","29.283694","5",NULL
"6663","2018-05-15T18:04:33.732Z","31.723399","1",NULL
"6664","2018-05-15T18:02:33.241Z","30.513554","6",NULL
"6665","2018-05-15T18:04:07.166Z","32.681505","4",NULL
"6666","2018-05-15T18:04:06.965Z","30.430838","3",NULL
"6667","2018-05-15T18:02:33.719Z","30.069194","5",NULL
"6668","2018-05-15T18:04:31.472Z","33.426198","2",NULL
"6669","2018-05-15T18:04:33.978Z","31.472938","1",NULL
"6670","2018-05-15T18:04:09.168Z","32.531436","4",NULL
"6671","2018-05-15T18:02:33.334Z","32.356968","6",NULL
"6672","2018-05-15T18:04:07.020Z","32.430838","3",NULL
"6673","2018-05-15T18:02:34.149Z","30.106586","5",NULL
"6674","2018-05-15T18:04:31.727Z","33.158163","2",NULL
"6675","2018-05-15T18:04:34.229Z","31.222761","1",NULL
"6676","2018-05-15T18:02:33.366Z","32.334361","6",NULL
"6677","2018-05-15T18:04:09.564Z","32.131699","4",NULL
"6678","2018-05-15T18:04:07.239Z","32.430838","3",NULL
"6679","2018-05-15T18:02:34.217Z","30.105579","5",NULL
"6680","2018-05-15T18:04:32.205Z","32.745041","2",NULL
"6681","2018-05-15T18:04:35.188Z","30.27431","1",NULL
"6682","2018-05-15T18:02:33.751Z","32.036528","6",NULL
"6683","2018-05-15T18:04:09.145Z","32.280769","3",NULL
"6684","2018-05-15T18:04:09.759Z","31.930042","4",NULL
"6685","2018-05-15T18:02:34.430Z","30.165617","5",NULL
"6686","2018-05-15T18:04:32.477Z","32.406839","2",NULL
"6687","2018-05-15T18:02:34.152Z","31.740586","6",NULL
"6688","2018-05-15T18:04:10.002Z","31.684854","4",NULL
"6689","2018-05-15T18:04:09.537Z","31.881032","3",NULL
"6690","2018-05-15T18:04:36.747Z","29.04741","1",NULL
"6691","2018-05-15T18:02:34.472Z","30.151087","5",NULL
"6692","2018-05-15T18:04:32.728Z","32.157183","2",NULL
"6693","2018-05-15T18:02:34.589Z","30.214235","5",NULL
"6694","2018-05-15T18:02:34.225Z","31.739579","6",NULL
"6695","2018-05-15T18:04:09.709Z","32.137708","3",NULL
"6696","2018-05-15T18:04:37.061Z","28.516027","1",NULL
"6697","2018-05-15T18:04:10.026Z","31.683719","4",NULL
"6698","2018-05-15T18:04:33.006Z","31.906269","2",NULL
"6699","2018-05-15T18:02:34.446Z","31.382951","6",NULL
"6700","2018-05-15T18:04:09.935Z","32.850854","3",NULL
"6701","2018-05-15T18:02:34.704Z","29.970048","5",NULL
"6702","2018-05-15T18:04:10.283Z","31.402768","4",NULL
"6703","2018-05-15T18:04:37.489Z","28.318094","1",NULL
"6704","2018-05-15T18:04:33.271Z","31.670579","2",NULL
"6705","2018-05-15T18:02:34.709Z","29.940241","5",NULL
"6706","2018-05-15T18:04:37.893Z","28.609761","1",NULL
"6707","2018-05-15T18:04:10.383Z","31.332925","4",NULL
"6708","2018-05-15T18:04:10.015Z","32.849719","3",NULL
"6709","2018-05-15T18:02:34.486Z","31.368421","6",NULL
"6710","2018-05-15T18:04:33.734Z","31.152732","2",NULL
"6711","2018-05-15T18:04:33.984Z","30.902271","2",NULL
"6712","2018-05-15T18:02:34.724Z","31.002199","5",NULL
"6713","2018-05-15T18:04:10.087Z","33.25333","3",NULL
"6714","2018-05-15T18:04:37.937Z","28.609761","1",NULL
"6715","2018-05-15T18:02:34.706Z","31.020715","6",NULL
"6716","2018-05-15T18:04:10.474Z","31.153006","4",NULL
"6717","2018-05-15T18:04:34.231Z","30.652094","2",NULL
"6718","2018-05-15T18:02:34.773Z","31.872475","5",NULL
"6719","2018-05-15T18:04:10.280Z","33.152101","3",NULL
"6720","2018-05-15T18:02:34.713Z","30.990908","6",NULL
"6721","2018-05-15T18:04:10.950Z","30.720823","4",NULL
"6722","2018-05-15T18:04:38.329Z","29.151427","1",NULL
"6723","2018-05-15T18:04:35.196Z","29.703643","2",NULL
"6724","2018-05-15T18:02:36.218Z","30.614602","5",NULL
"6725","2018-05-15T18:04:10.380Z","33.082258","3",NULL
"6726","2018-05-15T18:02:34.726Z","30.969533","6",NULL
"6727","2018-05-15T18:04:38.476Z","29.776427","1",NULL
"6728","2018-05-15T18:04:11.164Z","30.463788","4",NULL
"6729","2018-05-15T18:04:36.753Z","28.476743","2",NULL
"6730","2018-05-15T18:04:10.468Z","32.902339","3",NULL
"6731","2018-05-15T18:04:11.654Z","31.941536","4",NULL
"6732","2018-05-15T18:02:36.239Z","30.614602","5",NULL
"6733","2018-05-15T18:04:38.576Z","30.318094","1",NULL
"6734","2018-05-15T18:02:36.223Z","29.665269","6",NULL
"6735","2018-05-15T18:04:37.084Z","29.908027","2",NULL
"6736","2018-05-15T18:04:10.929Z","32.470156","3",NULL
"6737","2018-05-15T18:04:11.656Z","31.908156","4",NULL
"6738","2018-05-15T18:02:36.249Z","30.614602","5",NULL
"6739","2018-05-15T18:04:38.795Z","31.943094","1",NULL
"6740","2018-05-15T18:02:36.245Z","29.665269","6",NULL
"6741","2018-05-15T18:04:37.132Z","29.782213","2",NULL
"6742","2018-05-15T18:04:11.147Z","32.213121","3",NULL
"6743","2018-05-15T18:04:11.745Z","31.873042","4",NULL
"6744","2018-05-15T18:02:36.270Z","30.614602","5",NULL
"6745","2018-05-15T18:04:38.831Z","32.318094","1",NULL
"6746","2018-05-15T18:02:36.250Z","29.665269","6",NULL
"6747","2018-05-15T18:04:37.532Z","29.710094","2",NULL
"6748","2018-05-15T18:04:11.631Z","31.728203","3",NULL
"6749","2018-05-15T18:02:36.338Z","32.614602","5",NULL
"6750","2018-05-15T18:02:36.262Z","31.627935","6",NULL
"6751","2018-05-15T18:04:39.764Z","32.318094","1",NULL
"6752","2018-05-15T18:04:11.901Z","31.656888","4",NULL
"6753","2018-05-15T18:04:37.909Z","29.710094","2",NULL
"6754","2018-05-15T18:04:11.726Z","31.784709","3",NULL
"6755","2018-05-15T18:02:36.470Z","32.614602","5",NULL
"6756","2018-05-15T18:04:40.063Z","32.318094","1",NULL
"6757","2018-05-15T18:04:11.946Z","31.603123","4",NULL
"6758","2018-05-15T18:02:36.271Z","31.627935","6",NULL
"6759","2018-05-15T18:02:38.518Z","32.614602","5",NULL
"6760","2018-05-15T18:04:37.947Z","29.710094","2",NULL
"6761","2018-05-15T18:04:11.899Z","32.485222","3",NULL
"6762","2018-05-15T18:02:36.472Z","31.627935","6",NULL
"6763","2018-05-15T18:04:40.487Z","34.318094","1",NULL
"6764","2018-05-15T18:04:12.274Z","31.266994","4",NULL
"6765","2018-05-15T18:02:40.224Z","32.389814","5",NULL
"6766","2018-05-15T18:04:38.333Z","31.672761","2",NULL
"6767","2018-05-15T18:04:11.935Z","33.38979","3",NULL
"6768","2018-05-15T18:04:40.523Z","34.318094","1",NULL
"6769","2018-05-15T18:04:12.464Z","31.163352","4",NULL
"6770","2018-05-15T18:02:38.421Z","33.590602","6",NULL
"6771","2018-05-15T18:04:11.952Z","33.372957","3",NULL
"6772","2018-05-15T18:04:38.359Z","31.672761","2",NULL
"6773","2018-05-15T18:02:40.739Z","31.908181","5",NULL
"6774","2018-05-15T18:04:41.328Z","34.317285","1",NULL
"6775","2018-05-15T18:02:38.521Z","33.590602","6",NULL
"6776","2018-05-15T18:04:12.932Z","30.668897","4",NULL
"6777","2018-05-15T18:04:12.270Z","33.053661","3",NULL
"6778","2018-05-15T18:02:41.076Z","31.529869","5",NULL
"6779","2018-05-15T18:04:38.546Z","31.672761","2",NULL
"6780","2018-05-15T18:04:41.775Z","33.9691","1",NULL
"6781","2018-05-15T18:02:40.241Z","33.365814","6",NULL
"6782","2018-05-15T18:04:13.369Z","30.166787","4",NULL
"6783","2018-05-15T18:04:12.409Z","32.950019","3",NULL
"6784","2018-05-15T18:04:38.804Z","31.672761","2",NULL
"6785","2018-05-15T18:02:41.404Z","31.210051","5",NULL
"6786","2018-05-15T18:04:42.136Z","33.671011","1",NULL
"6787","2018-05-15T18:04:13.523Z","30.119325","4",NULL
"6788","2018-05-15T18:02:40.801Z","32.884181","6",NULL
"6789","2018-05-15T18:04:39.834Z","33.635427","2",NULL
"6790","2018-05-15T18:04:12.870Z","32.455564","3",NULL
"6791","2018-05-15T18:02:41.914Z","30.714283","5",NULL
"6792","2018-05-15T18:04:14.041Z","30.119325","4",NULL
"6793","2018-05-15T18:04:42.540Z","33.218381","1",NULL
"6794","2018-05-15T18:02:41.079Z","32.505869","6",NULL
"6795","2018-05-15T18:04:13.367Z","31.953454","3",NULL
"6796","2018-05-15T18:04:39.875Z","33.635427","2",NULL
"6797","2018-05-15T18:02:42.302Z","30.263875","5",NULL
"6798","2018-05-15T18:02:41.453Z","32.186051","6",NULL
"6799","2018-05-15T18:04:14.140Z","32.081992","4",NULL
"6800","2018-05-15T18:04:42.779Z","32.966781","1",NULL
"6801","2018-05-15T18:04:13.454Z","31.905992","3",NULL
"6802","2018-05-15T18:02:42.958Z","29.650791","5",NULL
"6803","2018-05-15T18:04:40.076Z","33.635427","2",NULL
"6804","2018-05-15T18:02:41.941Z","31.690283","6",NULL
"6805","2018-05-15T18:04:43.225Z","32.483122","1",NULL
"6806","2018-05-15T18:04:14.472Z","32.081992","4",NULL
"6807","2018-05-15T18:04:14.025Z","31.905992","3",NULL
"6808","2018-05-15T18:04:40.563Z","33.635427","2",NULL
"6809","2018-05-15T18:02:43.275Z","29.40369","5",NULL
"6810","2018-05-15T18:02:42.332Z","31.239875","6",NULL
"6811","2018-05-15T18:04:14.493Z","34.044659","4",NULL
"6812","2018-05-15T18:04:43.511Z","32.226047","1",NULL
"6813","2018-05-15T18:04:41.347Z","33.634618","2",NULL
"6814","2018-05-15T18:02:43.285Z","29.297304","5",NULL
"6815","2018-05-15T18:04:14.470Z","31.905992","3",NULL
"6816","2018-05-15T18:04:14.582Z","34.044659","4",NULL
"6817","2018-05-15T18:02:42.959Z","30.626791","6",NULL
"6818","2018-05-15T18:04:44.004Z","31.731817","1",NULL
"6819","2018-05-15T18:04:41.788Z","33.286433","2",NULL
"6820","2018-05-15T18:04:14.489Z","33.322659","3",NULL
"6821","2018-05-15T18:02:43.408Z","29.933268","5",NULL
"6822","2018-05-15T18:04:14.727Z","34.044659","4",NULL
"6823","2018-05-15T18:02:43.108Z","32.42969","6",NULL
"6824","2018-05-15T18:04:45.380Z","30.755017","1",NULL
"6825","2018-05-15T18:04:42.185Z","32.988344","2",NULL
"6826","2018-05-15T18:04:14.519Z","33.905992","3",NULL
"6827","2018-05-15T18:02:43.437Z","31.148718","5",NULL
"6828","2018-05-15T18:04:46.207Z","29.697323","1",NULL
"6829","2018-05-15T18:02:43.279Z","32.342357","6",NULL
"6830","2018-05-15T18:04:16.395Z","33.967579","4",NULL
"6831","2018-05-15T18:04:42.600Z","32.535714","2",NULL
"6832","2018-05-15T18:02:43.474Z","31.108193","5",NULL
"6833","2018-05-15T18:04:14.722Z","33.905992","3",NULL
"6834","2018-05-15T18:04:16.878Z","33.472057","4",NULL
"6835","2018-05-15T18:04:46.502Z","29.697323","1",NULL
"6836","2018-05-15T18:02:43.287Z","32.235971","6",NULL
"6837","2018-05-15T18:04:42.800Z","32.284114","2",NULL
"6838","2018-05-15T18:04:16.393Z","33.828912","3",NULL
"6839","2018-05-15T18:02:43.903Z","30.790039","5",NULL
"6840","2018-05-15T18:02:43.413Z","32.121935","6",NULL
"6841","2018-05-15T18:04:46.516Z","29.697323","1",NULL
"6842","2018-05-15T18:04:17.218Z","33.222108","4",NULL
"6843","2018-05-15T18:02:44.296Z","30.290243","5",NULL
"6844","2018-05-15T18:04:16.877Z","33.33339","3",NULL
"6845","2018-05-15T18:04:43.229Z","31.800455","2",NULL
"6846","2018-05-15T18:02:44.392Z","30.193697","5",NULL
"6847","2018-05-15T18:04:17.406Z","32.972044","4",NULL
"6848","2018-05-15T18:02:43.525Z","32.04686","6",NULL
"6849","2018-05-15T18:04:46.551Z","30.11399","1",NULL
"6850","2018-05-15T18:04:17.126Z","33.083441","3",NULL
"6851","2018-05-15T18:04:43.523Z","31.54338","2",NULL
"6852","2018-05-15T18:04:17.630Z","32.722017","4",NULL
"6853","2018-05-15T18:02:43.917Z","31.728706","6",NULL
"6854","2018-05-15T18:04:46.696Z","31.697323","1",NULL
"6855","2018-05-15T18:02:44.810Z","30.193697","5",NULL
"6856","2018-05-15T18:04:17.391Z","32.833377","3",NULL
"6857","2018-05-15T18:04:44.059Z","31.04915","2",NULL
"6858","2018-05-15T18:02:44.298Z","31.22891","6",NULL
"6859","2018-05-15T18:04:17.885Z","32.472289","4",NULL
"6860","2018-05-15T18:04:47.234Z","31.697323","1",NULL
"6861","2018-05-15T18:02:46.236Z","30.193697","5",NULL
"6862","2018-05-15T18:04:17.628Z","32.58335","3",NULL
"6863","2018-05-15T18:04:45.385Z","30.07235","2",NULL
"6864","2018-05-15T18:04:18.378Z","31.972348","4",NULL
"6865","2018-05-15T18:04:48.129Z","33.697323","1",NULL
"6866","2018-05-15T18:02:44.395Z","31.132364","6",NULL
"6867","2018-05-15T18:02:46.841Z","30.774015","5",NULL
"6868","2018-05-15T18:04:46.295Z","29.014656","2",NULL
"6869","2018-05-15T18:04:17.877Z","32.333622","3",NULL
"6870","2018-05-15T18:04:48.210Z","33.697323","1",NULL
"6871","2018-05-15T18:02:44.824Z","31.132364","6",NULL
"6872","2018-05-15T18:02:46.929Z","30.692632","5",NULL
"6873","2018-05-15T18:04:19.096Z","31.316499","4",NULL
"6874","2018-05-15T18:04:46.333Z","30.977323","2",NULL
"6875","2018-05-15T18:04:18.376Z","31.833681","3",NULL
"6876","2018-05-15T18:04:19.705Z","32.602153","4",NULL
"6877","2018-05-15T18:02:46.243Z","31.132364","6",NULL
"6878","2018-05-15T18:02:47.153Z","30.268197","5",NULL
"6879","2018-05-15T18:04:48.975Z","33.587638","1",NULL
"6880","2018-05-15T18:04:46.505Z","30.977323","2",NULL
"6881","2018-05-15T18:04:19.070Z","31.177832","3",NULL
"6882","2018-05-15T18:04:49.690Z","32.881136","1",NULL
"6883","2018-05-15T18:02:46.893Z","30.879349","6",NULL
"6884","2018-05-15T18:04:19.925Z","32.572043","4",NULL
"6885","2018-05-15T18:02:47.193Z","30.229242","5",NULL
"6886","2018-05-15T18:04:19.916Z","30.47071","3",NULL
"6887","2018-05-15T18:04:46.519Z","30.977323","2",NULL
"6888","2018-05-15T18:02:47.028Z","30.797966","6",NULL
"6889","2018-05-15T18:04:50.258Z","32.322124","1",NULL
"6890","2018-05-15T18:02:47.296Z","30.350167","5",NULL
"6891","2018-05-15T18:04:20.015Z","32.308594","4",NULL
"6892","2018-05-15T18:04:46.576Z","30.977323","2",NULL
"6893","2018-05-15T18:04:20.009Z","30.207261","3",NULL
"6894","2018-05-15T18:02:47.161Z","30.248531","6",NULL
"6895","2018-05-15T18:04:20.022Z","32.306742","4",NULL
"6896","2018-05-15T18:02:47.593Z","30.805876","5",NULL
"6897","2018-05-15T18:04:50.281Z","32.320284","1",NULL
"6898","2018-05-15T18:04:47.236Z","30.977323","2",NULL
"6899","2018-05-15T18:04:20.020Z","30.205409","3",NULL
"6900","2018-05-15T18:02:47.220Z","30.209576","6",NULL
"6901","2018-05-15T18:04:20.028Z","32.279384","4",NULL
"6902","2018-05-15T18:02:48.590Z","29.849003","5",NULL
"6903","2018-05-15T18:04:50.636Z","32.063943","1",NULL
"6904","2018-05-15T18:04:48.216Z","30.977323","2",NULL
"6905","2018-05-15T18:04:20.026Z","30.511384","3",NULL
"6906","2018-05-15T18:02:47.347Z","30.080501","6",NULL
"6907","2018-05-15T18:04:48.978Z","30.867638","2",NULL
"6908","2018-05-15T18:04:50.749Z","31.967882","1",NULL
"6909","2018-05-15T18:04:20.307Z","32.182944","4",NULL
"6910","2018-05-15T18:02:48.780Z","29.781335","5",NULL
"6911","2018-05-15T18:04:20.085Z","32.119216","3",NULL
"6912","2018-05-15T18:02:47.683Z","29.827876","6",NULL
"6913","2018-05-15T18:04:50.855Z","33.129916","1",NULL
"6914","2018-05-15T18:04:49.699Z","30.161136","2",NULL
"6915","2018-05-15T18:02:48.873Z","29.755737","5",NULL
"6916","2018-05-15T18:04:20.485Z","31.918394","4",NULL
"6917","2018-05-15T18:04:20.126Z","32.081611","3",NULL
"6918","2018-05-15T18:04:50.876Z","33.128605","1",NULL
"6919","2018-05-15T18:04:20.588Z","31.889071","4",NULL
"6920","2018-05-15T18:02:49.764Z","28.876894","5",NULL
"6921","2018-05-15T18:04:49.776Z","32.02878","2",NULL
"6922","2018-05-15T18:02:48.848Z","28.720002","6",NULL
"6923","2018-05-15T18:04:20.454Z","31.817061","3",NULL
"6924","2018-05-15T18:04:50.913Z","33.653998","1",NULL
"6925","2018-05-15T18:02:49.845Z","28.870399","5",NULL
"6926","2018-05-15T18:04:20.800Z","31.628079","4",NULL
"6927","2018-05-15T18:04:50.264Z","31.564791","2",NULL
"6928","2018-05-15T18:02:48.898Z","28.694404","6",NULL
"6929","2018-05-15T18:04:20.513Z","31.787738","3",NULL
"6930","2018-05-15T18:04:51.010Z","33.550779","1",NULL
"6931","2018-05-15T18:04:21.250Z","31.213277","4",NULL
"6932","2018-05-15T18:02:50.073Z","28.997971","5",NULL
"6933","2018-05-15T18:04:50.331Z","31.562951","2",NULL
"6934","2018-05-15T18:02:49.769Z","29.778227","6",NULL
"6935","2018-05-15T18:04:20.754Z","31.526746","3",NULL
"6936","2018-05-15T18:02:50.339Z","29.262808","5",NULL
"6937","2018-05-15T18:04:22.688Z","30.292171","4",NULL
"6938","2018-05-15T18:04:51.238Z","33.330617","1",NULL
"6939","2018-05-15T18:04:50.736Z","31.30661","2",NULL
"6940","2018-05-15T18:02:49.889Z","29.771732","6",NULL
"6941","2018-05-15T18:04:21.156Z","31.111944","3",NULL
"6942","2018-05-15T18:02:50.378Z","29.142966","5",NULL
"6943","2018-05-15T18:04:22.706Z","30.292171","4",NULL
"6944","2018-05-15T18:04:50.762Z","31.210549","2",NULL
"6945","2018-05-15T18:02:49.922Z","29.573317","6",NULL
"6946","2018-05-15T18:04:51.740Z","32.838579","1",NULL
"6947","2018-05-15T18:04:22.665Z","30.190838","3",NULL
"6948","2018-05-15T18:02:50.522Z","29.266493","5",NULL
"6949","2018-05-15T18:04:50.874Z","30.955916","2",NULL
"6950","2018-05-15T18:02:50.119Z","29.274304","6",NULL
"6951","2018-05-15T18:04:52.264Z","32.325718","1",NULL
"6952","2018-05-15T18:04:23.311Z","30.292171","4",NULL
"6953","2018-05-15T18:04:22.691Z","30.190838","3",NULL
"6954","2018-05-15T18:04:23.485Z","30.292171","4",NULL
"6955","2018-05-15T18:04:52.411Z","32.150224","1",NULL
"6956","2018-05-15T18:02:50.527Z","29.243479","5",NULL
"6957","2018-05-15T18:04:50.882Z","30.954605","2",NULL
"6958","2018-05-15T18:02:50.376Z","29.164141","6",NULL
"6959","2018-05-15T18:04:23.308Z","30.190838","3",NULL
"6960","2018-05-15T18:04:52.475Z","32.089425","1",NULL
"6961","2018-05-15T18:04:25.111Z","31.778416","4",NULL
"6962","2018-05-15T18:02:50.557Z","29.549537","5",NULL
"6963","2018-05-15T18:04:51.019Z","30.793446","2",NULL
"6964","2018-05-15T18:02:50.381Z","29.044299","6",NULL
"6965","2018-05-15T18:04:23.397Z","32.190838","3",NULL
"6966","2018-05-15T18:04:25.275Z","31.71395","4",NULL
"6967","2018-05-15T18:02:50.632Z","29.805373","5",NULL
"6968","2018-05-15T18:02:50.525Z","30.838826","6",NULL
"6969","2018-05-15T18:04:52.729Z","31.839569","1",NULL
"6970","2018-05-15T18:04:51.313Z","30.573284","2",NULL
"6971","2018-05-15T18:04:25.313Z","31.706838","4",NULL
"6972","2018-05-15T18:04:23.483Z","32.190838","3",NULL
"6973","2018-05-15T18:04:52.981Z","31.58375","1",NULL
"6974","2018-05-15T18:02:50.529Z","30.815812","6",NULL
"6975","2018-05-15T18:02:50.930Z","29.69814","5",NULL
"6976","2018-05-15T18:04:51.750Z","30.081246","2",NULL
"6977","2018-05-15T18:04:25.382Z","31.397597","4",NULL
"6978","2018-05-15T18:04:25.051Z","31.714416","3",NULL
"6979","2018-05-15T18:04:53.283Z","31.293081","1",NULL
"6980","2018-05-15T18:02:50.531Z","30.779491","6",NULL
"6981","2018-05-15T18:04:52.282Z","29.568385","2",NULL
"6982","2018-05-15T18:02:50.998Z","29.69814","5",NULL
"6983","2018-05-15T18:04:25.500Z","31.360884","4",NULL
"6984","2018-05-15T18:04:25.203Z","31.64995","3",NULL
"6985","2018-05-15T18:04:53.766Z","30.834029","1",NULL
"6986","2018-05-15T18:02:50.559Z","30.74687","6",NULL
"6987","2018-05-15T18:02:51.187Z","30.656473","5",NULL
"6988","2018-05-15T18:04:52.370Z","31.396537","2",NULL
"6989","2018-05-15T18:04:25.370Z","31.833597","3",NULL
"6990","2018-05-15T18:04:25.632Z","31.330829","4",NULL
"6991","2018-05-15T18:02:50.634Z","32.63204","6",NULL
"6992","2018-05-15T18:04:54.224Z","30.338134","1",NULL
"6993","2018-05-15T18:02:51.409Z","31.69814","5",NULL
"6994","2018-05-15T18:04:52.413Z","31.355557","2",NULL
"6995","2018-05-15T18:04:25.437Z","31.796884","3",NULL
"6996","2018-05-15T18:04:25.875Z","31.028151","4",NULL
"6997","2018-05-15T18:02:50.954Z","32.524807","6",NULL
"6998","2018-05-15T18:04:54.854Z","29.811102","1",NULL
"6999","2018-05-15T18:02:51.845Z","31.906473","5",NULL
"7000","2018-05-15T18:04:52.477Z","31.294758","2",NULL
"7001","2018-05-15T18:02:51.110Z","32.524807","6",NULL
"7002","2018-05-15T18:04:25.542Z","31.766829","3",NULL
"7003","2018-05-15T18:04:25.995Z","31.015486","4",NULL
"7004","2018-05-15T18:04:55.523Z","29.204195","1",NULL
"7005","2018-05-15T18:02:52.487Z","33.281473","5",NULL
"7006","2018-05-15T18:04:52.731Z","31.044902","2",NULL
"7007","2018-05-15T18:02:51.189Z","32.524807","6",NULL
"7008","2018-05-15T18:04:25.844Z","32.214151","3",NULL
"7009","2018-05-15T18:04:26.300Z","30.526999","4",NULL
"7010","2018-05-15T18:04:55.808Z","28.790789","1",NULL
"7011","2018-05-15T18:04:52.982Z","30.789083","2",NULL
"7012","2018-05-15T18:02:52.506Z","33.69814","5",NULL
"7013","2018-05-15T18:04:26.556Z","30.474919","4",NULL
"7014","2018-05-15T18:04:25.942Z","32.201486","3",NULL
"7015","2018-05-15T18:02:51.849Z","32.524807","6",NULL
"7016","2018-05-15T18:04:56.184Z","28.519702","1",NULL
"7017","2018-05-15T18:04:53.398Z","30.498414","2",NULL
"7018","2018-05-15T18:02:52.927Z","33.69814","5",NULL
"7019","2018-05-15T18:04:27.827Z","29.132535","4",NULL
"7020","2018-05-15T18:04:26.279Z","32.462999","3",NULL
"7021","2018-05-15T18:02:52.041Z","34.487473","6",NULL
"7022","2018-05-15T18:04:56.231Z","28.502249","1",NULL
"7023","2018-05-15T18:02:52.967Z","34.564884","5",NULL
"7024","2018-05-15T18:04:53.796Z","30.039362","2",NULL
"7025","2018-05-15T18:04:28.116Z","29.131376","4",NULL
"7026","2018-05-15T18:04:26.304Z","32.410919","3",NULL
"7027","2018-05-15T18:02:52.504Z","34.487473","6",NULL
"7028","2018-05-15T18:04:56.359Z","28.57369","1",NULL
"7029","2018-05-15T18:02:52.975Z","34.563371","5",NULL
"7030","2018-05-15T18:04:54.226Z","29.543467","2",NULL
"7031","2018-05-15T18:04:28.749Z","30.339773","4",NULL
"7032","2018-05-15T18:04:26.723Z","32.404874","3",NULL
"7033","2018-05-15T18:02:52.937Z","34.487473","6",NULL
"7034","2018-05-15T18:04:28.773Z","30.339773","4",NULL
"7035","2018-05-15T18:04:56.461Z","28.537452","1",NULL
"7036","2018-05-15T18:02:53.184Z","35.528991","5",NULL
"7037","2018-05-15T18:04:54.856Z","29.016435","2",NULL
"7038","2018-05-15T18:02:52.971Z","34.479217","6",NULL
"7039","2018-05-15T18:04:27.806Z","31.068535","3",NULL
"7040","2018-05-15T18:04:28.802Z","30.339773","4",NULL
"7041","2018-05-15T18:02:53.470Z","35.299487","5",NULL
"7042","2018-05-15T18:04:56.664Z","28.622774","1",NULL
"7043","2018-05-15T18:04:55.553Z","28.409528","2",NULL
"7044","2018-05-15T18:02:52.982Z","34.477704","6",NULL
"7045","2018-05-15T18:04:28.092Z","31.067376","3",NULL
"7046","2018-05-15T18:04:55.875Z","29.958789","2",NULL
"7047","2018-05-15T18:04:28.840Z","30.339773","4",NULL
"7048","2018-05-15T18:02:53.596Z","35.289984","5",NULL
"7049","2018-05-15T18:04:56.787Z","28.793638","1",NULL
"7050","2018-05-15T18:04:28.721Z","30.313106","3",NULL
"7051","2018-05-15T18:02:53.541Z","34.08882","6",NULL
"7052","2018-05-15T18:04:56.817Z","28.793638","1",NULL
"7053","2018-05-15T18:04:29.431Z","30.339773","4",NULL
"7054","2018-05-15T18:02:53.829Z","34.994279","5",NULL
"7055","2018-05-15T18:04:55.935Z","29.919985","2",NULL
"7056","2018-05-15T18:04:28.764Z","30.313106","3",NULL
"7057","2018-05-15T18:02:53.648Z","34.079317","6",NULL
"7058","2018-05-15T18:04:56.194Z","29.687702","2",NULL
"7059","2018-05-15T18:04:57.697Z","29.918638","1",NULL
"7060","2018-05-15T18:04:29.544Z","32.302439","4",NULL
"7061","2018-05-15T18:02:54.113Z","34.665207","5",NULL
"7062","2018-05-15T18:02:53.865Z","33.783612","6",NULL
"7063","2018-05-15T18:04:28.791Z","30.313106","3",NULL
"7064","2018-05-15T18:04:56.294Z","29.670249","2",NULL
"7065","2018-05-15T18:04:57.799Z","29.918638","1",NULL
"7066","2018-05-15T18:02:54.305Z","34.412647","5",NULL
"7067","2018-05-15T18:04:29.636Z","32.302439","4",NULL
"7068","2018-05-15T18:02:54.136Z","33.45454","6",NULL
"7069","2018-05-15T18:04:29.425Z","30.729773","3",NULL
"7070","2018-05-15T18:02:54.800Z","33.915298","5",NULL
"7071","2018-05-15T18:04:56.459Z","29.408357","2",NULL
"7072","2018-05-15T18:04:29.871Z","32.302439","4",NULL
"7073","2018-05-15T18:04:58.385Z","29.918638","1",NULL
"7074","2018-05-15T18:04:29.532Z","31.646439","3",NULL
"7075","2018-05-15T18:02:54.316Z","33.20198","6",NULL
"7076","2018-05-15T18:02:55.299Z","33.421563","5",NULL
"7077","2018-05-15T18:04:30.288Z","34.265106","4",NULL
"7078","2018-05-15T18:04:58.983Z","30.960305","1",NULL
"7079","2018-05-15T18:04:56.507Z","29.372119","2",NULL
"7080","2018-05-15T18:04:29.675Z","32.313106","3",NULL
"7081","2018-05-15T18:02:55.661Z","33.076437","5",NULL
"7082","2018-05-15T18:02:54.805Z","32.704631","6",NULL
"7083","2018-05-15T18:04:56.685Z","29.165774","2",NULL
"7084","2018-05-15T18:04:59.188Z","31.751971","1",NULL
"7085","2018-05-15T18:04:30.345Z","34.265106","4",NULL
"7086","2018-05-15T18:02:55.402Z","32.210896","6",NULL
"7087","2018-05-15T18:02:56.043Z","32.669169","5",NULL
"7088","2018-05-15T18:04:29.839Z","32.771439","3",NULL
"7089","2018-05-15T18:04:56.798Z","29.086638","2",NULL
"7090","2018-05-15T18:04:30.475Z","34.265106","4",NULL
"7091","2018-05-15T18:04:59.285Z","31.918638","1",NULL
"7092","2018-05-15T18:02:55.673Z","31.86577","6",NULL
"7093","2018-05-15T18:02:56.297Z","32.419517","5",NULL
"7094","2018-05-15T18:04:30.286Z","34.313106","3",NULL
"7095","2018-05-15T18:04:31.469Z","34.265106","4",NULL
"7096","2018-05-15T18:04:56.827Z","29.086638","2",NULL
"7097","2018-05-15T18:04:59.716Z","32.126971","1",NULL
"7098","2018-05-15T18:02:56.796Z","31.920006","5",NULL
"7099","2018-05-15T18:02:56.045Z","31.458502","6",NULL
"7100","2018-05-15T18:04:30.344Z","34.313106","3",NULL
"7101","2018-05-15T18:04:57.734Z","29.086638","2",NULL
"7102","2018-05-15T18:04:59.738Z","33.918638","1",NULL
"7103","2018-05-15T18:04:31.500Z","34.124488","4",NULL
"7104","2018-05-15T18:02:57.046Z","31.666699","5",NULL
"7105","2018-05-15T18:04:30.472Z","34.313106","3",NULL
"7106","2018-05-15T18:02:56.309Z","31.20885","6",NULL
"7107","2018-05-15T18:04:31.528Z","34.087465","4",NULL
"7108","2018-05-15T18:04:58.387Z","31.049305","2",NULL
"7109","2018-05-15T18:04:59.759Z","33.918638","1",NULL
"7110","2018-05-15T18:02:57.305Z","31.417597","5",NULL
"7111","2018-05-15T18:02:56.798Z","30.709339","6",NULL
"7112","2018-05-15T18:04:31.466Z","34.521439","3",NULL
"7113","2018-05-15T18:04:31.892Z","33.745729","4",NULL
"7114","2018-05-15T18:04:58.389Z","31.049305","2",NULL
"7115","2018-05-15T18:05:00.485Z","33.90368","1",NULL
"7116","2018-05-15T18:02:58.278Z","30.54331","5",NULL
"7117","2018-05-15T18:02:57.088Z","30.456032","6",NULL
"7118","2018-05-15T18:04:31.496Z","34.630821","3",NULL
"7119","2018-05-15T18:05:00.979Z","33.500739","1",NULL
"7120","2018-05-15T18:04:59.013Z","31.049305","2",NULL
"7121","2018-05-15T18:04:32.379Z","33.259059","4",NULL
"7122","2018-05-15T18:02:57.320Z","30.20693","6",NULL
"7123","2018-05-15T18:04:31.525Z","36.135465","3",NULL
"7124","2018-05-15T18:02:58.834Z","30.54331","5",NULL
"7125","2018-05-15T18:02:58.288Z","29.332643","6",NULL
"7126","2018-05-15T18:05:01.227Z","33.238756","1",NULL
"7127","2018-05-15T18:04:59.190Z","31.049305","2",NULL
"7128","2018-05-15T18:04:32.640Z","32.999075","4",NULL
"7129","2018-05-15T18:02:58.837Z","30.54331","5",NULL
"7130","2018-05-15T18:04:31.532Z","36.126963","3",NULL
"7131","2018-05-15T18:02:58.836Z","31.29531","6",NULL
"7132","2018-05-15T18:04:33.144Z","32.504159","4",NULL
"7133","2018-05-15T18:05:01.473Z","32.992397","1",NULL
"7134","2018-05-15T18:04:59.718Z","31.049305","2",NULL
"7135","2018-05-15T18:04:31.887Z","35.793729","3",NULL
"7136","2018-05-15T18:02:58.838Z","31.29531","6",NULL
"7137","2018-05-15T18:02:58.941Z","31.459977","5",NULL
"7138","2018-05-15T18:05:01.724Z","32.737313","1",NULL
"7139","2018-05-15T18:04:59.761Z","31.049305","2",NULL
"7140","2018-05-15T18:04:33.421Z","32.242696","4",NULL
"7141","2018-05-15T18:04:32.377Z","35.307059","3",NULL
"7142","2018-05-15T18:02:58.904Z","31.29531","6",NULL
"7143","2018-05-15T18:05:02.234Z","32.362363","1",NULL
"7144","2018-05-15T18:02:58.980Z","32.04331","5",NULL
"7145","2018-05-15T18:05:00.487Z","31.034347","2",NULL
"7146","2018-05-15T18:04:33.992Z","33.673518","4",NULL
"7147","2018-05-15T18:04:32.638Z","35.047075","3",NULL
"7148","2018-05-15T18:02:58.944Z","31.29531","6",NULL
"7149","2018-05-15T18:05:02.489Z","31.988018","1",NULL
"7150","2018-05-15T18:05:00.982Z","30.631406","2",NULL
"7151","2018-05-15T18:04:34.010Z","33.585343","4",NULL
"7152","2018-05-15T18:04:33.134Z","34.552159","3",NULL
"7153","2018-05-15T18:05:02.976Z","31.487974","1",NULL
"7154","2018-05-15T18:05:01.229Z","30.369423","2",NULL
"7155","2018-05-15T18:04:33.418Z","34.290696","3",NULL
"7156","2018-05-15T18:04:34.119Z","33.5219","4",NULL
"7157","2018-05-15T18:05:03.473Z","30.988","1",NULL
"7158","2018-05-15T18:02:58.983Z","33.257977","6",NULL
"7159","2018-05-15T18:04:33.967Z","33.758851","3",NULL
"7160","2018-05-15T18:02:59.044Z","32.54331","5",NULL
"7161","2018-05-15T18:05:01.485Z","30.123064","2",NULL
"7162","2018-05-15T18:04:34.275Z","33.348128","4",NULL
"7163","2018-05-15T18:04:34.074Z","33.607233","3",NULL
"7164","2018-05-15T18:05:03.724Z","30.737604","1",NULL
"7165","2018-05-15T18:02:59.218Z","32.54331","5",NULL
"7166","2018-05-15T18:05:01.727Z","29.86798","2",NULL
"7167","2018-05-15T18:02:58.985Z","33.257977","6",NULL
"7168","2018-05-15T18:05:04.227Z","30.235348","1",NULL
"7169","2018-05-15T18:04:34.636Z","32.972284","4",NULL
"7170","2018-05-15T18:05:02.244Z","29.49303","2",NULL
"7171","2018-05-15T18:04:34.257Z","33.433461","3",NULL
"7172","2018-05-15T18:03:00.395Z","32.454365","5",NULL
"7173","2018-05-15T18:04:34.887Z","32.71459","4",NULL
"7174","2018-05-15T18:05:05.522Z","29.035778","1",NULL
"7175","2018-05-15T18:05:02.503Z","29.118685","2",NULL
"7176","2018-05-15T18:02:59.221Z","33.257977","6",NULL
"7177","2018-05-15T18:03:00.964Z","31.942568","5",NULL
"7178","2018-05-15T18:04:34.632Z","33.057617","3",NULL
"7179","2018-05-15T18:05:02.978Z","28.618641","2",NULL
"7180","2018-05-15T18:04:35.385Z","32.225037","4",NULL
"7181","2018-05-15T18:04:34.886Z","32.799923","3",NULL
"7182","2018-05-15T18:03:01.499Z","31.488357","5",NULL
"7183","2018-05-15T18:03:00.409Z","33.169032","6",NULL
"7184","2018-05-15T18:05:06.000Z","28.584977","1",NULL
"7185","2018-05-15T18:05:03.477Z","28.118667","2",NULL
"7186","2018-05-15T18:03:01.551Z","31.40032","5",NULL
"7187","2018-05-15T18:03:01.027Z","32.657235","6",NULL
"7188","2018-05-15T18:04:35.375Z","32.31037","3",NULL
"7189","2018-05-15T18:04:35.631Z","32.054412","3",NULL
"7190","2018-05-15T18:04:35.641Z","31.969079","4",NULL
"7191","2018-05-15T18:03:01.528Z","32.203024","6",NULL
"7192","2018-05-15T18:05:06.394Z","28.438729","1",NULL
"7193","2018-05-15T18:05:03.726Z","27.868271","2",NULL
"7194","2018-05-15T18:03:01.710Z","31.80883","5",NULL
"7195","2018-05-15T18:04:37.328Z","30.554557","3",NULL
"7196","2018-05-15T18:04:37.334Z","30.469224","4",NULL
"7197","2018-05-15T18:05:06.478Z","28.438729","1",NULL
"7198","2018-05-15T18:03:01.590Z","32.114987","6",NULL
"7199","2018-05-15T18:05:04.229Z","27.366015","2",NULL
"7200","2018-05-15T18:03:01.859Z","32.422454","5",NULL
"7201","2018-05-15T18:04:37.374Z","30.469224","4",NULL
"7202","2018-05-15T18:04:37.369Z","30.554557","3",NULL
"7203","2018-05-15T18:05:06.798Z","29.063729","1",NULL
"7204","2018-05-15T18:03:01.730Z","31.940164","6",NULL
"7205","2018-05-15T18:05:05.549Z","26.166445","2",NULL
"7206","2018-05-15T18:03:01.880Z","32.37961","5",NULL
"7207","2018-05-15T18:04:37.547Z","32.43189","4",NULL
"7208","2018-05-15T18:04:37.789Z","30.554557","3",NULL
"7209","2018-05-15T18:05:07.902Z","29.730396","1",NULL
"7210","2018-05-15T18:05:06.016Z","27.67831","2",NULL
"7211","2018-05-15T18:03:01.867Z","31.762121","6",NULL
"7212","2018-05-15T18:03:01.945Z","32.874706","5",NULL
"7213","2018-05-15T18:04:37.897Z","31.13789","3",NULL
"7214","2018-05-15T18:04:37.825Z","32.43189","4",NULL
"7215","2018-05-15T18:05:08.230Z","29.980396","1",NULL
"7216","2018-05-15T18:03:02.017Z","32.803155","5",NULL
"7217","2018-05-15T18:05:06.029Z","27.556114","2",NULL
"7218","2018-05-15T18:03:01.897Z","31.719277","6",NULL
"7219","2018-05-15T18:04:38.086Z","32.554557","3",NULL
"7220","2018-05-15T18:04:37.928Z","32.43189","4",NULL
"7221","2018-05-15T18:05:06.236Z","29.494729","2",NULL
"7222","2018-05-15T18:05:08.301Z","30.27172","1",NULL
"7223","2018-05-15T18:03:02.019Z","31.517822","6",NULL
"7224","2018-05-15T18:03:02.084Z","32.76556","5",NULL
"7225","2018-05-15T18:04:38.167Z","32.554557","3",NULL
"7226","2018-05-15T18:04:38.169Z","32.43189","4",NULL
"7227","2018-05-15T18:05:08.307Z","30.257896","1",NULL
"7228","2018-05-15T18:03:02.748Z","32.077347","5",NULL
"7229","2018-05-15T18:03:02.131Z","31.480227","6",NULL
"7230","2018-05-15T18:05:06.398Z","29.494729","2",NULL
"7231","2018-05-15T18:04:39.574Z","32.212413","3",NULL
"7232","2018-05-15T18:04:39.584Z","32.089746","4",NULL
"7233","2018-05-15T18:03:02.750Z","30.792014","6",NULL
"7234","2018-05-15T18:05:08.314Z","30.244283","1",NULL
"7235","2018-05-15T18:03:03.057Z","31.777856","5",NULL
"7236","2018-05-15T18:05:06.495Z","29.494729","2",NULL
"7237","2018-05-15T18:04:39.831Z","31.552923","3",NULL
"7238","2018-05-15T18:04:39.840Z","31.430256","4",NULL
"7239","2018-05-15T18:03:02.793Z","32.702578","6",NULL
"7240","2018-05-15T18:05:08.795Z","31.764111","1",NULL
"7241","2018-05-15T18:05:06.812Z","29.494729","2",NULL
"7242","2018-05-15T18:03:03.094Z","31.724142","5",NULL
"7243","2018-05-15T18:04:39.930Z","31.373579","3",NULL
"7244","2018-05-15T18:04:39.958Z","33.213579","4",NULL
"7245","2018-05-15T18:03:03.090Z","32.455189","6",NULL
"7246","2018-05-15T18:03:03.297Z","31.526538","5",NULL
"7247","2018-05-15T18:05:09.165Z","31.564115","1",NULL
"7248","2018-05-15T18:05:07.905Z","29.494729","2",NULL
"7249","2018-05-15T18:04:40.048Z","33.192282","4",NULL
"7250","2018-05-15T18:04:40.095Z","31.564413","3",NULL
"7251","2018-05-15T18:03:03.116Z","32.401475","6",NULL
"7252","2018-05-15T18:05:08.258Z","29.494729","2",NULL
"7253","2018-05-15T18:05:09.291Z","31.468271","1",NULL
"7254","2018-05-15T18:03:03.795Z","31.027495","5",NULL
"7255","2018-05-15T18:04:40.352Z","32.868901","3",NULL
"7256","2018-05-15T18:04:40.152Z","33.029413","4",NULL
"7257","2018-05-15T18:05:08.304Z","31.290387","2",NULL
"7258","2018-05-15T18:03:03.318Z","32.203871","6",NULL
"7259","2018-05-15T18:05:09.625Z","31.051557","1",NULL
"7260","2018-05-15T18:03:04.042Z","30.777986","5",NULL
"7261","2018-05-15T18:05:08.309Z","31.276563","2",NULL
"7262","2018-05-15T18:04:40.473Z","32.811744","3",NULL
"7263","2018-05-15T18:04:40.355Z","32.875568","4",NULL
"7264","2018-05-15T18:03:03.797Z","31.704828","6",NULL
"7265","2018-05-15T18:03:04.330Z","30.525487","5",NULL
"7266","2018-05-15T18:05:09.757Z","30.855621","1",NULL
"7267","2018-05-15T18:03:04.044Z","31.455319","6",NULL
"7268","2018-05-15T18:05:08.316Z","31.26295","2",NULL
"7269","2018-05-15T18:04:40.597Z","32.74792","3",NULL
"7270","2018-05-15T18:04:40.600Z","32.58792","4",NULL
"7271","2018-05-15T18:05:10.233Z","30.505543","1",NULL
"7272","2018-05-15T18:03:04.793Z","30.029871","5",NULL
"7273","2018-05-15T18:03:04.356Z","31.20282","6",NULL
"7274","2018-05-15T18:04:40.659Z","32.652382","3",NULL
"7275","2018-05-15T18:04:40.661Z","32.492382","4",NULL
"7276","2018-05-15T18:05:09.214Z","30.582782","2",NULL
"7277","2018-05-15T18:03:04.795Z","30.707204","6",NULL
"7278","2018-05-15T18:05:10.661Z","30.178389","1",NULL
"7279","2018-05-15T18:03:05.573Z","29.397457","5",NULL
"7280","2018-05-15T18:03:05.576Z","30.07479","6",NULL
"7281","2018-05-15T18:05:09.357Z","30.486938","2",NULL
"7282","2018-05-15T18:04:41.238Z","31.911292","4",NULL
"7283","2018-05-15T18:04:41.231Z","32.071292","3",NULL
"7284","2018-05-15T18:03:05.747Z","31.722825","6",NULL
"7285","2018-05-15T18:03:05.744Z","29.082825","5",NULL
"7286","2018-05-15T18:05:10.777Z","30.17729","1",NULL
"7287","2018-05-15T18:04:41.640Z","31.666172","3",NULL
"7288","2018-05-15T18:05:09.636Z","30.070224","2",NULL
"7289","2018-05-15T18:04:41.388Z","33.704024","4",NULL
"7290","2018-05-15T18:04:41.723Z","31.571364","3",NULL
"7291","2018-05-15T18:03:05.750Z","31.715701","6",NULL
"7292","2018-05-15T18:03:05.985Z","30.888282","5",NULL
"7293","2018-05-15T18:05:10.904Z","30.107471","1",NULL
"7294","2018-05-15T18:05:09.762Z","29.874288","2",NULL
"7295","2018-05-15T18:04:41.667Z","33.468839","4",NULL
"7296","2018-05-15T18:05:10.971Z","30.321272","1",NULL
"7297","2018-05-15T18:04:42.165Z","31.151923","3",NULL
"7298","2018-05-15T18:03:06.493Z","31.072774","6",NULL
"7299","2018-05-15T18:03:06.472Z","30.432774","5",NULL
"7300","2018-05-15T18:05:10.494Z","29.52421","2",NULL
"7301","2018-05-15T18:04:41.729Z","33.374031","4",NULL
"7302","2018-05-15T18:04:42.420Z","30.896037","3",NULL
"7303","2018-05-15T18:03:06.587Z","31.049134","6",NULL
"7304","2018-05-15T18:05:11.078Z","30.706546","1",NULL
"7305","2018-05-15T18:03:06.518Z","30.409134","5",NULL
"7306","2018-05-15T18:05:10.677Z","28.988723","2",NULL
"7307","2018-05-15T18:04:42.176Z","32.95459","4",NULL
"7308","2018-05-15T18:03:06.988Z","30.616864","6",NULL
"7309","2018-05-15T18:05:11.212Z","31.334372","1",NULL
"7310","2018-05-15T18:04:42.678Z","30.624066","3",NULL
"7311","2018-05-15T18:03:06.986Z","30.268531","5",NULL
"7312","2018-05-15T18:04:42.429Z","32.698704","4",NULL
"7313","2018-05-15T18:05:10.796Z","28.987624","2",NULL
"7314","2018-05-15T18:03:07.020Z","30.189332","5",NULL
"7315","2018-05-15T18:05:11.370Z","31.221073","1",NULL
"7316","2018-05-15T18:04:43.128Z","30.164129","3",NULL
"7317","2018-05-15T18:03:07.096Z","30.537665","6",NULL
"7318","2018-05-15T18:04:42.685Z","32.426733","4",NULL
"7319","2018-05-15T18:05:10.908Z","28.667805","2",NULL
"7320","2018-05-15T18:03:07.241Z","30.355596","5",NULL
"7321","2018-05-15T18:05:11.429Z","31.171051","1",NULL
"7322","2018-05-15T18:04:44.311Z","28.988649","3",NULL
"7323","2018-05-15T18:03:07.245Z","30.287263","6",NULL
"7324","2018-05-15T18:04:43.146Z","31.966796","4",NULL
"7325","2018-05-15T18:05:10.977Z","28.631606","2",NULL
"7326","2018-05-15T18:05:11.738Z","30.805588","1",NULL
"7327","2018-05-15T18:03:07.272Z","30.266796","6",NULL
"7328","2018-05-15T18:04:44.472Z","30.808899","3",NULL
"7329","2018-05-15T18:03:07.269Z","30.335129","5",NULL
"7330","2018-05-15T18:04:44.320Z","30.791316","4",NULL
"7331","2018-05-15T18:05:11.094Z","28.51688","2",NULL
"7332","2018-05-15T18:04:44.481Z","30.796503","3",NULL
"7333","2018-05-15T18:03:07.359Z","30.142286","6",NULL
"7334","2018-05-15T18:05:12.092Z","30.520224","1",NULL
"7335","2018-05-15T18:03:07.356Z","30.835619","5",NULL
"7336","2018-05-15T18:05:11.426Z","28.23974","2",NULL
"7337","2018-05-15T18:04:44.384Z","32.659022","4",NULL
"7338","2018-05-15T18:05:11.430Z","28.189718","2",NULL
"7339","2018-05-15T18:03:07.634Z","31.256063","5",NULL
"7340","2018-05-15T18:04:44.946Z","30.406276","3",NULL
"7341","2018-05-15T18:03:07.656Z","29.896063","6",NULL
"7342","2018-05-15T18:05:12.540Z","30.126887","1",NULL
"7343","2018-05-15T18:04:44.475Z","32.574232","4",NULL
"7344","2018-05-15T18:04:45.112Z","30.393049","3",NULL
"7345","2018-05-15T18:05:12.895Z","29.713878","1",NULL
"7346","2018-05-15T18:03:08.090Z","29.411499","6",NULL
"7347","2018-05-15T18:03:08.039Z","30.795012","5",NULL
"7348","2018-05-15T18:05:11.741Z","27.824255","2",NULL
"7349","2018-05-15T18:04:45.109Z","32.171609","4",NULL
"7350","2018-05-15T18:05:12.966Z","29.713878","1",NULL
"7351","2018-05-15T18:03:08.104Z","29.410529","6",NULL
"7352","2018-05-15T18:03:08.088Z","30.771499","5",NULL
"7353","2018-05-15T18:04:45.434Z","31.136571","3",NULL
"7354","2018-05-15T18:05:12.094Z","27.538891","2",NULL
"7355","2018-05-15T18:04:45.164Z","32.158382","4",NULL
"7356","2018-05-15T18:03:08.384Z","31.029235","6",NULL
"7357","2018-05-15T18:03:08.103Z","30.770529","5",NULL
"7358","2018-05-15T18:05:13.293Z","30.838878","1",NULL
"7359","2018-05-15T18:05:12.548Z","27.145554","2",NULL
"7360","2018-05-15T18:04:45.460Z","31.028147","3",NULL
"7361","2018-05-15T18:04:45.458Z","31.735237","4",NULL
"7362","2018-05-15T18:04:45.658Z","31.294321","3",NULL
"7363","2018-05-15T18:03:08.581Z","30.308265","5",NULL
"7364","2018-05-15T18:05:12.935Z","26.732545","2",NULL
"7365","2018-05-15T18:05:13.323Z","30.838878","1",NULL
"7366","2018-05-15T18:03:08.601Z","30.910932","6",NULL
"7367","2018-05-15T18:04:45.499Z","31.626813","4",NULL
"7368","2018-05-15T18:04:45.715Z","31.260787","3",NULL
"7369","2018-05-15T18:05:13.488Z","31.713878","1",NULL
"7370","2018-05-15T18:05:12.968Z","26.732545","2",NULL
"7371","2018-05-15T18:03:08.611Z","30.286129","5",NULL
"7372","2018-05-15T18:03:08.632Z","30.888796","6",NULL
"7373","2018-05-15T18:04:45.704Z","31.434654","4",NULL
"7374","2018-05-15T18:03:08.717Z","30.723067","6",NULL
"7375","2018-05-15T18:04:45.884Z","31.388953","3",NULL
"7376","2018-05-15T18:03:08.694Z","31.578733","5",NULL
"7377","2018-05-15T18:05:13.517Z","31.713878","1",NULL
"7378","2018-05-15T18:05:13.308Z","26.732545","2",NULL
"7379","2018-05-15T18:04:45.743Z","31.40112","4",NULL
"7380","2018-05-15T18:03:08.941Z","30.604166","6",NULL
"7381","2018-05-15T18:04:45.984Z","31.373589","3",NULL
"7382","2018-05-15T18:05:13.342Z","26.732545","2",NULL
"7383","2018-05-15T18:05:14.230Z","31.68565","1",NULL
"7384","2018-05-15T18:03:08.736Z","32.072675","5",NULL
"7385","2018-05-15T18:04:45.893Z","31.195953","4",NULL
"7386","2018-05-15T18:04:46.083Z","31.263491","3",NULL
"7387","2018-05-15T18:03:08.833Z","32.001499","5",NULL
"7388","2018-05-15T18:05:14.661Z","31.290045","1",NULL
"7389","2018-05-15T18:05:13.515Z","26.732545","2",NULL
"7390","2018-05-15T18:03:09.019Z","30.395285","6",NULL
"7391","2018-05-15T18:04:46.213Z","31.263491","3",NULL
"7392","2018-05-15T18:04:46.086Z","31.028824","4",NULL
"7393","2018-05-15T18:05:14.240Z","26.704317","2",NULL
"7394","2018-05-15T18:03:09.016Z","31.792618","5",NULL
"7395","2018-05-15T18:05:14.975Z","30.978919","1",NULL
"7396","2018-05-15T18:03:09.336Z","30.24398","6",NULL
"7397","2018-05-15T18:04:46.768Z","31.471824","3",NULL
"7398","2018-05-15T18:04:46.217Z","31.028824","4",NULL
"7399","2018-05-15T18:05:14.663Z","26.308712","2",NULL
"7400","2018-05-15T18:03:09.492Z","29.927485","6",NULL
"7401","2018-05-15T18:05:15.474Z","30.481575","1",NULL
"7402","2018-05-15T18:03:09.334Z","31.641313","5",NULL
"7403","2018-05-15T18:04:46.905Z","33.263491","3",NULL
"7404","2018-05-15T18:04:46.572Z","32.991491","4",NULL
"7405","2018-05-15T18:05:14.983Z","25.997586","2",NULL
"7406","2018-05-15T18:03:09.490Z","31.324818","5",NULL
"7407","2018-05-15T18:03:09.797Z","29.618752","6",NULL
"7408","2018-05-15T18:05:15.739Z","30.228408","1",NULL
"7409","2018-05-15T18:04:46.925Z","33.263491","3",NULL
"7410","2018-05-15T18:04:46.771Z","32.991491","4",NULL
"7411","2018-05-15T18:05:15.476Z","25.500242","2",NULL
"7412","2018-05-15T18:05:16.011Z","29.977762","1",NULL
"7413","2018-05-15T18:03:09.795Z","31.016085","5",NULL
"7414","2018-05-15T18:03:10.506Z","28.944548","6",NULL
"7415","2018-05-15T18:04:48.126Z","33.256342","3",NULL
"7416","2018-05-15T18:04:46.954Z","32.991491","4",NULL
"7417","2018-05-15T18:05:15.746Z","25.247075","2",NULL
"7418","2018-05-15T18:03:11.206Z","30.497123","6",NULL
"7419","2018-05-15T18:05:16.289Z","29.680473","1",NULL
"7420","2018-05-15T18:03:10.503Z","30.341881","5",NULL
"7421","2018-05-15T18:04:48.162Z","32.984342","4",NULL
"7422","2018-05-15T18:04:48.673Z","32.809475","3",NULL
"7423","2018-05-15T18:05:16.048Z","24.996429","2",NULL
"7424","2018-05-15T18:05:16.723Z","29.226634","1",NULL
"7425","2018-05-15T18:03:11.335Z","29.93179","5",NULL
"7426","2018-05-15T18:03:11.338Z","30.497123","6",NULL
"7427","2018-05-15T18:04:48.675Z","32.537475","4",NULL
"7428","2018-05-15T18:04:49.133Z","32.320579","3",NULL
"7429","2018-05-15T18:05:16.291Z","24.69914","2",NULL
"7430","2018-05-15T18:05:17.327Z","28.662133","1",NULL
"7431","2018-05-15T18:03:11.358Z","29.93179","5",NULL
"7432","2018-05-15T18:03:11.359Z","30.497123","6",NULL
"7433","2018-05-15T18:04:49.136Z","32.048579","4",NULL
"7434","2018-05-15T18:04:49.626Z","31.824841","3",NULL
"7435","2018-05-15T18:05:16.725Z","24.245301","2",NULL
"7436","2018-05-15T18:03:11.427Z","32.45979","6",NULL
"7437","2018-05-15T18:05:17.508Z","28.527958","1",NULL
"7438","2018-05-15T18:03:11.502Z","30.93179","5",NULL
"7439","2018-05-15T18:04:49.895Z","31.579986","3",NULL
"7440","2018-05-15T18:04:49.654Z","31.552841","4",NULL
"7441","2018-05-15T18:05:17.247Z","25.714972","2",NULL
"7442","2018-05-15T18:03:11.519Z","32.45979","6",NULL
"7443","2018-05-15T18:05:18.127Z","28.137836","1",NULL
"7444","2018-05-15T18:03:11.712Z","31.93179","5",NULL
"7445","2018-05-15T18:04:50.388Z","31.071232","3",NULL
"7446","2018-05-15T18:04:49.938Z","31.307986","4",NULL
"7447","2018-05-15T18:05:17.337Z","25.643466","2",NULL
"7448","2018-05-15T18:03:11.816Z","31.93179","5",NULL
"7449","2018-05-15T18:05:18.526Z","27.682741","1",NULL
"7450","2018-05-15T18:04:50.877Z","30.570525","3",NULL
"7451","2018-05-15T18:03:11.819Z","32.45979","6",NULL
"7452","2018-05-15T18:04:50.426Z","30.799232","4",NULL
"7453","2018-05-15T18:05:18.679Z","28.037833","1",NULL
"7454","2018-05-15T18:03:12.308Z","31.863414","5",NULL
"7455","2018-05-15T18:04:52.217Z","29.261429","3",NULL
"7456","2018-05-15T18:05:17.524Z","27.471958","2",NULL
"7457","2018-05-15T18:03:12.312Z","32.391414","6",NULL
"7458","2018-05-15T18:04:50.879Z","30.298525","4",NULL
"7459","2018-05-15T18:05:18.746Z","28.026447","1",NULL
"7460","2018-05-15T18:04:52.643Z","28.89814","3",NULL
"7461","2018-05-15T18:05:17.592Z","27.382518","2",NULL
"7462","2018-05-15T18:03:13.265Z","31.600466","6",NULL
"7463","2018-05-15T18:03:13.212Z","31.072466","5",NULL
"7464","2018-05-15T18:04:52.223Z","28.989429","4",NULL
"7465","2018-05-15T18:05:19.152Z","28.664865","1",NULL
"7466","2018-05-15T18:04:52.776Z","28.89814","3",NULL
"7467","2018-05-15T18:03:13.790Z","30.496982","5",NULL
"7468","2018-05-15T18:05:18.147Z","27.081836","2",NULL
"7469","2018-05-15T18:03:13.881Z","31.024982","6",NULL
"7470","2018-05-15T18:04:52.527Z","30.625181","4",NULL
"7471","2018-05-15T18:05:19.224Z","28.606868","1",NULL
"7472","2018-05-15T18:03:14.304Z","30.444747","6",NULL
"7473","2018-05-15T18:04:52.976Z","29.64814","3",NULL
"7474","2018-05-15T18:05:18.573Z","26.626741","2",NULL
"7475","2018-05-15T18:03:14.262Z","29.916747","5",NULL
"7476","2018-05-15T18:04:52.758Z","30.588807","4",NULL
"7477","2018-05-15T18:05:19.367Z","28.797512","1",NULL
"7478","2018-05-15T18:04:53.018Z","29.64814","3",NULL
"7479","2018-05-15T18:03:14.536Z","29.829318","5",NULL
"7480","2018-05-15T18:05:18.736Z","26.2735","2",NULL
"7481","2018-05-15T18:03:14.551Z","30.273985","6",NULL
"7482","2018-05-15T18:05:19.455Z","28.5754","1",NULL
"7483","2018-05-15T18:04:52.803Z","30.588807","4",NULL
"7484","2018-05-15T18:04:53.235Z","30.064807","3",NULL
"7485","2018-05-15T18:03:14.804Z","30.217283","6",NULL
"7486","2018-05-15T18:05:18.748Z","26.262114","2",NULL
"7487","2018-05-15T18:03:14.736Z","29.772616","5",NULL
"7488","2018-05-15T18:05:20.359Z","28.221949","1",NULL
"7489","2018-05-15T18:04:53.003Z","32.551473","4",NULL
"7490","2018-05-15T18:04:53.403Z","30.77314","3",NULL
"7491","2018-05-15T18:03:15.260Z","29.498657","5",NULL
"7492","2018-05-15T18:03:15.299Z","29.651657","6",NULL
"7493","2018-05-15T18:05:19.018Z","27.877985","2",NULL
"7494","2018-05-15T18:04:53.025Z","32.551473","4",NULL
"7495","2018-05-15T18:05:20.809Z","28.221949","1",NULL
"7496","2018-05-15T18:04:53.529Z","30.89814","3",NULL
"7497","2018-05-15T18:03:16.392Z","28.62916","5",NULL
"7498","2018-05-15T18:03:16.408Z","28.615493","6",NULL
"7499","2018-05-15T18:05:19.222Z","27.821532","2",NULL
"7500","2018-05-15T18:05:21.377Z","28.805282","1",NULL
"7501","2018-05-15T18:04:53.056Z","32.551473","4",NULL
"7502","2018-05-15T18:05:19.251Z","27.763535","2",NULL
"7503","2018-05-15T18:04:54.135Z","30.89814","3",NULL
"7504","2018-05-15T18:03:16.438Z","28.595094","5",NULL
"7505","2018-05-15T18:03:16.454Z","28.581427","6",NULL
"7506","2018-05-15T18:05:21.774Z","29.596949","1",NULL
"7507","2018-05-15T18:04:53.239Z","32.551473","4",NULL
"7508","2018-05-15T18:03:16.883Z","28.029126","6",NULL
"7509","2018-05-15T18:03:16.854Z","28.834459","5",NULL
"7510","2018-05-15T18:05:19.529Z","27.482067","2",NULL
"7511","2018-05-15T18:04:54.146Z","30.89814","3",NULL
"7512","2018-05-15T18:05:22.251Z","30.221949","1",NULL
"7513","2018-05-15T18:04:53.443Z","32.551473","4",NULL
"7514","2018-05-15T18:05:20.396Z","27.128616","2",NULL
"7515","2018-05-15T18:03:16.926Z","27.875997","6",NULL
"7516","2018-05-15T18:03:16.923Z","28.68133","5",NULL
"7517","2018-05-15T18:04:54.418Z","30.4643","3",NULL
"7518","2018-05-15T18:04:54.141Z","32.551473","4",NULL
"7519","2018-05-15T18:05:22.302Z","30.221949","1",NULL
"7520","2018-05-15T18:05:20.824Z","27.128616","2",NULL
"7521","2018-05-15T18:04:54.442Z","30.463287","3",NULL
"7522","2018-05-15T18:03:17.265Z","29.409365","6",NULL
"7523","2018-05-15T18:03:17.318Z","28.828599","5",NULL
"7524","2018-05-15T18:05:22.534Z","32.221949","1",NULL
"7525","2018-05-15T18:04:54.149Z","32.551473","4",NULL
"7526","2018-05-15T18:05:21.292Z","29.091282","2",NULL
"7527","2018-05-15T18:03:17.399Z","28.816708","5",NULL
"7528","2018-05-15T18:03:17.375Z","29.360933","6",NULL
"7529","2018-05-15T18:04:54.513Z","32.340923","3",NULL
"7530","2018-05-15T18:04:54.229Z","34.254242","4",NULL
"7531","2018-05-15T18:05:22.556Z","32.221949","1",NULL
"7532","2018-05-15T18:05:21.393Z","29.091282","2",NULL
"7533","2018-05-15T18:04:54.616Z","32.238359","3",NULL
"7534","2018-05-15T18:03:17.424Z","29.349042","6",NULL
"7535","2018-05-15T18:03:17.622Z","28.684081","5",NULL
"7536","2018-05-15T18:04:54.434Z","34.0803","4",NULL
"7537","2018-05-15T18:05:22.975Z","32.176083","1",NULL
"7538","2018-05-15T18:03:17.951Z","31.137414","6",NULL
"7539","2018-05-15T18:04:54.452Z","34.079287","4",NULL
"7540","2018-05-15T18:04:54.874Z","31.98391","3",NULL
"7541","2018-05-15T18:03:17.916Z","28.684081","5",NULL
"7542","2018-05-15T18:05:21.638Z","31.053949","2",NULL
"7543","2018-05-15T18:03:18.086Z","31.137414","6",NULL
"7544","2018-05-15T18:05:23.498Z","31.686156","1",NULL
"7545","2018-05-15T18:03:18.062Z","28.684081","5",NULL
"7546","2018-05-15T18:04:55.135Z","31.728239","3",NULL
"7547","2018-05-15T18:05:21.780Z","31.053949","2",NULL
"7548","2018-05-15T18:04:54.619Z","33.854359","4",NULL
"7549","2018-05-15T18:05:23.723Z","31.438636","1",NULL
"7550","2018-05-15T18:03:18.141Z","31.137414","6",NULL
"7551","2018-05-15T18:03:19.442Z","28.767414","5",NULL
"7552","2018-05-15T18:04:55.624Z","31.236932","3",NULL
"7553","2018-05-15T18:04:54.876Z","33.59991","4",NULL
"7554","2018-05-15T18:05:22.267Z","31.053949","2",NULL
"7555","2018-05-15T18:03:19.465Z","31.137414","6",NULL
"7556","2018-05-15T18:05:23.975Z","31.186867","1",NULL
"7557","2018-05-15T18:05:22.557Z","31.053949","2",NULL
"7558","2018-05-15T18:04:55.139Z","33.344239","4",NULL
"7559","2018-05-15T18:03:19.527Z","29.100748","5",NULL
"7560","2018-05-15T18:04:55.947Z","30.972045","3",NULL
"7561","2018-05-15T18:05:24.673Z","30.53854","1",NULL
"7562","2018-05-15T18:03:19.590Z","31.137414","6",NULL
"7563","2018-05-15T18:05:22.977Z","31.008083","2",NULL
"7564","2018-05-15T18:04:55.627Z","32.852932","4",NULL
"7565","2018-05-15T18:04:56.874Z","30.089886","3",NULL
"7566","2018-05-15T18:03:19.811Z","29.475748","5",NULL
"7567","2018-05-15T18:05:24.945Z","30.2199","1",NULL
"7568","2018-05-15T18:03:19.727Z","33.100081","6",NULL
"7569","2018-05-15T18:04:55.997Z","32.588045","4",NULL
"7570","2018-05-15T18:03:20.037Z","30.684081","5",NULL
"7571","2018-05-15T18:04:57.174Z","29.70807","3",NULL
"7572","2018-05-15T18:05:23.504Z","30.518156","2",NULL
"7573","2018-05-15T18:05:25.410Z","29.804191","1",NULL
"7574","2018-05-15T18:03:19.848Z","33.100081","6",NULL
"7575","2018-05-15T18:05:23.735Z","30.270636","2",NULL
"7576","2018-05-15T18:04:56.906Z","31.705886","4",NULL
"7577","2018-05-15T18:04:57.310Z","31.549043","3",NULL
"7578","2018-05-15T18:03:20.080Z","30.678674","5",NULL
"7579","2018-05-15T18:03:20.065Z","33.100081","6",NULL
"7580","2018-05-15T18:05:25.447Z","29.785543","1",NULL
"7581","2018-05-15T18:05:24.023Z","30.018867","2",NULL
"7582","2018-05-15T18:04:57.192Z","31.32407","4",NULL
"7583","2018-05-15T18:04:57.408Z","31.485856","3",NULL
"7584","2018-05-15T18:03:20.585Z","30.327303","5",NULL
"7585","2018-05-15T18:05:25.682Z","31.500813","1",NULL
"7586","2018-05-15T18:03:20.595Z","32.743303","6",NULL
"7587","2018-05-15T18:04:57.429Z","31.101856","4",NULL
"7588","2018-05-15T18:04:57.442Z","31.419478","3",NULL
"7589","2018-05-15T18:05:24.731Z","29.37054","2",NULL
"7590","2018-05-15T18:03:20.995Z","30.385073","5",NULL
"7591","2018-05-15T18:03:21.022Z","32.259406","6",NULL
"7592","2018-05-15T18:05:25.820Z","31.366724","1",NULL
"7593","2018-05-15T18:03:21.202Z","32.19087","6",NULL
"7594","2018-05-15T18:04:57.633Z","31.230778","3",NULL
"7595","2018-05-15T18:05:24.958Z","29.0519","2",NULL
"7596","2018-05-15T18:04:57.491Z","31.035478","4",NULL
"7597","2018-05-15T18:03:21.133Z","30.316537","5",NULL
"7598","2018-05-15T18:05:25.870Z","31.296426","1",NULL
"7599","2018-05-15T18:04:57.952Z","30.936986","3",NULL
"7600","2018-05-15T18:03:21.595Z","31.790531","6",NULL
"7601","2018-05-15T18:03:21.522Z","30.332864","5",NULL
"7602","2018-05-15T18:05:25.426Z","28.636191","2",NULL
"7603","2018-05-15T18:04:57.635Z","30.846778","4",NULL
"7604","2018-05-15T18:05:26.237Z","30.93851","1",NULL
"7605","2018-05-15T18:03:21.718Z","31.746301","6",NULL
"7606","2018-05-15T18:03:21.665Z","30.288634","5",NULL
"7607","2018-05-15T18:05:25.480Z","28.617543","2",NULL
"7608","2018-05-15T18:04:58.375Z","30.936986","3",NULL
"7609","2018-05-15T18:04:57.955Z","30.552986","4",NULL
"7610","2018-05-15T18:05:26.722Z","30.44069","1",NULL
"7611","2018-05-15T18:05:25.851Z","28.198724","2",NULL
"7612","2018-05-15T18:03:22.002Z","30.623603","5",NULL
"7613","2018-05-15T18:04:58.377Z","30.552986","4",NULL
"7614","2018-05-15T18:03:22.042Z","31.33127","6",NULL
"7615","2018-05-15T18:04:59.733Z","31.270319","3",NULL
"7616","2018-05-15T18:05:27.530Z","30.088797","1",NULL
"7617","2018-05-15T18:03:22.159Z","31.244488","6",NULL
"7618","2018-05-15T18:03:22.081Z","30.536821","5",NULL
"7619","2018-05-15T18:04:59.867Z","32.936986","3",NULL
"7620","2018-05-15T18:05:25.876Z","28.128426","2",NULL
"7621","2018-05-15T18:04:59.642Z","32.515653","4",NULL
"7622","2018-05-15T18:05:27.788Z","30.088797","1",NULL
"7623","2018-05-15T18:03:22.274Z","30.526924","5",NULL
"7624","2018-05-15T18:03:22.303Z","30.942924","6",NULL
"7625","2018-05-15T18:04:59.954Z","32.936986","3",NULL
"7626","2018-05-15T18:04:59.742Z","32.515653","4",NULL
"7627","2018-05-15T18:05:26.241Z","27.77051","2",NULL
"7628","2018-05-15T18:05:28.468Z","32.088797","1",NULL
"7629","2018-05-15T18:05:00.387Z","32.845285","3",NULL
"7630","2018-05-15T18:03:22.372Z","30.94116","6",NULL
"7631","2018-05-15T18:03:22.350Z","30.52516","5",NULL
"7632","2018-05-15T18:05:26.723Z","27.27269","2",NULL
"7633","2018-05-15T18:04:59.883Z","32.515653","4",NULL
"7634","2018-05-15T18:05:28.503Z","32.088797","1",NULL
"7635","2018-05-15T18:05:00.913Z","32.40267","3",NULL
"7636","2018-05-15T18:03:23.186Z","30.048307","6",NULL
"7637","2018-05-15T18:03:22.464Z","30.490607","5",NULL
"7638","2018-05-15T18:05:27.540Z","26.920797","2",NULL
"7639","2018-05-15T18:05:00.410Z","32.423952","4",NULL
"7640","2018-05-15T18:05:28.807Z","32.088797","1",NULL
"7641","2018-05-15T18:03:23.202Z","30.028159","6",NULL
"7642","2018-05-15T18:05:01.970Z","31.474346","3",NULL
"7643","2018-05-15T18:03:23.183Z","29.923974","5",NULL
"7644","2018-05-15T18:05:00.915Z","31.981337","4",NULL
"7645","2018-05-15T18:05:27.778Z","28.883464","2",NULL
"7646","2018-05-15T18:03:23.267Z","29.961619","6",NULL
"7647","2018-05-15T18:05:02.486Z","30.987434","3",NULL
"7648","2018-05-15T18:05:29.653Z","32.063626","1",NULL
"7649","2018-05-15T18:03:23.196Z","29.903826","5",NULL
"7650","2018-05-15T18:05:01.986Z","31.053013","4",NULL
"7651","2018-05-15T18:05:27.801Z","28.883464","2",NULL
"7652","2018-05-15T18:05:30.397Z","31.619772","1",NULL
"7653","2018-05-15T18:03:23.286Z","29.960612","6",NULL
"7654","2018-05-15T18:05:02.593Z","30.985786","3",NULL
"7655","2018-05-15T18:05:02.226Z","32.589538","4",NULL
"7656","2018-05-15T18:05:28.393Z","30.84613","2",NULL
"7657","2018-05-15T18:03:23.245Z","30.003952","5",NULL
"7658","2018-05-15T18:05:31.064Z","30.771713","1",NULL
"7659","2018-05-15T18:03:23.466Z","29.732439","6",NULL
"7660","2018-05-15T18:05:02.769Z","32.302014","3",NULL
"7661","2018-05-15T18:05:31.212Z","30.762617","1",NULL
"7662","2018-05-15T18:05:28.481Z","30.84613","2",NULL
"7663","2018-05-15T18:05:02.565Z","32.528767","4",NULL
"7664","2018-05-15T18:03:23.277Z","30.002945","5",NULL
"7665","2018-05-15T18:03:23.674Z","29.561698","6",NULL
"7666","2018-05-15T18:05:02.814Z","32.286649","3",NULL
"7667","2018-05-15T18:05:02.630Z","32.527119","4",NULL
"7668","2018-05-15T18:05:28.809Z","30.84613","2",NULL
"7669","2018-05-15T18:05:31.456Z","31.154723","1",NULL
"7670","2018-05-15T18:03:23.463Z","31.316439","5",NULL
"7671","2018-05-15T18:05:03.132Z","32.008536","3",NULL
"7672","2018-05-15T18:03:23.785Z","29.420836","6",NULL
"7673","2018-05-15T18:05:02.794Z","32.093347","4",NULL
"7674","2018-05-15T18:05:29.656Z","30.820959","2",NULL
"7675","2018-05-15T18:03:23.489Z","31.276129","5",NULL
"7676","2018-05-15T18:05:31.520Z","31.083974","1",NULL
"7677","2018-05-15T18:05:03.302Z","32.064136","3",NULL
"7678","2018-05-15T18:03:24.194Z","29.053967","6",NULL
"7679","2018-05-15T18:05:03.350Z","32.01259","3",NULL
"7680","2018-05-15T18:03:23.666Z","32.979031","5",NULL
"7681","2018-05-15T18:05:30.511Z","32.339772","2",NULL
"7682","2018-05-15T18:05:03.039Z","32.077982","4",NULL
"7683","2018-05-15T18:05:31.633Z","32.094763","1",NULL
"7684","2018-05-15T18:03:24.225Z","29.005941","6",NULL
"7685","2018-05-15T18:03:23.685Z","33.09647","5",NULL
"7686","2018-05-15T18:05:03.152Z","31.758202","4",NULL
"7687","2018-05-15T18:05:30.660Z","32.048986","2",NULL
"7688","2018-05-15T18:05:31.910Z","31.936214","1",NULL
"7689","2018-05-15T18:05:03.370Z","31.971126","3",NULL
"7690","2018-05-15T18:03:24.587Z","28.61053","6",NULL
"7691","2018-05-15T18:03:23.782Z","33.296503","5",NULL
"7692","2018-05-15T18:05:03.316Z","31.605469","4",NULL
"7693","2018-05-15T18:05:31.162Z","31.491713","2",NULL
"7694","2018-05-15T18:05:31.934Z","31.845167","1",NULL
"7695","2018-05-15T18:05:03.507Z","31.837747","3",NULL
"7696","2018-05-15T18:03:25.262Z","27.941657","6",NULL
"7697","2018-05-15T18:03:24.119Z","34.643497","5",NULL
"7698","2018-05-15T18:05:03.360Z","31.553923","4",NULL
"7699","2018-05-15T18:05:31.289Z","31.482617","2",NULL
"7700","2018-05-15T18:05:04.574Z","30.914136","3",NULL
"7701","2018-05-15T18:05:32.543Z","31.301227","1",NULL
"7702","2018-05-15T18:03:25.475Z","29.672608","6",NULL
"7703","2018-05-15T18:05:03.564Z","31.37908","4",NULL
"7704","2018-05-15T18:05:32.843Z","31.001405","1",NULL
"7705","2018-05-15T18:05:31.473Z","31.083056","2",NULL
"7706","2018-05-15T18:05:04.725Z","30.571118","3",NULL
"7707","2018-05-15T18:03:24.189Z","34.637967","5",NULL
"7708","2018-05-15T18:03:25.614Z","29.537025","6",NULL
"7709","2018-05-15T18:05:04.582Z","30.455469","4",NULL
"7710","2018-05-15T18:05:31.555Z","31.012307","2",NULL
"7711","2018-05-15T18:05:33.159Z","30.587932","1",NULL
"7712","2018-05-15T18:03:24.201Z","34.589941","5",NULL
"7713","2018-05-15T18:05:04.732Z","30.562398","3",NULL
"7714","2018-05-15T18:05:04.610Z","32.194223","4",NULL
"7715","2018-05-15T18:03:25.774Z","29.430552","6",NULL
"7716","2018-05-15T18:05:04.829Z","30.465776","3",NULL
"7717","2018-05-15T18:03:24.570Z","34.19453","5",NULL
"7718","2018-05-15T18:05:33.185Z","30.569387","1",NULL
"7719","2018-05-15T18:05:31.924Z","30.656214","2",NULL
"7720","2018-05-15T18:05:04.729Z","32.075118","4",NULL
"7721","2018-05-15T18:03:26.048Z","29.115145","6",NULL
"7722","2018-05-15T18:05:05.104Z","30.923399","3",NULL
"7723","2018-05-15T18:03:25.251Z","33.525657","5",NULL
"7724","2018-05-15T18:05:31.966Z","30.565167","2",NULL
"7725","2018-05-15T18:05:33.307Z","32.502718","1",NULL
"7726","2018-05-15T18:05:04.738Z","32.066398","4",NULL
"7727","2018-05-15T18:03:26.376Z","31.049232","6",NULL
"7728","2018-05-15T18:05:05.199Z","31.957839","3",NULL
"7729","2018-05-15T18:05:33.410Z","32.316497","1",NULL
"7730","2018-05-15T18:05:32.553Z","30.021227","2",NULL
"7731","2018-05-15T18:03:25.466Z","33.293941","5",NULL
"7732","2018-05-15T18:03:26.379Z","31.049232","6",NULL
"7733","2018-05-15T18:05:04.878Z","31.969776","4",NULL
"7734","2018-05-15T18:03:25.711Z","33.051885","5",NULL
"7735","2018-05-15T18:05:32.880Z","29.721405","2",NULL
"7736","2018-05-15T18:05:05.249Z","32.049504","3",NULL
"7737","2018-05-15T18:05:33.614Z","32.20731","1",NULL
"7738","2018-05-15T18:05:05.112Z","31.760732","4",NULL
"7739","2018-05-15T18:03:26.428Z","31.049232","6",NULL
"7740","2018-05-15T18:03:26.046Z","32.736478","5",NULL
"7741","2018-05-15T18:05:33.719Z","32.187845","1",NULL
"7742","2018-05-15T18:05:05.373Z","31.885557","3",NULL
"7743","2018-05-15T18:05:33.163Z","31.270599","2",NULL
"7744","2018-05-15T18:05:05.204Z","31.586839","4",NULL
"7745","2018-05-15T18:03:26.467Z","33.011899","6",NULL
"7746","2018-05-15T18:05:05.547Z","31.707059","3",NULL
"7747","2018-05-15T18:05:35.234Z","32.187845","1",NULL
"7748","2018-05-15T18:05:33.189Z","31.252054","2",NULL
"7749","2018-05-15T18:03:26.358Z","32.707899","5",NULL
"7750","2018-05-15T18:03:26.497Z","33.011899","6",NULL
"7751","2018-05-15T18:05:05.375Z","31.389557","4",NULL
"7752","2018-05-15T18:03:26.426Z","32.707899","5",NULL
"7753","2018-05-15T18:05:33.199Z","31.250845","2",NULL
"7754","2018-05-15T18:05:05.628Z","31.629229","3",NULL
"7755","2018-05-15T18:05:35.334Z","34.187845","1",NULL
"7756","2018-05-15T18:03:26.583Z","33.011899","6",NULL
"7757","2018-05-15T18:05:05.566Z","31.211059","4",NULL
"7758","2018-05-15T18:05:33.354Z","31.185385","2",NULL
"7759","2018-05-15T18:03:26.465Z","32.707899","5",NULL
"7760","2018-05-15T18:05:35.461Z","34.187845","1",NULL
"7761","2018-05-15T18:05:06.370Z","30.890245","3",NULL
"7762","2018-05-15T18:05:33.655Z","30.889977","2",NULL
"7763","2018-05-15T18:03:26.855Z","32.964172","6",NULL
"7764","2018-05-15T18:05:05.650Z","31.133229","4",NULL
"7765","2018-05-15T18:03:26.537Z","32.707899","5",NULL
"7766","2018-05-15T18:05:06.635Z","30.867119","3",NULL
"7767","2018-05-15T18:05:36.003Z","34.179546","1",NULL
"7768","2018-05-15T18:03:26.783Z","32.660172","5",NULL
"7769","2018-05-15T18:05:33.721Z","30.870512","2",NULL
"7770","2018-05-15T18:03:27.063Z","32.755275","6",NULL
"7771","2018-05-15T18:05:06.401Z","30.394245","4",NULL
"7772","2018-05-15T18:03:27.054Z","32.451275","5",NULL
"7773","2018-05-15T18:05:06.859Z","30.867119","3",NULL
"7774","2018-05-15T18:05:36.473Z","33.700724","1",NULL
"7775","2018-05-15T18:05:35.067Z","32.833178","2",NULL
"7776","2018-05-15T18:03:27.392Z","32.46999","6",NULL
"7777","2018-05-15T18:05:06.638Z","32.333786","4",NULL
"7778","2018-05-15T18:03:27.339Z","32.16599","5",NULL
"7779","2018-05-15T18:05:35.258Z","32.833178","2",NULL
"7780","2018-05-15T18:05:07.098Z","31.617119","3",NULL
"7781","2018-05-15T18:05:37.271Z","32.907869","1",NULL
"7782","2018-05-15T18:03:28.979Z","30.780562","5",NULL
"7783","2018-05-15T18:03:29.018Z","31.084562","6",NULL
"7784","2018-05-15T18:05:06.704Z","32.333786","4",NULL
"7785","2018-05-15T18:05:35.462Z","32.833178","2",NULL
"7786","2018-05-15T18:03:29.437Z","30.238183","5",NULL
"7787","2018-05-15T18:05:07.365Z","32.867119","3",NULL
"7788","2018-05-15T18:05:37.557Z","32.616048","1",NULL
"7789","2018-05-15T18:05:36.031Z","32.824879","2",NULL
"7790","2018-05-15T18:03:29.084Z","32.824511","6",NULL
"7791","2018-05-15T18:05:06.898Z","32.333786","4",NULL
"7792","2018-05-15T18:05:37.728Z","32.449422","1",NULL
"7793","2018-05-15T18:03:29.637Z","29.963169","5",NULL
"7794","2018-05-15T18:05:07.461Z","32.867119","3",NULL
"7795","2018-05-15T18:05:07.106Z","32.333786","4",NULL
"7796","2018-05-15T18:05:38.267Z","31.951709","1",NULL
"7797","2018-05-15T18:05:36.475Z","32.346057","2",NULL
"7798","2018-05-15T18:03:29.445Z","32.50485","6",NULL
"7799","2018-05-15T18:03:29.774Z","29.962197","5",NULL
"7800","2018-05-15T18:05:07.568Z","32.867119","3",NULL
"7801","2018-05-15T18:05:38.475Z","31.696887","1",NULL
"7802","2018-05-15T18:05:37.281Z","31.553202","2",NULL
"7803","2018-05-15T18:03:29.696Z","32.229836","6",NULL
"7804","2018-05-15T18:05:07.380Z","32.333786","4",NULL
"7805","2018-05-15T18:03:30.324Z","30.133177","5",NULL
"7806","2018-05-15T18:05:08.382Z","32.831125","3",NULL
"7807","2018-05-15T18:05:37.292Z","33.487529","2",NULL
"7808","2018-05-15T18:05:38.971Z","31.199431","1",NULL
"7809","2018-05-15T18:05:07.592Z","32.333786","4",NULL
"7810","2018-05-15T18:03:29.827Z","32.228864","6",NULL
"7811","2018-05-15T18:05:09.035Z","32.179055","3",NULL
"7812","2018-05-15T18:03:30.356Z","30.13223","5",NULL
"7813","2018-05-15T18:05:37.570Z","33.224048","2",NULL
"7814","2018-05-15T18:05:39.331Z","30.872067","1",NULL
"7815","2018-05-15T18:05:08.393Z","32.297792","4",NULL
"7816","2018-05-15T18:03:30.348Z","31.691511","6",NULL
"7817","2018-05-15T18:05:09.342Z","31.863892","3",NULL
"7818","2018-05-15T18:03:30.905Z","30.435951","5",NULL
"7819","2018-05-15T18:05:37.737Z","33.057422","2",NULL
"7820","2018-05-15T18:05:09.153Z","31.645722","4",NULL
"7821","2018-05-15T18:05:40.018Z","30.134441","1",NULL
"7822","2018-05-15T18:03:30.357Z","31.690564","6",NULL
"7823","2018-05-15T18:05:38.302Z","32.559709","2",NULL
"7824","2018-05-15T18:03:30.934Z","30.435022","5",NULL
"7825","2018-05-15T18:05:09.508Z","31.70807","3",NULL
"7826","2018-05-15T18:05:09.208Z","33.429491","4",NULL
"7827","2018-05-15T18:05:40.389Z","29.94425","1",NULL
"7828","2018-05-15T18:03:30.911Z","31.244285","6",NULL
"7829","2018-05-15T18:03:31.077Z","30.268934","5",NULL
"7830","2018-05-15T18:05:38.478Z","32.304887","2",NULL
"7831","2018-05-15T18:05:09.890Z","31.344058","3",NULL
"7832","2018-05-15T18:05:09.387Z","33.293225","4",NULL
"7833","2018-05-15T18:05:40.632Z","29.61752","1",NULL
"7834","2018-05-15T18:03:30.936Z","31.243356","6",NULL
"7835","2018-05-15T18:05:39.065Z","31.807431","2",NULL
"7836","2018-05-15T18:03:31.497Z","30.139049","5",NULL
"7837","2018-05-15T18:05:10.175Z","31.060501","3",NULL
"7838","2018-05-15T18:05:09.525Z","33.137403","4",NULL
"7839","2018-05-15T18:05:40.668Z","29.537419","1",NULL
"7840","2018-05-15T18:03:31.110Z","30.827268","6",NULL
"7841","2018-05-15T18:03:31.529Z","30.109645","5",NULL
"7842","2018-05-15T18:05:39.362Z","31.480067","2",NULL
"7843","2018-05-15T18:05:40.819Z","30.048488","1",NULL
"7844","2018-05-15T18:05:10.521Z","30.781455","3",NULL
"7845","2018-05-15T18:05:09.953Z","32.773391","4",NULL
"7846","2018-05-15T18:03:31.727Z","29.908456","5",NULL
"7847","2018-05-15T18:03:31.522Z","30.572383","6",NULL
"7848","2018-05-15T18:05:40.062Z","30.742441","2",NULL
"7849","2018-05-15T18:05:40.846Z","30.047133","1",NULL
"7850","2018-05-15T18:05:10.923Z","30.314317","3",NULL
"7851","2018-05-15T18:05:10.273Z","32.489834","4",NULL
"7852","2018-05-15T18:03:31.564Z","30.542979","6",NULL
"7853","2018-05-15T18:05:40.416Z","32.514917","2",NULL
"7854","2018-05-15T18:03:32.032Z","29.743674","5",NULL
"7855","2018-05-15T18:05:40.878Z","31.269089","1",NULL
"7856","2018-05-15T18:05:11.626Z","29.633028","3",NULL
"7857","2018-05-15T18:05:10.548Z","32.210788","4",NULL
"7858","2018-05-15T18:03:31.569Z","32.426376","6",NULL
"7859","2018-05-15T18:03:32.087Z","29.730294","5",NULL
"7860","2018-05-15T18:05:40.486Z","32.327215","2",NULL
"7861","2018-05-15T18:05:41.057Z","31.096165","1",NULL
"7862","2018-05-15T18:05:11.977Z","29.30255","3",NULL
"7863","2018-05-15T18:05:10.945Z","31.74365","4",NULL
"7864","2018-05-15T18:05:40.654Z","32.188187","2",NULL
"7865","2018-05-15T18:03:32.075Z","31.973007","6",NULL
"7866","2018-05-15T18:03:32.365Z","29.695623","5",NULL
"7867","2018-05-15T18:05:11.633Z","31.062361","4",NULL
"7868","2018-05-15T18:05:11.994Z","29.225451","3",NULL
"7869","2018-05-15T18:05:41.223Z","30.938822","1",NULL
"7870","2018-05-15T18:03:32.412Z","29.695623","5",NULL
"7871","2018-05-15T18:03:32.121Z","31.959627","6",NULL
"7872","2018-05-15T18:05:40.693Z","32.108086","2",NULL
"7873","2018-05-15T18:05:11.784Z","32.812051","4",NULL
"7874","2018-05-15T18:05:41.479Z","30.69388","1",NULL
"7875","2018-05-15T18:05:12.034Z","31.156116","3",NULL
"7876","2018-05-15T18:05:40.832Z","31.952488","2",NULL
"7877","2018-05-15T18:03:32.582Z","29.820623","5",NULL
"7878","2018-05-15T18:03:32.394Z","31.674956","6",NULL
"7879","2018-05-15T18:05:11.987Z","32.69455","4",NULL
"7880","2018-05-15T18:05:12.169Z","31.056923","3",NULL
"7881","2018-05-15T18:05:42.315Z","29.872616","1",NULL
"7882","2018-05-15T18:03:32.664Z","29.820623","5",NULL
"7883","2018-05-15T18:03:32.413Z","31.674956","6",NULL
"7884","2018-05-15T18:05:40.849Z","31.951133","2",NULL
"7885","2018-05-15T18:05:12.307Z","31.055711","3",NULL
"7886","2018-05-15T18:05:42.873Z","29.686258","1",NULL
"7887","2018-05-15T18:05:11.997Z","32.617451","4",NULL
"7888","2018-05-15T18:03:32.634Z","31.674956","6",NULL
"7889","2018-05-15T18:05:41.061Z","31.666832","2",NULL
"7890","2018-05-15T18:03:33.416Z","30.23729","5",NULL
"7891","2018-05-15T18:05:43.424Z","29.686258","1",NULL
"7892","2018-05-15T18:05:12.199Z","32.448923","4",NULL
"7893","2018-05-15T18:05:12.434Z","30.797111","3",NULL
"7894","2018-05-15T18:03:32.666Z","31.674956","6",NULL
"7895","2018-05-15T18:03:33.746Z","30.903956","5",NULL
"7896","2018-05-15T18:05:41.227Z","31.509489","2",NULL
"7897","2018-05-15T18:05:43.598Z","30.477925","1",NULL
"7898","2018-05-15T18:05:12.332Z","32.447711","4",NULL
"7899","2018-05-15T18:05:13.019Z","30.323072","3",NULL
"7900","2018-05-15T18:03:33.418Z","31.674956","6",NULL
"7901","2018-05-15T18:05:41.482Z","31.264547","2",NULL
"7902","2018-05-15T18:03:33.953Z","31.445623","5",NULL
"7903","2018-05-15T18:05:13.246Z","30.056282","3",NULL
"7904","2018-05-15T18:03:33.757Z","31.674956","6",NULL
"7905","2018-05-15T18:03:33.996Z","31.445623","5",NULL
"7906","2018-05-15T18:05:43.784Z","31.686258","1",NULL
"7907","2018-05-15T18:03:34.372Z","31.445623","5",NULL
"7908","2018-05-15T18:03:33.978Z","33.637623","6",NULL
"7909","2018-05-15T18:05:13.330Z","29.875731","3",NULL
"7910","2018-05-15T18:05:42.358Z","30.443283","2",NULL
"7911","2018-05-15T18:05:12.487Z","32.189111","4",NULL
"7912","2018-05-15T18:05:43.958Z","31.686258","1",NULL
"7913","2018-05-15T18:03:34.488Z","33.445623","5",NULL
"7914","2018-05-15T18:03:34.261Z","33.637623","6",NULL
"7915","2018-05-15T18:05:13.037Z","31.715072","4",NULL
"7916","2018-05-15T18:03:34.395Z","33.637623","6",NULL
"7917","2018-05-15T18:03:34.705Z","33.643248","5",NULL
"7918","2018-05-15T18:05:14.075Z","29.875731","3",NULL
"7919","2018-05-15T18:05:42.875Z","32.219591","2",NULL
"7920","2018-05-15T18:05:45.613Z","31.686258","1",NULL
"7921","2018-05-15T18:05:13.249Z","31.448282","4",NULL
"7922","2018-05-15T18:03:34.773Z","33.643248","5",NULL
"7923","2018-05-15T18:03:34.771Z","33.626915","6",NULL
"7924","2018-05-15T18:05:14.497Z","30.167398","3",NULL
"7925","2018-05-15T18:05:46.050Z","31.936258","1",NULL
"7926","2018-05-15T18:05:42.942Z","32.219591","2",NULL
"7927","2018-05-15T18:05:13.389Z","31.267731","4",NULL
"7928","2018-05-15T18:03:34.774Z","33.626915","6",NULL
"7929","2018-05-15T18:05:46.206Z","33.686258","1",NULL
"7930","2018-05-15T18:03:34.878Z","34.537069","5",NULL
"7931","2018-05-15T18:05:14.568Z","31.334064","3",NULL
"7932","2018-05-15T18:05:43.433Z","32.219591","2",NULL
"7933","2018-05-15T18:05:14.077Z","31.267731","4",NULL
"7934","2018-05-15T18:05:14.601Z","31.875731","3",NULL
"7935","2018-05-15T18:05:43.613Z","32.219591","2",NULL
"7936","2018-05-15T18:05:46.324Z","33.686258","1",NULL
"7937","2018-05-15T18:03:34.972Z","35.182363","5",NULL
"7938","2018-05-15T18:03:34.888Z","33.479069","6",NULL
"7939","2018-05-15T18:05:14.182Z","33.230398","4",NULL
"7940","2018-05-15T18:05:47.516Z","33.633922","1",NULL
"7941","2018-05-15T18:05:14.662Z","33.875731","3",NULL
"7942","2018-05-15T18:03:35.020Z","33.357964","6",NULL
"7943","2018-05-15T18:03:35.016Z","35.165964","5",NULL
"7944","2018-05-15T18:05:44.004Z","32.219591","2",NULL
"7945","2018-05-15T18:05:14.503Z","33.230398","4",NULL
"7946","2018-05-15T18:03:35.413Z","33.026412","6",NULL
"7947","2018-05-15T18:03:35.392Z","34.834412","5",NULL
"7948","2018-05-15T18:05:14.915Z","33.875731","3",NULL
"7949","2018-05-15T18:05:45.432Z","34.182258","2",NULL
"7950","2018-05-15T18:05:47.976Z","33.132365","1",NULL
"7951","2018-05-15T18:05:14.580Z","33.230398","4",NULL
"7952","2018-05-15T18:05:45.647Z","34.182258","2",NULL
"7953","2018-05-15T18:05:16.622Z","33.852619","3",NULL
"7954","2018-05-15T18:05:48.503Z","32.624314","1",NULL
"7955","2018-05-15T18:03:35.646Z","32.770217","6",NULL
"7956","2018-05-15T18:03:35.615Z","34.578217","5",NULL
"7957","2018-05-15T18:05:14.918Z","33.230398","4",NULL
"7958","2018-05-15T18:05:46.075Z","34.182258","2",NULL
"7959","2018-05-15T18:05:16.964Z","33.540277","3",NULL
"7960","2018-05-15T18:05:48.991Z","32.113276","1",NULL
"7961","2018-05-15T18:03:36.206Z","32.23909","6",NULL
"7962","2018-05-15T18:03:36.155Z","34.04709","5",NULL
"7963","2018-05-15T18:05:16.628Z","33.207286","4",NULL
"7964","2018-05-15T18:05:49.665Z","31.498722","1",NULL
"7965","2018-05-15T18:03:36.448Z","31.949191","6",NULL
"7966","2018-05-15T18:05:17.421Z","33.076735","3",NULL
"7967","2018-05-15T18:05:46.358Z","34.182258","2",NULL
"7968","2018-05-15T18:03:36.446Z","33.757191","5",NULL
"7969","2018-05-15T18:05:16.983Z","32.894944","4",NULL
"7970","2018-05-15T18:05:17.731Z","32.791312","3",NULL
"7971","2018-05-15T18:03:36.856Z","31.529264","6",NULL
"7972","2018-05-15T18:05:49.979Z","31.126924","1",NULL
"7973","2018-05-15T18:05:47.662Z","34.129922","2",NULL
"7974","2018-05-15T18:03:36.808Z","33.337264","5",NULL
"7975","2018-05-15T18:05:17.453Z","32.431402","4",NULL
"7976","2018-05-15T18:03:37.302Z","32.858369","5",NULL
"7977","2018-05-15T18:03:37.305Z","31.050369","6",NULL
"7978","2018-05-15T18:05:50.822Z","30.465105","1",NULL
"7979","2018-05-15T18:05:18.140Z","32.357123","3",NULL
"7980","2018-05-15T18:05:47.978Z","33.628365","2",NULL
"7981","2018-05-15T18:05:17.748Z","32.145979","4",NULL
"7982","2018-05-15T18:03:37.889Z","32.291172","5",NULL
"7983","2018-05-15T18:05:48.505Z","33.120314","2",NULL
"7984","2018-05-15T18:03:37.910Z","30.483172","6",NULL
"7985","2018-05-15T18:05:50.913Z","30.46405","1",NULL
"7986","2018-05-15T18:05:19.557Z","31.031407","3",NULL
"7987","2018-05-15T18:05:18.163Z","31.71179","4",NULL
"7988","2018-05-15T18:03:38.065Z","32.082408","5",NULL
"7989","2018-05-15T18:03:38.073Z","32.237075","6",NULL
"7990","2018-05-15T18:05:48.993Z","32.609276","2",NULL
"7991","2018-05-15T18:05:51.113Z","30.159262","1",NULL
"7992","2018-05-15T18:05:20.097Z","30.467772","3",NULL
"7993","2018-05-15T18:05:19.559Z","30.386074","4",NULL
"7994","2018-05-15T18:03:38.347Z","31.85675","5",NULL
"7995","2018-05-15T18:03:38.146Z","32.161397","6",NULL
"7996","2018-05-15T18:05:49.690Z","31.994722","2",NULL
"7997","2018-05-15T18:05:51.143Z","30.12915","1",NULL
"7998","2018-05-15T18:05:20.158Z","30.442905","3",NULL
"7999","2018-05-15T18:05:19.887Z","31.932215","4",NULL
"8000","2018-05-15T18:03:38.792Z","31.392851","5",NULL
"8001","2018-05-15T18:05:51.281Z","29.96829","1",NULL
"8002","2018-05-15T18:05:20.372Z","30.275155","3",NULL
"8003","2018-05-15T18:03:38.381Z","32.011417","6",NULL
"8004","2018-05-15T18:05:49.981Z","33.585591","2",NULL
"8005","2018-05-15T18:05:20.100Z","31.785105","4",NULL
"8006","2018-05-15T18:03:39.062Z","31.133462","5",NULL
"8007","2018-05-15T18:05:51.438Z","30.329708","1",NULL
"8008","2018-05-15T18:03:38.864Z","31.547518","6",NULL
"8009","2018-05-15T18:05:20.549Z","30.654841","3",NULL
"8010","2018-05-15T18:05:50.426Z","33.172623","2",NULL
"8011","2018-05-15T18:05:20.184Z","31.760238","4",NULL
"8012","2018-05-15T18:05:51.466Z","30.328636","1",NULL
"8013","2018-05-15T18:05:20.612Z","30.609007","3",NULL
"8014","2018-05-15T18:03:39.074Z","31.288129","6",NULL
"8015","2018-05-15T18:05:50.879Z","32.923772","2",NULL
"8016","2018-05-15T18:03:39.341Z","30.892778","5",NULL
"8017","2018-05-15T18:05:20.409Z","31.592488","4",NULL
"8018","2018-05-15T18:05:50.984Z","32.922717","2",NULL
"8019","2018-05-15T18:03:39.387Z","31.047445","6",NULL
"8020","2018-05-15T18:05:51.577Z","31.382011","1",NULL
"8021","2018-05-15T18:05:20.839Z","30.92819","3",NULL
"8022","2018-05-15T18:03:39.790Z","30.426474","5",NULL
"8023","2018-05-15T18:05:20.588Z","31.347174","4",NULL
"8024","2018-05-15T18:05:51.116Z","32.617929","2",NULL
"8025","2018-05-15T18:03:39.792Z","30.581141","6",NULL
"8026","2018-05-15T18:03:40.226Z","30.034445","5",NULL
"8027","2018-05-15T18:05:20.899Z","30.896682","3",NULL
"8028","2018-05-15T18:05:51.788Z","31.441892","1",NULL
"8029","2018-05-15T18:05:20.643Z","31.30134","4",NULL
"8030","2018-05-15T18:05:51.188Z","32.587817","2",NULL
"8031","2018-05-15T18:03:40.264Z","30.189112","6",NULL
"8032","2018-05-15T18:03:40.784Z","29.526277","5",NULL
"8033","2018-05-15T18:05:52.317Z","31.072912","1",NULL
"8034","2018-05-15T18:05:21.048Z","31.206261","3",NULL
"8035","2018-05-15T18:05:20.858Z","31.03719","4",NULL
"8036","2018-05-15T18:05:51.321Z","32.426957","2",NULL
"8037","2018-05-15T18:05:52.515Z","30.838484","1",NULL
"8038","2018-05-15T18:05:21.080Z","31.206261","3",NULL
"8039","2018-05-15T18:03:40.818Z","29.680944","6",NULL
"8040","2018-05-15T18:03:40.884Z","30.887626","5",NULL
"8041","2018-05-15T18:05:51.464Z","32.288375","2",NULL
"8042","2018-05-15T18:05:20.910Z","31.005682","4",NULL
"8043","2018-05-15T18:03:40.928Z","29.500626","6",NULL
"8044","2018-05-15T18:03:40.957Z","31.281124","5",NULL
"8045","2018-05-15T18:05:22.188Z","31.497928","3",NULL
"8046","2018-05-15T18:05:52.626Z","30.815879","1",NULL
"8047","2018-05-15T18:05:51.509Z","32.287303","2",NULL
"8048","2018-05-15T18:05:21.058Z","30.815261","4",NULL
"8049","2018-05-15T18:05:53.814Z","29.924246","1",NULL
"8050","2018-05-15T18:03:41.323Z","31.030077","5",NULL
"8051","2018-05-15T18:05:22.255Z","31.497928","3",NULL
"8052","2018-05-15T18:03:41.365Z","29.184744","6",NULL
"8053","2018-05-15T18:05:51.740Z","32.090678","2",NULL
"8054","2018-05-15T18:05:53.910Z","29.523407","1",NULL
"8055","2018-05-15T18:05:21.104Z","30.815261","4",NULL
"8056","2018-05-15T18:05:22.291Z","31.497928","3",NULL
"8057","2018-05-15T18:03:41.559Z","30.7319","5",NULL
"8058","2018-05-15T18:03:41.561Z","28.886567","6",NULL
"8059","2018-05-15T18:05:54.478Z","28.988046","1",NULL
"8060","2018-05-15T18:05:52.334Z","31.531579","2",NULL
"8061","2018-05-15T18:05:22.231Z","30.815261","4",NULL
"8062","2018-05-15T18:03:41.649Z","28.880793","6",NULL
"8063","2018-05-15T18:05:22.591Z","31.497928","3",NULL
"8064","2018-05-15T18:03:41.570Z","30.726126","5",NULL
"8065","2018-05-15T18:05:55.636Z","28.403328","1",NULL
"8066","2018-05-15T18:05:52.562Z","31.297151","2",NULL
"8067","2018-05-15T18:05:22.275Z","30.815261","4",NULL
"8068","2018-05-15T18:03:41.924Z","28.602895","6",NULL
"8069","2018-05-15T18:03:41.909Z","31.823228","5",NULL
"8070","2018-05-15T18:05:22.651Z","31.914595","3",NULL
"8071","2018-05-15T18:05:52.698Z","31.274546","2",NULL
"8072","2018-05-15T18:05:55.662Z","28.392254","1",NULL
"8073","2018-05-15T18:05:22.592Z","32.777928","4",NULL
"8074","2018-05-15T18:03:41.952Z","28.496569","6",NULL
"8075","2018-05-15T18:05:22.688Z","33.497928","3",NULL
"8076","2018-05-15T18:03:41.937Z","31.716902","5",NULL
"8077","2018-05-15T18:05:55.767Z","28.697307","1",NULL
"8078","2018-05-15T18:05:22.603Z","32.777928","4",NULL
"8079","2018-05-15T18:05:53.861Z","30.382913","2",NULL
"8080","2018-05-15T18:03:42.126Z","28.318378","6",NULL
"8081","2018-05-15T18:05:22.967Z","33.497928","3",NULL
"8082","2018-05-15T18:03:42.105Z","32.163711","5",NULL
"8083","2018-05-15T18:03:42.162Z","28.290478","6",NULL
"8084","2018-05-15T18:05:22.664Z","32.777928","4",NULL
"8085","2018-05-15T18:05:53.966Z","29.982074","2",NULL
"8086","2018-05-15T18:05:55.884Z","28.688988","1",NULL
"8087","2018-05-15T18:05:23.389Z","33.26185","3",NULL
"8088","2018-05-15T18:03:42.148Z","32.135811","5",NULL
"8089","2018-05-15T18:05:22.970Z","32.777928","4",NULL
"8090","2018-05-15T18:03:42.913Z","27.499575","6",NULL
"8091","2018-05-15T18:05:23.810Z","32.843389","3",NULL
"8092","2018-05-15T18:05:54.496Z","29.36338","2",NULL
"8093","2018-05-15T18:05:56.693Z","28.768933","1",NULL
"8094","2018-05-15T18:03:42.203Z","32.054191","5",NULL
"8095","2018-05-15T18:05:55.648Z","28.320328","2",NULL
"8096","2018-05-15T18:05:24.122Z","32.520794","3",NULL
"8097","2018-05-15T18:03:43.326Z","29.405722","6",NULL
"8098","2018-05-15T18:05:56.756Z","28.768933","1",NULL
"8099","2018-05-15T18:05:23.397Z","32.54185","4",NULL
"8100","2018-05-15T18:03:42.900Z","31.344908","5",NULL
"8101","2018-05-15T18:05:55.708Z","28.309254","2",NULL
"8102","2018-05-15T18:05:24.383Z","32.262821","3",NULL
"8103","2018-05-15T18:03:43.386Z","29.405722","6",NULL
"8104","2018-05-15T18:05:56.800Z","28.768933","1",NULL
"8105","2018-05-15T18:05:23.829Z","32.123389","4",NULL
"8106","2018-05-15T18:03:43.303Z","31.288389","5",NULL
"8107","2018-05-15T18:05:55.778Z","28.072641","2",NULL
"8108","2018-05-15T18:03:43.405Z","29.405722","6",NULL
"8109","2018-05-15T18:05:57.150Z","28.768933","1",NULL
"8110","2018-05-15T18:05:24.179Z","31.800794","4",NULL
"8111","2018-05-15T18:05:24.871Z","31.757318","3",NULL
"8112","2018-05-15T18:03:43.375Z","31.288389","5",NULL
"8113","2018-05-15T18:03:43.421Z","29.405722","6",NULL
"8114","2018-05-15T18:05:55.897Z","28.064322","2",NULL
"8115","2018-05-15T18:05:25.133Z","31.501794","3",NULL
"8116","2018-05-15T18:05:24.428Z","31.542821","4",NULL
"8117","2018-05-15T18:05:57.202Z","28.768933","1",NULL
"8118","2018-05-15T18:03:43.393Z","31.288389","5",NULL
"8119","2018-05-15T18:05:57.420Z","29.477266","1",NULL
"8120","2018-05-15T18:05:24.877Z","31.037318","4",NULL
"8121","2018-05-15T18:03:43.842Z","29.405722","6",NULL
"8122","2018-05-15T18:05:25.651Z","31.006753","3",NULL
"8123","2018-05-15T18:05:56.711Z","29.190266","2",NULL
"8124","2018-05-15T18:03:43.783Z","31.413389","5",NULL
"8125","2018-05-15T18:03:43.907Z","31.368389","6",NULL
"8126","2018-05-15T18:05:25.181Z","30.781794","4",NULL
"8127","2018-05-15T18:05:57.440Z","29.727266","1",NULL
"8128","2018-05-15T18:05:56.759Z","29.190266","2",NULL
"8129","2018-05-15T18:05:26.940Z","29.750357","3",NULL
"8130","2018-05-15T18:03:44.172Z","32.246722","5",NULL
"8131","2018-05-15T18:03:44.271Z","31.368389","6",NULL
"8132","2018-05-15T18:05:25.675Z","30.286753","4",NULL
"8133","2018-05-15T18:05:56.791Z","29.190266","2",NULL
"8134","2018-05-15T18:05:57.989Z","30.102266","1",NULL
"8135","2018-05-15T18:05:28.031Z","29.249093","3",NULL
"8136","2018-05-15T18:03:44.417Z","33.288389","5",NULL
"8137","2018-05-15T18:05:26.973Z","29.030357","4",NULL
"8138","2018-05-15T18:03:44.440Z","31.368389","6",NULL
"8139","2018-05-15T18:05:28.096Z","29.209502","3",NULL
"8140","2018-05-15T18:05:58.359Z","30.5606","1",NULL
"8141","2018-05-15T18:05:57.159Z","29.190266","2",NULL
"8142","2018-05-15T18:05:27.197Z","30.71284","4",NULL
"8143","2018-05-15T18:03:44.442Z","33.288389","5",NULL
"8144","2018-05-15T18:05:57.222Z","29.190266","2",NULL
"8145","2018-05-15T18:03:44.805Z","31.21031","6",NULL
"8146","2018-05-15T18:05:58.462Z","30.727266","1",NULL
"8147","2018-05-15T18:05:28.276Z","29.847686","3",NULL
"8148","2018-05-15T18:05:28.094Z","30.49176","4",NULL
"8149","2018-05-15T18:03:44.802Z","33.13031","5",NULL
"8150","2018-05-15T18:05:28.322Z","29.847686","3",NULL
"8151","2018-05-15T18:05:57.424Z","29.190266","2",NULL
"8152","2018-05-15T18:03:45.779Z","30.341466","6",NULL
"8153","2018-05-15T18:05:58.539Z","30.768933","1",NULL
"8154","2018-05-15T18:03:45.735Z","32.261466","5",NULL
"8155","2018-05-15T18:05:28.120Z","30.452169","4",NULL
"8156","2018-05-15T18:03:46.005Z","30.186045","6",NULL
"8157","2018-05-15T18:05:28.325Z","29.847686","3",NULL
"8158","2018-05-15T18:05:59.032Z","31.0606","1",NULL
"8159","2018-05-15T18:05:57.445Z","29.190266","2",NULL
"8160","2018-05-15T18:03:45.983Z","32.106045","5",NULL
"8161","2018-05-15T18:05:28.299Z","30.340353","4",NULL
"8162","2018-05-15T18:03:46.078Z","31.910624","6",NULL
"8163","2018-05-15T18:05:28.412Z","30.389353","3",NULL
"8164","2018-05-15T18:05:59.171Z","31.352266","1",NULL
"8165","2018-05-15T18:05:58.034Z","31.152933","2",NULL
"8166","2018-05-15T18:03:46.074Z","31.867957","5",NULL
"8167","2018-05-15T18:05:28.324Z","30.340353","4",NULL
"8168","2018-05-15T18:03:46.179Z","31.818361","6",NULL
"8169","2018-05-15T18:05:29.566Z","30.596064","3",NULL
"8170","2018-05-15T18:05:59.257Z","32.768933","1",NULL
"8171","2018-05-15T18:05:58.062Z","31.152933","2",NULL
"8172","2018-05-15T18:03:46.237Z","31.698746","5",NULL
"8173","2018-05-15T18:05:28.326Z","30.340353","4",NULL
"8174","2018-05-15T18:05:29.615Z","30.594953","3",NULL
"8175","2018-05-15T18:03:46.288Z","31.741413","6",NULL
"8176","2018-05-15T18:05:58.403Z","31.152933","2",NULL
"8177","2018-05-15T18:05:59.433Z","32.768933","1",NULL
"8178","2018-05-15T18:03:46.385Z","31.569765","5",NULL
"8179","2018-05-15T18:05:28.442Z","32.303019","4",NULL
"8180","2018-05-15T18:03:46.628Z","31.612432","6",NULL
"8181","2018-05-15T18:05:29.666Z","30.736522","3",NULL
"8182","2018-05-15T18:05:58.469Z","31.152933","2",NULL
"8183","2018-05-15T18:05:59.683Z","34.768933","1",NULL
"8184","2018-05-15T18:03:46.685Z","31.24631","5",NULL
"8185","2018-05-15T18:05:28.463Z","32.303019","4",NULL
"8186","2018-05-15T18:03:46.712Z","31.288977","6",NULL
"8187","2018-05-15T18:05:29.676Z","30.735735","3",NULL
"8188","2018-05-15T18:05:59.103Z","31.152933","2",NULL
"8189","2018-05-15T18:05:59.955Z","34.768933","1",NULL
"8190","2018-05-15T18:03:47.040Z","30.887719","5",NULL
"8191","2018-05-15T18:05:29.602Z","32.13473","4",NULL
"8192","2018-05-15T18:03:47.041Z","30.930386","6",NULL
"8193","2018-05-15T18:03:47.293Z","30.632761","5",NULL
"8194","2018-05-15T18:05:59.192Z","31.152933","2",NULL
"8195","2018-05-15T18:06:02.733Z","36.606039","1",NULL
"8196","2018-05-15T18:05:29.687Z","30.717858","3",NULL
"8197","2018-05-15T18:03:47.295Z","30.675428","6",NULL
"8198","2018-05-15T18:05:29.627Z","32.133619","4",NULL
"8199","2018-05-15T18:05:59.273Z","31.152933","2",NULL
"8200","2018-05-15T18:06:02.791Z","36.579328","1",NULL
"8201","2018-05-15T18:05:29.799Z","30.598297","3",NULL
"8202","2018-05-15T18:03:47.952Z","29.980851","5",NULL
"8203","2018-05-15T18:03:47.959Z","30.023518","6",NULL
"8204","2018-05-15T18:05:29.669Z","31.941855","4",NULL
"8205","2018-05-15T18:05:59.956Z","31.152933","2",NULL
"8206","2018-05-15T18:06:02.866Z","36.509687","1",NULL
"8207","2018-05-15T18:05:30.031Z","31.43971","3",NULL
"8208","2018-05-15T18:03:48.347Z","29.609496","5",NULL
"8209","2018-05-15T18:03:48.289Z","31.645231","6",NULL
"8210","2018-05-15T18:05:29.678Z","31.941068","4",NULL
"8211","2018-05-15T18:06:03.001Z","36.345669","1",NULL
"8212","2018-05-15T18:03:48.409Z","31.614829","6",NULL
"8213","2018-05-15T18:06:02.739Z","30.990039","2",NULL
"8214","2018-05-15T18:05:30.077Z","31.433275","3",NULL
"8215","2018-05-15T18:03:48.424Z","29.599595","5",NULL
"8216","2018-05-15T18:05:29.863Z","33.766297","4",NULL
"8217","2018-05-15T18:06:03.824Z","35.843632","1",NULL
"8218","2018-05-15T18:05:30.984Z","31.805367","3",NULL
"8219","2018-05-15T18:03:48.438Z","31.604928","6",NULL
"8220","2018-05-15T18:03:48.660Z","30.559279","5",NULL
"8221","2018-05-15T18:06:02.901Z","30.893687","2",NULL
"8222","2018-05-15T18:05:29.907Z","33.74971","4",NULL
"8223","2018-05-15T18:06:03.979Z","35.391197","1",NULL
"8224","2018-05-15T18:05:31.051Z","31.666154","3",NULL
"8225","2018-05-15T18:06:03.035Z","30.729669","2",NULL
"8226","2018-05-15T18:03:48.686Z","31.314612","6",NULL
"8227","2018-05-15T18:03:48.688Z","30.51936","5",NULL
"8228","2018-05-15T18:05:30.035Z","33.524377","4",NULL
"8229","2018-05-15T18:06:04.265Z","35.097405","1",NULL
"8230","2018-05-15T18:06:03.859Z","30.227632","2",NULL
"8231","2018-05-15T18:05:31.141Z","31.509063","3",NULL
"8232","2018-05-15T18:03:48.751Z","31.274693","6",NULL
"8233","2018-05-15T18:03:48.846Z","31.142691","5",NULL
"8234","2018-05-15T18:05:30.087Z","33.517942","4",NULL
"8235","2018-05-15T18:06:03.983Z","29.775197","2",NULL
"8236","2018-05-15T18:06:05.011Z","34.622854","1",NULL
"8237","2018-05-15T18:05:32.027Z","30.422498","3",NULL
"8238","2018-05-15T18:03:48.932Z","30.995757","5",NULL
"8239","2018-05-15T18:03:48.935Z","31.00109","6",NULL
"8240","2018-05-15T18:06:04.331Z","29.481405","2",NULL
"8241","2018-05-15T18:05:31.029Z","32.973367","4",NULL
"8242","2018-05-15T18:03:49.131Z","30.875314","5",NULL
"8243","2018-05-15T18:03:49.142Z","30.880647","6",NULL
"8244","2018-05-15T18:05:32.460Z","30.844682","3",NULL
"8245","2018-05-15T18:06:05.068Z","34.259939","1",NULL
"8246","2018-05-15T18:06:05.019Z","29.006854","2",NULL
"8247","2018-05-15T18:05:31.118Z","32.834154","4",NULL
"8248","2018-05-15T18:06:05.248Z","34.090061","1",NULL
"8249","2018-05-15T18:05:32.503Z","30.631123","3",NULL
"8250","2018-05-15T18:03:49.331Z","30.630557","6",NULL
"8251","2018-05-15T18:03:49.304Z","30.625224","5",NULL
"8252","2018-05-15T18:06:05.074Z","30.606606","2",NULL
"8253","2018-05-15T18:05:32.155Z","31.548831","4",NULL
"8254","2018-05-15T18:06:05.478Z","33.849989","1",NULL
"8255","2018-05-15T18:05:32.770Z","30.848354","3",NULL
"8256","2018-05-15T18:03:49.939Z","30.625224","5",NULL
"8257","2018-05-15T18:03:49.940Z","30.630557","6",NULL
"8258","2018-05-15T18:06:05.113Z","30.563241","2",NULL
"8259","2018-05-15T18:05:32.501Z","31.387682","4",NULL
"8260","2018-05-15T18:05:32.848Z","30.847348","3",NULL
"8261","2018-05-15T18:03:50.855Z","30.625224","5",NULL
"8262","2018-05-15T18:03:50.523Z","32.593224","6",NULL
"8263","2018-05-15T18:06:05.978Z","33.346954","1",NULL
"8264","2018-05-15T18:05:32.565Z","31.174123","4",NULL
"8265","2018-05-15T18:06:05.207Z","32.427504","2",NULL
"8266","2018-05-15T18:03:50.899Z","32.625224","5",NULL
"8267","2018-05-15T18:03:50.864Z","32.593224","6",NULL
"8268","2018-05-15T18:06:06.478Z","32.849868","1",NULL
"8269","2018-05-15T18:05:33.166Z","30.748255","3",NULL
"8270","2018-05-15T18:05:32.802Z","30.891354","4",NULL
"8271","2018-05-15T18:06:05.280Z","32.399394","2",NULL
"8272","2018-05-15T18:03:51.012Z","32.625224","5",NULL
"8273","2018-05-15T18:05:33.186Z","30.721643","3",NULL
"8274","2018-05-15T18:06:06.723Z","32.599408","1",NULL
"8275","2018-05-15T18:03:51.015Z","32.593224","6",NULL
"8276","2018-05-15T18:05:32.878Z","30.890348","4",NULL
"8277","2018-05-15T18:06:05.507Z","32.159322","2",NULL
"8278","2018-05-15T18:03:51.548Z","32.453738","5",NULL
"8279","2018-05-15T18:03:51.581Z","32.421738","6",NULL
"8280","2018-05-15T18:06:07.196Z","32.125078","1",NULL
"8281","2018-05-15T18:05:33.220Z","31.196349","3",NULL
"8282","2018-05-15T18:06:06.011Z","31.656287","2",NULL
"8283","2018-05-15T18:05:33.174Z","30.457922","4",NULL
"8284","2018-05-15T18:03:51.804Z","32.201831","5",NULL
"8285","2018-05-15T18:05:33.299Z","31.113338","3",NULL
"8286","2018-05-15T18:03:51.807Z","32.169831","6",NULL
"8287","2018-05-15T18:06:07.319Z","32.005019","1",NULL
"8288","2018-05-15T18:05:33.196Z","30.43131","4",NULL
"8289","2018-05-15T18:06:06.485Z","31.159201","2",NULL
"8290","2018-05-15T18:03:52.299Z","31.704613","5",NULL
"8291","2018-05-15T18:03:52.303Z","31.672613","6",NULL
"8292","2018-05-15T18:06:07.562Z","31.816584","1",NULL
"8293","2018-05-15T18:05:34.180Z","30.708468","3",NULL
"8294","2018-05-15T18:05:33.222Z","30.364349","4",NULL
"8295","2018-05-15T18:06:06.725Z","30.908741","2",NULL
"8296","2018-05-15T18:03:53.520Z","30.625623","5",NULL
"8297","2018-05-15T18:03:53.575Z","30.593623","6",NULL
"8298","2018-05-15T18:06:07.780Z","31.542821","1",NULL
"8299","2018-05-15T18:05:34.192Z","30.708468","3",NULL
"8300","2018-05-15T18:05:34.188Z","29.668135","4",NULL
"8301","2018-05-15T18:06:07.198Z","30.434411","2",NULL
"8302","2018-05-15T18:06:08.417Z","31.542821","1",NULL
"8303","2018-05-15T18:03:54.119Z","30.017964","5",NULL
"8304","2018-05-15T18:05:34.385Z","30.916802","3",NULL
"8305","2018-05-15T18:03:53.894Z","32.077921","6",NULL
"8306","2018-05-15T18:06:08.807Z","31.461285","1",NULL
"8307","2018-05-15T18:06:07.327Z","32.277019","2",NULL
"8308","2018-05-15T18:05:34.221Z","29.668135","4",NULL
"8309","2018-05-15T18:03:54.145Z","29.962972","5",NULL
"8310","2018-05-15T18:03:54.143Z","31.948631","6",NULL
"8311","2018-05-15T18:05:34.532Z","31.125135","3",NULL
"8312","2018-05-15T18:06:07.393Z","32.275843","2",NULL
"8313","2018-05-15T18:05:34.394Z","29.668135","4",NULL
"8314","2018-05-15T18:06:08.975Z","31.22744","1",NULL
"8315","2018-05-15T18:03:54.397Z","29.993862","5",NULL
"8316","2018-05-15T18:05:34.658Z","31.541802","3",NULL
"8317","2018-05-15T18:03:54.202Z","31.893639","6",NULL
"8318","2018-05-15T18:05:34.534Z","31.630802","4",NULL
"8319","2018-05-15T18:06:07.585Z","32.088584","2",NULL
"8320","2018-05-15T18:06:09.942Z","30.288066","1",NULL
"8321","2018-05-15T18:05:34.768Z","32.500135","3",NULL
"8322","2018-05-15T18:05:34.576Z","31.630802","4",NULL
"8323","2018-05-15T18:03:54.445Z","29.989425","5",NULL
"8324","2018-05-15T18:03:54.443Z","31.549529","6",NULL
"8325","2018-05-15T18:06:10.565Z","29.684043","1",NULL
"8326","2018-05-15T18:06:07.790Z","31.814821","2",NULL
"8327","2018-05-15T18:05:34.674Z","31.630802","4",NULL
"8328","2018-05-15T18:05:35.012Z","32.708468","3",NULL
"8329","2018-05-15T18:03:54.479Z","31.545092","6",NULL
"8330","2018-05-15T18:03:54.641Z","30.351556","5",NULL
"8331","2018-05-15T18:06:08.420Z","31.814821","2",NULL
"8332","2018-05-15T18:06:10.679Z","29.635391","1",NULL
"8333","2018-05-15T18:03:54.735Z","30.350528","5",NULL
"8334","2018-05-15T18:05:35.023Z","31.630802","4",NULL
"8335","2018-05-15T18:05:35.207Z","34.500135","3",NULL
"8336","2018-05-15T18:06:08.818Z","31.733285","2",NULL
"8337","2018-05-15T18:03:54.648Z","31.32389","6",NULL
"8338","2018-05-15T18:06:10.844Z","29.623558","1",NULL
"8339","2018-05-15T18:05:35.253Z","34.500135","3",NULL
"8340","2018-05-15T18:06:08.977Z","31.49944","2",NULL
"8341","2018-05-15T18:05:35.255Z","31.630802","4",NULL
"8342","2018-05-15T18:03:54.776Z","31.322862","6",NULL
"8343","2018-05-15T18:03:54.938Z","30.883669","5",NULL
"8344","2018-05-15T18:06:11.180Z","30.222662","1",NULL
"8345","2018-05-15T18:06:09.978Z","30.560066","2",NULL
"8346","2018-05-15T18:05:35.598Z","34.500135","3",NULL
"8347","2018-05-15T18:03:54.984Z","31.022669","6",NULL
"8348","2018-05-15T18:05:35.299Z","33.593468","4",NULL
"8349","2018-05-15T18:03:55.058Z","30.949151","5",NULL
"8350","2018-05-15T18:06:11.208Z","30.171151","1",NULL
"8351","2018-05-15T18:06:10.191Z","32.243234","2",NULL
"8352","2018-05-15T18:05:36.479Z","34.498188","3",NULL
"8353","2018-05-15T18:03:56.427Z","30.147083","6",NULL
"8354","2018-05-15T18:03:56.409Z","30.216416","5",NULL
"8355","2018-05-15T18:05:35.635Z","33.593468","4",NULL
"8356","2018-05-15T18:06:11.220Z","30.15853","1",NULL
"8357","2018-05-15T18:06:10.620Z","31.91871","2",NULL
"8358","2018-05-15T18:03:56.447Z","30.147083","6",NULL
"8359","2018-05-15T18:05:36.498Z","33.591521","4",NULL
"8360","2018-05-15T18:03:56.446Z","30.216416","5",NULL
"8361","2018-05-15T18:05:36.931Z","34.123891","3",NULL
"8362","2018-05-15T18:06:11.234Z","30.999602","1",NULL
"8363","2018-05-15T18:03:56.676Z","32.109749","6",NULL
"8364","2018-05-15T18:06:10.681Z","31.870058","2",NULL
"8365","2018-05-15T18:05:37.182Z","33.86273","3",NULL
"8366","2018-05-15T18:05:36.949Z","33.217224","4",NULL
"8367","2018-05-15T18:03:56.670Z","30.216416","5",NULL
"8368","2018-05-15T18:06:11.475Z","30.780644","1",NULL
"8369","2018-05-15T18:05:37.622Z","33.375811","3",NULL
"8370","2018-05-15T18:06:10.975Z","31.608225","2",NULL
"8371","2018-05-15T18:03:56.727Z","32.109749","6",NULL
"8372","2018-05-15T18:03:56.703Z","30.216416","5",NULL
"8373","2018-05-15T18:05:37.204Z","32.956063","4",NULL
"8374","2018-05-15T18:06:11.504Z","30.750829","1",NULL
"8375","2018-05-15T18:06:11.183Z","31.498996","2",NULL
"8376","2018-05-15T18:05:37.624Z","32.469144","4",NULL
"8377","2018-05-15T18:03:56.755Z","32.109749","6",NULL
"8378","2018-05-15T18:03:56.729Z","30.216416","5",NULL
"8379","2018-05-15T18:05:38.127Z","32.873916","3",NULL
"8380","2018-05-15T18:06:11.723Z","30.557843","1",NULL
"8381","2018-05-15T18:05:39.036Z","31.976415","3",NULL
"8382","2018-05-15T18:03:56.781Z","32.109749","6",NULL
"8383","2018-05-15T18:05:38.149Z","31.967249","4",NULL
"8384","2018-05-15T18:06:11.216Z","31.280818","2",NULL
"8385","2018-05-15T18:03:56.925Z","30.549749","5",NULL
"8386","2018-05-15T18:06:12.249Z","30.076417","1",NULL
"8387","2018-05-15T18:06:11.222Z","31.268197","2",NULL
"8388","2018-05-15T18:05:39.371Z","31.621603","3",NULL
"8389","2018-05-15T18:03:56.950Z","32.109749","6",NULL
"8390","2018-05-15T18:05:39.040Z","31.069748","4",NULL
"8391","2018-05-15T18:03:56.984Z","31.883083","5",NULL
"8392","2018-05-15T18:06:12.567Z","29.831038","1",NULL
"8393","2018-05-15T18:03:57.009Z","32.109749","6",NULL
"8394","2018-05-15T18:05:39.561Z","31.434082","3",NULL
"8395","2018-05-15T18:06:11.479Z","31.015311","2",NULL
"8396","2018-05-15T18:05:39.134Z","32.913533","4",NULL
"8397","2018-05-15T18:03:57.081Z","32.216416","5",NULL
"8398","2018-05-15T18:06:12.733Z","29.613304","1",NULL
"8399","2018-05-15T18:05:39.701Z","31.358385","3",NULL
"8400","2018-05-15T18:06:11.508Z","30.985496","2",NULL
"8401","2018-05-15T18:05:39.415Z","32.677603","4",NULL
"8402","2018-05-15T18:03:57.330Z","32.109749","6",NULL
"8403","2018-05-15T18:03:57.312Z","32.216416","5",NULL
"8404","2018-05-15T18:06:13.025Z","29.320195","1",NULL
"8405","2018-05-15T18:03:58.497Z","34.072416","6",NULL
"8406","2018-05-15T18:05:40.037Z","31.105887","3",NULL
"8407","2018-05-15T18:06:11.727Z","30.79251","2",NULL
"8408","2018-05-15T18:05:39.580Z","32.490082","4",NULL
"8409","2018-05-15T18:03:58.591Z","32.216416","5",NULL
"8410","2018-05-15T18:06:13.128Z","29.292398","1",NULL
"8411","2018-05-15T18:05:39.731Z","32.414385","4",NULL
"8412","2018-05-15T18:03:58.599Z","34.072416","6",NULL
"8413","2018-05-15T18:05:40.170Z","30.845496","3",NULL
"8414","2018-05-15T18:03:58.710Z","32.792462","5",NULL
"8415","2018-05-15T18:06:12.252Z","30.311084","2",NULL
"8416","2018-05-15T18:06:13.814Z","29.875731","1",NULL
"8417","2018-05-15T18:05:40.066Z","32.161887","4",NULL
"8418","2018-05-15T18:05:40.630Z","30.368017","3",NULL
"8419","2018-05-15T18:06:12.325Z","32.180274","2",NULL
"8420","2018-05-15T18:03:58.726Z","33.270506","5",NULL
"8421","2018-05-15T18:03:58.715Z","33.981795","6",NULL
"8422","2018-05-15T18:06:13.868Z","29.875731","1",NULL
"8423","2018-05-15T18:05:41.386Z","29.605532","3",NULL
"8424","2018-05-15T18:03:58.754Z","34.075319","5",NULL
"8425","2018-05-15T18:03:58.729Z","33.959839","6",NULL
"8426","2018-05-15T18:06:12.580Z","32.028371","2",NULL
"8427","2018-05-15T18:05:40.173Z","31.901496","4",NULL
"8428","2018-05-15T18:06:14.051Z","31.292398","1",NULL
"8429","2018-05-15T18:05:41.858Z","29.191338","3",NULL
"8430","2018-05-15T18:06:12.784Z","31.810637","2",NULL
"8431","2018-05-15T18:03:59.039Z","33.65091","6",NULL
"8432","2018-05-15T18:03:59.038Z","33.79491","5",NULL
"8433","2018-05-15T18:05:40.632Z","31.424017","4",NULL
"8434","2018-05-15T18:06:14.076Z","31.292398","1",NULL
"8435","2018-05-15T18:05:41.930Z","29.190429","3",NULL
"8436","2018-05-15T18:06:13.047Z","31.517528","2",NULL
"8437","2018-05-15T18:03:59.106Z","33.624052","6",NULL
"8438","2018-05-15T18:03:59.063Z","33.768052","5",NULL
"8439","2018-05-15T18:05:41.388Z","30.661532","4",NULL
"8440","2018-05-15T18:05:42.428Z","28.944199","3",NULL
"8441","2018-05-15T18:06:14.243Z","31.208461","1",NULL
"8442","2018-05-15T18:06:13.147Z","31.489731","2",NULL
"8443","2018-05-15T18:03:59.392Z","33.545153","5",NULL
"8444","2018-05-15T18:03:59.407Z","33.401153","6",NULL
"8445","2018-05-15T18:05:41.553Z","32.454136","4",NULL
"8446","2018-05-15T18:05:42.462Z","28.944199","3",NULL
"8447","2018-05-15T18:06:15.530Z","30.265049","1",NULL
"8448","2018-05-15T18:03:59.549Z","33.150622","6",NULL
"8449","2018-05-15T18:06:13.866Z","31.489731","2",NULL
"8450","2018-05-15T18:05:41.883Z","32.210005","4",NULL
"8451","2018-05-15T18:03:59.539Z","33.294622","5",NULL
"8452","2018-05-15T18:05:42.485Z","28.944199","3",NULL
"8453","2018-05-15T18:06:15.601Z","30.264076","1",NULL
"8454","2018-05-15T18:05:41.957Z","32.209096","4",NULL
"8455","2018-05-15T18:03:59.798Z","33.043225","5",NULL
"8456","2018-05-15T18:03:59.800Z","32.899225","6",NULL
"8457","2018-05-15T18:06:13.894Z","31.489731","2",NULL
"8458","2018-05-15T18:06:15.831Z","29.742129","1",NULL
"8459","2018-05-15T18:05:42.648Z","29.569199","3",NULL
"8460","2018-05-15T18:06:14.068Z","31.489731","2",NULL
"8461","2018-05-15T18:05:42.446Z","31.754533","4",NULL
"8462","2018-05-15T18:04:00.311Z","32.551734","5",NULL
"8463","2018-05-15T18:04:00.371Z","32.407734","6",NULL
"8464","2018-05-15T18:05:42.719Z","30.027533","3",NULL
"8465","2018-05-15T18:06:15.894Z","29.732738","1",NULL
"8466","2018-05-15T18:05:42.476Z","31.754533","4",NULL
"8467","2018-05-15T18:06:14.266Z","31.405794","2",NULL
"8468","2018-05-15T18:04:00.563Z","32.150243","6",NULL
"8469","2018-05-15T18:04:00.552Z","32.294243","5",NULL
"8470","2018-05-15T18:06:16.109Z","31.430512","1",NULL
"8471","2018-05-15T18:05:42.952Z","30.735866","3",NULL
"8472","2018-05-15T18:05:42.514Z","31.754533","4",NULL
"8473","2018-05-15T18:04:01.054Z","31.6475","6",NULL
"8474","2018-05-15T18:04:01.051Z","31.7915","5",NULL
"8475","2018-05-15T18:06:15.555Z","30.462382","2",NULL
"8476","2018-05-15T18:06:16.143Z","31.429344","1",NULL
"8477","2018-05-15T18:05:43.002Z","30.735866","3",NULL
"8478","2018-05-15T18:04:01.578Z","31.156359","6",NULL
"8479","2018-05-15T18:05:42.679Z","31.754533","4",NULL
"8480","2018-05-15T18:06:15.642Z","30.461409","2",NULL
"8481","2018-05-15T18:04:01.543Z","31.300359","5",NULL
"8482","2018-05-15T18:06:16.286Z","31.325941","1",NULL
"8483","2018-05-15T18:05:45.056Z","30.078243","3",NULL
"8484","2018-05-15T18:04:01.840Z","30.902555","6",NULL
"8485","2018-05-15T18:05:42.758Z","31.754533","4",NULL
"8486","2018-05-15T18:04:01.833Z","31.046555","5",NULL
"8487","2018-05-15T18:06:15.842Z","31.902129","2",NULL
"8488","2018-05-15T18:06:16.503Z","31.068652","1",NULL
"8489","2018-05-15T18:05:45.145Z","29.898444","3",NULL
"8490","2018-05-15T18:04:02.204Z","30.625388","6",NULL
"8491","2018-05-15T18:05:42.984Z","31.754533","4",NULL
"8492","2018-05-15T18:06:15.928Z","31.892738","2",NULL
"8493","2018-05-15T18:04:02.127Z","30.769388","5",NULL
"8494","2018-05-15T18:06:16.741Z","30.816345","1",NULL
"8495","2018-05-15T18:05:45.207Z","29.897408","3",NULL
"8496","2018-05-15T18:04:02.978Z","29.853921","5",NULL
"8497","2018-05-15T18:04:02.981Z","29.709921","6",NULL
"8498","2018-05-15T18:05:44.365Z","33.584706","4",NULL
"8499","2018-05-15T18:06:15.936Z","31.868552","2",NULL
"8500","2018-05-15T18:05:45.363Z","29.861709","3",NULL
"8501","2018-05-15T18:06:17.645Z","29.899594","1",NULL
"8502","2018-05-15T18:04:03.247Z","31.573821","5",NULL
"8503","2018-05-15T18:06:16.111Z","31.590512","2",NULL
"8504","2018-05-15T18:05:45.058Z","33.059576","4",NULL
"8505","2018-05-15T18:04:03.032Z","31.604235","6",NULL
"8506","2018-05-15T18:05:45.801Z","30.595179","3",NULL
"8507","2018-05-15T18:06:18.353Z","29.540485","1",NULL
"8508","2018-05-15T18:04:03.337Z","31.52704","5",NULL
"8509","2018-05-15T18:05:45.147Z","32.879777","4",NULL
"8510","2018-05-15T18:06:16.307Z","31.485941","2",NULL
"8511","2018-05-15T18:04:03.253Z","33.347765","6",NULL
"8512","2018-05-15T18:06:18.476Z","29.058501","1",NULL
"8513","2018-05-15T18:05:45.848Z","30.378222","3",NULL
"8514","2018-05-15T18:05:45.242Z","32.878741","4",NULL
"8515","2018-05-15T18:04:03.368Z","33.308373","6",NULL
"8516","2018-05-15T18:06:16.522Z","31.228652","2",NULL
"8517","2018-05-15T18:04:03.381Z","31.525929","5",NULL
"8518","2018-05-15T18:06:18.530Z","29.049126","1",NULL
"8519","2018-05-15T18:05:46.043Z","30.678886","3",NULL
"8520","2018-05-15T18:05:45.406Z","32.634709","4",NULL
"8521","2018-05-15T18:04:03.383Z","33.307262","6",NULL
"8522","2018-05-15T18:06:16.755Z","30.976345","2",NULL
"8523","2018-05-15T18:04:03.794Z","31.031714","5",NULL
"8524","2018-05-15T18:05:46.099Z","30.613758","3",NULL
"8525","2018-05-15T18:06:18.698Z","29.034598","1",NULL
"8526","2018-05-15T18:04:04.083Z","30.781","5",NULL
"8527","2018-05-15T18:04:03.902Z","32.813047","6",NULL
"8528","2018-05-15T18:05:45.813Z","32.493179","4",NULL
"8529","2018-05-15T18:06:17.682Z","30.059594","2",NULL
"8530","2018-05-15T18:05:46.226Z","30.777874","3",NULL
"8531","2018-05-15T18:06:18.905Z","29.701537","1",NULL
"8532","2018-05-15T18:04:04.304Z","30.525033","5",NULL
"8533","2018-05-15T18:04:04.102Z","32.562333","6",NULL
"8534","2018-05-15T18:06:18.366Z","29.700485","2",NULL
"8535","2018-05-15T18:05:45.916Z","32.276222","4",NULL
"8536","2018-05-15T18:05:46.651Z","30.382974","3",NULL
"8537","2018-05-15T18:06:18.972Z","29.66211","1",NULL
"8538","2018-05-15T18:04:04.820Z","30.092479","5",NULL
"8539","2018-05-15T18:05:46.062Z","31.993552","4",NULL
"8540","2018-05-15T18:04:04.414Z","32.306366","6",NULL
"8541","2018-05-15T18:06:18.509Z","31.181168","2",NULL
"8542","2018-05-15T18:04:05.770Z","29.29687","5",NULL
"8543","2018-05-15T18:06:19.021Z","30.510373","1",NULL
"8544","2018-05-15T18:05:46.680Z","30.382041","3",NULL
"8545","2018-05-15T18:06:18.543Z","31.171793","2",NULL
"8546","2018-05-15T18:04:04.883Z","31.873812","6",NULL
"8547","2018-05-15T18:05:46.110Z","31.928424","4",NULL
"8548","2018-05-15T18:05:46.852Z","30.134602","3",NULL
"8549","2018-05-15T18:04:05.970Z","29.29687","5",NULL
"8550","2018-05-15T18:06:19.209Z","30.322519","1",NULL
"8551","2018-05-15T18:04:05.818Z","31.078203","6",NULL
"8552","2018-05-15T18:06:18.545Z","31.170453","2",NULL
"8553","2018-05-15T18:05:46.654Z","31.364307","4",NULL
"8554","2018-05-15T18:05:47.033Z","31.974702","3",NULL
"8555","2018-05-15T18:04:06.109Z","30.42187","5",NULL
"8556","2018-05-15T18:06:19.378Z","30.176903","1",NULL
"8557","2018-05-15T18:05:46.692Z","31.363374","4",NULL
"8558","2018-05-15T18:04:05.973Z","31.078203","6",NULL
"8559","2018-05-15T18:06:18.742Z","31.032265","2",NULL
"8560","2018-05-15T18:05:47.112Z","31.858392","3",NULL
"8561","2018-05-15T18:04:06.208Z","31.29687","5",NULL
"8562","2018-05-15T18:06:20.535Z","29.490203","1",NULL
"8563","2018-05-15T18:04:06.035Z","33.04087","6",NULL
"8564","2018-05-15T18:06:18.968Z","30.782537","2",NULL
"8565","2018-05-15T18:05:46.854Z","31.115935","4",NULL
"8566","2018-05-15T18:05:47.124Z","31.851345","3",NULL
"8567","2018-05-15T18:06:20.866Z","29.490203","1",NULL
"8568","2018-05-15T18:04:06.414Z","31.29687","5",NULL
"8569","2018-05-15T18:05:46.948Z","32.97223","4",NULL
"8570","2018-05-15T18:06:18.973Z","30.74311","2",NULL
"8571","2018-05-15T18:04:06.168Z","33.04087","6",NULL
"8572","2018-05-15T18:06:20.987Z","29.823536","1",NULL
"8573","2018-05-15T18:04:06.790Z","31.206627","5",NULL
"8574","2018-05-15T18:05:47.374Z","31.594251","3",NULL
"8575","2018-05-15T18:04:06.435Z","33.04087","6",NULL
"8576","2018-05-15T18:06:19.212Z","30.445186","2",NULL
"8577","2018-05-15T18:05:47.115Z","32.802392","4",NULL
"8578","2018-05-15T18:04:07.111Z","30.92039","5",NULL
"8579","2018-05-15T18:06:21.082Z","31.490203","1",NULL
"8580","2018-05-15T18:05:47.890Z","31.095128","3",NULL
"8581","2018-05-15T18:04:06.797Z","32.950627","6",NULL
"8582","2018-05-15T18:06:19.429Z","30.29957","2",NULL
"8583","2018-05-15T18:05:47.126Z","32.795345","4",NULL
"8584","2018-05-15T18:04:07.359Z","30.65809","5",NULL
"8585","2018-05-15T18:05:48.372Z","30.595877","3",NULL
"8586","2018-05-15T18:06:21.303Z","31.480912","1",NULL
"8587","2018-05-15T18:04:07.163Z","32.66439","6",NULL
"8588","2018-05-15T18:06:20.551Z","29.61287","2",NULL
"8589","2018-05-15T18:05:47.381Z","32.538251","4",NULL
"8590","2018-05-15T18:05:49.042Z","29.922889","3",NULL
"8591","2018-05-15T18:04:08.584Z","29.412724","5",NULL
"8592","2018-05-15T18:06:21.475Z","31.403781","1",NULL
"8593","2018-05-15T18:06:20.868Z","31.575536","2",NULL
"8594","2018-05-15T18:05:47.892Z","32.039128","4",NULL
"8595","2018-05-15T18:04:07.531Z","32.40209","6",NULL
"8596","2018-05-15T18:04:08.628Z","29.396731","5",NULL
"8597","2018-05-15T18:05:49.774Z","30.354433","3",NULL
"8598","2018-05-15T18:06:21.798Z","31.144481","1",NULL
"8599","2018-05-15T18:06:20.902Z","31.575536","2",NULL
"8600","2018-05-15T18:04:08.587Z","31.156724","6",NULL
"8601","2018-05-15T18:05:48.374Z","31.539877","4",NULL
"8602","2018-05-15T18:04:08.874Z","29.115593","5",NULL
"8603","2018-05-15T18:05:49.798Z","30.335227","3",NULL
"8604","2018-05-15T18:06:23.080Z","29.939422","1",NULL
"8605","2018-05-15T18:06:21.026Z","31.575536","2",NULL
"8606","2018-05-15T18:05:49.046Z","30.866889","4",NULL
"8607","2018-05-15T18:04:08.658Z","31.140731","6",NULL
"8608","2018-05-15T18:06:23.645Z","29.641427","1",NULL
"8609","2018-05-15T18:04:08.897Z","29.132213","5",NULL
"8610","2018-05-15T18:05:49.848Z","30.423163","3",NULL
"8611","2018-05-15T18:06:21.314Z","31.566245","2",NULL
"8612","2018-05-15T18:05:49.119Z","32.763735","4",NULL
"8613","2018-05-15T18:04:08.881Z","30.859593","6",NULL
"8614","2018-05-15T18:04:08.962Z","31.022673","5",NULL
"8615","2018-05-15T18:06:24.021Z","28.896361","1",NULL
"8616","2018-05-15T18:05:49.889Z","30.422165","3",NULL
"8617","2018-05-15T18:06:21.602Z","31.489114","2",NULL
"8618","2018-05-15T18:04:09.212Z","30.76707","5",NULL
"8619","2018-05-15T18:05:49.792Z","32.1361","4",NULL
"8620","2018-05-15T18:04:08.910Z","30.834546","6",NULL
"8621","2018-05-15T18:05:50.325Z","30.753686","3",NULL
"8622","2018-05-15T18:06:24.132Z","28.941728","1",NULL
"8623","2018-05-15T18:06:21.883Z","31.229814","2",NULL
"8624","2018-05-15T18:04:09.215Z","30.51107","6",NULL
"8625","2018-05-15T18:04:09.290Z","30.68819","5",NULL
"8626","2018-05-15T18:05:49.806Z","32.116894","4",NULL
"8627","2018-05-15T18:06:24.191Z","28.938616","1",NULL
"8628","2018-05-15T18:05:50.366Z","30.727618","3",NULL
"8629","2018-05-15T18:05:49.862Z","32.038163","4",NULL
"8630","2018-05-15T18:06:23.107Z","30.024755","2",NULL
"8631","2018-05-15T18:05:50.390Z","30.727618","3",NULL
"8632","2018-05-15T18:05:50.051Z","32.037165","4",NULL
"8633","2018-05-15T18:04:09.850Z","30.186922","5",NULL
"8634","2018-05-15T18:06:23.647Z","29.72676","2",NULL
"8635","2018-05-15T18:05:50.616Z","30.755674","3",NULL
"8636","2018-05-15T18:06:24.342Z","29.684281","1",NULL
"8637","2018-05-15T18:05:50.351Z","31.660353","4",NULL
"8638","2018-05-15T18:04:09.293Z","30.43219","6",NULL
"8639","2018-05-15T18:04:11.281Z","29.059128","5",NULL
"8640","2018-05-15T18:06:24.027Z","30.944361","2",NULL
"8641","2018-05-15T18:04:09.855Z","29.930922","6",NULL
"8642","2018-05-15T18:06:24.366Z","29.683253","1",NULL
"8643","2018-05-15T18:05:50.779Z","32.053313","3",NULL
"8644","2018-05-15T18:06:24.050Z","30.899653","2",NULL
"8645","2018-05-15T18:05:50.783Z","32.052303","3",NULL
"8646","2018-05-15T18:04:11.535Z","28.577662","5",NULL
"8647","2018-05-15T18:06:25.059Z","29.845133","1",NULL
"8648","2018-05-15T18:04:11.283Z","28.803128","6",NULL
"8649","2018-05-15T18:05:50.370Z","31.634285","4",NULL
"8650","2018-05-15T18:05:50.811Z","32.270376","3",NULL
"8651","2018-05-15T18:06:24.135Z","30.864728","2",NULL
"8652","2018-05-15T18:04:11.701Z","28.366181","5",NULL
"8653","2018-05-15T18:04:11.570Z","28.321662","6",NULL
"8654","2018-05-15T18:06:24.209Z","30.861616","2",NULL
"8655","2018-05-15T18:05:50.735Z","31.495674","4",NULL
"8656","2018-05-15T18:06:25.071Z","29.843951","1",NULL
"8657","2018-05-15T18:05:50.971Z","32.110652","3",NULL
"8658","2018-05-15T18:06:25.080Z","29.817356","1",NULL
"8659","2018-05-15T18:04:11.851Z","29.127454","5",NULL
"8660","2018-05-15T18:04:11.708Z","30.072848","6",NULL
"8661","2018-05-15T18:06:24.364Z","30.648948","2",NULL
"8662","2018-05-15T18:05:51.990Z","31.136169","3",NULL
"8663","2018-05-15T18:06:25.163Z","29.707034","1",NULL
"8664","2018-05-15T18:05:50.781Z","31.20998","4",NULL
"8665","2018-05-15T18:04:12.048Z","29.817461","5",NULL
"8666","2018-05-15T18:05:50.785Z","31.20897","4",NULL
"8667","2018-05-15T18:04:11.728Z","30.021497","6",NULL
"8668","2018-05-15T18:06:24.414Z","30.64792","2",NULL
"8669","2018-05-15T18:06:25.443Z","29.520963","1",NULL
"8670","2018-05-15T18:05:52.167Z","31.54484","3",NULL
"8671","2018-05-15T18:04:12.223Z","29.795389","5",NULL
"8672","2018-05-15T18:06:25.063Z","29.893133","2",NULL
"8673","2018-05-15T18:04:11.889Z","29.959121","6",NULL
"8674","2018-05-15T18:06:25.758Z","29.604788","1",NULL
"8675","2018-05-15T18:05:52.237Z","32.252955","3",NULL
"8676","2018-05-15T18:05:50.974Z","31.017319","4",NULL
"8677","2018-05-15T18:04:12.390Z","29.674538","5",NULL
"8678","2018-05-15T18:06:25.075Z","29.891951","2",NULL
"8679","2018-05-15T18:05:52.020Z","30.042836","4",NULL
"8680","2018-05-15T18:05:52.352Z","32.747062","3",NULL
"8681","2018-05-15T18:06:25.856Z","29.575349","1",NULL
"8682","2018-05-15T18:04:12.094Z","29.732461","6",NULL
"8683","2018-05-15T18:04:12.520Z","29.520939","5",NULL
"8684","2018-05-15T18:06:25.205Z","29.755034","2",NULL
"8685","2018-05-15T18:04:12.413Z","29.381205","6",NULL
"8686","2018-05-15T18:06:26.440Z","30.094094","1",NULL
"8687","2018-05-15T18:05:52.398Z","32.701995","3",NULL
"8688","2018-05-15T18:05:52.174Z","31.83084","4",NULL
"8689","2018-05-15T18:06:25.526Z","29.568963","2",NULL
"8690","2018-05-15T18:04:13.036Z","28.979262","5",NULL
"8691","2018-05-15T18:05:52.199Z","31.800899","4",NULL
"8692","2018-05-15T18:06:26.522Z","30.062407","1",NULL
"8693","2018-05-15T18:04:12.539Z","29.227606","6",NULL
"8694","2018-05-15T18:05:52.619Z","32.485023","3",NULL
"8695","2018-05-15T18:06:25.811Z","29.194455","2",NULL
"8696","2018-05-15T18:04:13.566Z","28.808063","5",NULL
"8697","2018-05-15T18:06:26.729Z","30.155756","1",NULL
"8698","2018-05-15T18:04:13.038Z","28.685929","6",NULL
"8699","2018-05-15T18:05:52.900Z","32.23448","3",NULL
"8700","2018-05-15T18:05:52.273Z","31.747288","4",NULL
"8701","2018-05-15T18:06:25.859Z","29.165016","2",NULL
"8702","2018-05-15T18:04:14.104Z","28.168344","5",NULL
"8703","2018-05-15T18:05:52.428Z","31.571328","4",NULL
"8704","2018-05-15T18:05:53.236Z","31.974341","3",NULL
"8705","2018-05-15T18:04:13.569Z","30.477396","6",NULL
"8706","2018-05-15T18:06:27.175Z","29.960554","1",NULL
"8707","2018-05-15T18:04:14.161Z","28.168344","5",NULL
"8708","2018-05-15T18:06:26.498Z","28.642094","2",NULL
"8709","2018-05-15T18:04:13.703Z","30.118564","6",NULL
"8710","2018-05-15T18:06:27.223Z","29.956364","1",NULL
"8711","2018-05-15T18:05:53.547Z","31.669161","3",NULL
"8712","2018-05-15T18:05:52.621Z","31.354356","4",NULL
"8713","2018-05-15T18:06:26.572Z","28.610407","2",NULL
"8714","2018-05-15T18:04:14.485Z","28.668344","5",NULL
"8715","2018-05-15T18:04:14.122Z","29.837677","6",NULL
"8716","2018-05-15T18:05:53.026Z","31.103813","4",NULL
"8717","2018-05-15T18:05:54.386Z","30.89755","3",NULL
"8718","2018-05-15T18:06:28.472Z","28.89839","1",NULL
"8719","2018-05-15T18:06:27.203Z","28.008554","2",NULL
"8720","2018-05-15T18:04:14.610Z","29.001677","5",NULL
"8721","2018-05-15T18:05:53.269Z","30.843674","4",NULL
"8722","2018-05-15T18:04:14.172Z","29.837677","6",NULL
"8723","2018-05-15T18:06:28.870Z","28.908764","1",NULL
"8724","2018-05-15T18:05:54.615Z","30.89755","3",NULL
"8725","2018-05-15T18:06:27.227Z","28.004364","2",NULL
"8726","2018-05-15T18:04:14.699Z","30.168344","5",NULL
"8727","2018-05-15T18:05:54.740Z","32.89755","3",NULL
"8728","2018-05-15T18:06:29.191Z","29.033764","1",NULL
"8729","2018-05-15T18:05:53.550Z","30.538494","4",NULL
"8730","2018-05-15T18:04:14.503Z","31.800344","6",NULL
"8731","2018-05-15T18:06:28.549Z","26.904723","2",NULL
"8732","2018-05-15T18:04:14.805Z","32.168344","5",NULL
"8733","2018-05-15T18:05:54.389Z","29.766883","4",NULL
"8734","2018-05-15T18:05:54.812Z","32.89755","3",NULL
"8735","2018-05-15T18:06:29.213Z","29.033764","1",NULL
"8736","2018-05-15T18:04:14.532Z","31.800344","6",NULL
"8737","2018-05-15T18:04:14.857Z","32.168344","5",NULL
"8738","2018-05-15T18:06:28.880Z","26.665097","2",NULL
"8739","2018-05-15T18:05:54.619Z","29.766883","4",NULL
"8740","2018-05-15T18:04:14.615Z","31.800344","6",NULL
"8741","2018-05-15T18:06:30.185Z","28.079029","1",NULL
"8742","2018-05-15T18:05:56.702Z","32.89755","3",NULL
"8743","2018-05-15T18:06:29.193Z","28.627764","2",NULL
"8744","2018-05-15T18:05:54.814Z","29.766883","4",NULL
"8745","2018-05-15T18:04:15.493Z","34.168344","5",NULL
"8746","2018-05-15T18:06:30.269Z","28.027108","1",NULL
"8747","2018-05-15T18:04:14.869Z","31.800344","6",NULL
"8748","2018-05-15T18:05:57.038Z","32.89755","3",NULL
"8749","2018-05-15T18:06:29.215Z","28.627764","2",NULL
"8750","2018-05-15T18:04:15.557Z","34.168344","5",NULL
"8751","2018-05-15T18:05:56.728Z","31.72955","4",NULL
"8752","2018-05-15T18:06:30.587Z","28.244675","1",NULL
"8753","2018-05-15T18:05:58.369Z","32.844398","3",NULL
"8754","2018-05-15T18:04:15.458Z","33.763011","6",NULL
"8755","2018-05-15T18:04:16.544Z","34.148613","5",NULL
"8756","2018-05-15T18:06:29.217Z","28.27207","2",NULL
"8757","2018-05-15T18:05:56.744Z","31.72955","4",NULL
"8758","2018-05-15T18:05:59.168Z","32.323289","3",NULL
"8759","2018-05-15T18:06:30.596Z","28.243206","1",NULL
"8760","2018-05-15T18:04:15.559Z","33.763011","6",NULL
"8761","2018-05-15T18:04:16.807Z","33.965598","5",NULL
"8762","2018-05-15T18:06:30.229Z","29.385695","2",NULL
"8763","2018-05-15T18:05:56.908Z","33.692217","4",NULL
"8764","2018-05-15T18:05:59.332Z","32.008255","3",NULL
"8765","2018-05-15T18:04:16.546Z","33.74328","6",NULL
"8766","2018-05-15T18:06:30.641Z","28.567037","1",NULL
"8767","2018-05-15T18:05:59.619Z","31.654287","3",NULL
"8768","2018-05-15T18:06:30.291Z","29.333774","2",NULL
"8769","2018-05-15T18:05:57.040Z","33.692217","4",NULL
"8770","2018-05-15T18:04:17.304Z","33.463498","5",NULL
"8771","2018-05-15T18:04:16.819Z","33.560265","6",NULL
"8772","2018-05-15T18:06:30.648Z","28.563374","1",NULL
"8773","2018-05-15T18:04:18.050Z","32.750407","5",NULL
"8774","2018-05-15T18:06:30.312Z","29.239675","2",NULL
"8775","2018-05-15T18:05:58.371Z","33.639065","4",NULL
"8776","2018-05-15T18:05:59.959Z","31.39184","3",NULL
"8777","2018-05-15T18:06:30.673Z","28.784109","1",NULL
"8778","2018-05-15T18:04:17.354Z","33.058165","6",NULL
"8779","2018-05-15T18:04:18.288Z","32.464488","5",NULL
"8780","2018-05-15T18:06:00.381Z","30.900906","3",NULL
"8781","2018-05-15T18:05:59.217Z","33.117956","4",NULL
"8782","2018-05-15T18:06:30.593Z","29.093008","2",NULL
"8783","2018-05-15T18:04:18.070Z","32.345074","6",NULL
"8784","2018-05-15T18:06:30.793Z","29.618744","1",NULL
"8785","2018-05-15T18:04:18.568Z","32.192252","5",NULL
"8786","2018-05-15T18:06:00.871Z","30.40268","3",NULL
"8787","2018-05-15T18:05:59.372Z","32.802922","4",NULL
"8788","2018-05-15T18:06:30.598Z","29.091539","2",NULL
"8789","2018-05-15T18:06:30.936Z","30.517319","1",NULL
"8790","2018-05-15T18:04:19.057Z","31.714152","5",NULL
"8791","2018-05-15T18:04:18.293Z","32.059155","6",NULL
"8792","2018-05-15T18:05:59.623Z","32.448954","4",NULL
"8793","2018-05-15T18:06:01.679Z","29.651796","3",NULL
"8794","2018-05-15T18:06:30.644Z","28.79037","2",NULL
"8795","2018-05-15T18:04:19.302Z","31.460113","5",NULL
"8796","2018-05-15T18:04:18.604Z","31.786919","6",NULL
"8797","2018-05-15T18:06:31.263Z","30.503653","1",NULL
"8798","2018-05-15T18:06:02.120Z","29.282376","3",NULL
"8799","2018-05-15T18:06:30.650Z","28.786707","2",NULL
"8800","2018-05-15T18:06:00.004Z","32.186507","4",NULL
"8801","2018-05-15T18:04:19.795Z","30.964573","5",NULL
"8802","2018-05-15T18:06:31.893Z","30.510773","1",NULL
"8803","2018-05-15T18:04:19.072Z","31.308819","6",NULL
"8804","2018-05-15T18:06:02.703Z","29.193514","3",NULL
"8805","2018-05-15T18:06:30.675Z","30.720109","2",NULL
"8806","2018-05-15T18:06:00.400Z","31.695573","4",NULL
"8807","2018-05-15T18:06:31.898Z","30.509829","1",NULL
"8808","2018-05-15T18:04:19.305Z","31.05478","6",NULL
"8809","2018-05-15T18:04:20.488Z","30.291947","5",NULL
"8810","2018-05-15T18:06:32.151Z","31.407854","1",NULL
"8811","2018-05-15T18:06:00.873Z","31.197347","4",NULL
"8812","2018-05-15T18:06:02.722Z","29.193514","3",NULL
"8813","2018-05-15T18:06:30.825Z","30.596411","2",NULL
"8814","2018-05-15T18:04:19.797Z","30.55924","6",NULL
"8815","2018-05-15T18:04:21.074Z","29.856353","5",NULL
"8816","2018-05-15T18:06:01.733Z","30.446463","4",NULL
"8817","2018-05-15T18:06:32.646Z","31.082681","1",NULL
"8818","2018-05-15T18:06:31.280Z","30.314653","2",NULL
"8819","2018-05-15T18:06:02.725Z","29.651847","3",NULL
"8820","2018-05-15T18:04:20.500Z","29.886614","6",NULL
"8821","2018-05-15T18:04:21.339Z","29.504786","5",NULL
"8822","2018-05-15T18:06:01.856Z","32.170067","4",NULL
"8823","2018-05-15T18:06:32.677Z","30.988115","1",NULL
"8824","2018-05-15T18:06:31.896Z","29.821773","2",NULL
"8825","2018-05-15T18:06:02.895Z","30.693514","3",NULL
"8826","2018-05-15T18:04:21.100Z","31.413686","6",NULL
"8827","2018-05-15T18:04:21.623Z","29.275352","5",NULL
"8828","2018-05-15T18:06:02.140Z","32.039709","4",NULL
"8829","2018-05-15T18:06:32.701Z","30.809024","1",NULL
"8830","2018-05-15T18:06:31.925Z","29.820829","2",NULL
"8831","2018-05-15T18:06:03.007Z","30.693514","3",NULL
"8832","2018-05-15T18:04:21.123Z","31.237807","6",NULL
"8833","2018-05-15T18:04:21.675Z","29.225312","5",NULL
"8834","2018-05-15T18:06:02.707Z","31.450847","4",NULL
"8835","2018-05-15T18:06:32.837Z","30.809024","1",NULL
"8836","2018-05-15T18:06:31.941Z","31.592829","2",NULL
"8837","2018-05-15T18:06:03.145Z","32.693514","3",NULL
"8838","2018-05-15T18:04:21.408Z","31.062119","6",NULL
"8839","2018-05-15T18:04:21.962Z","29.296028","5",NULL
"8840","2018-05-15T18:06:02.723Z","31.450847","4",NULL
"8841","2018-05-15T18:06:32.882Z","30.809024","1",NULL
"8842","2018-05-15T18:06:32.209Z","31.389854","2",NULL
"8843","2018-05-15T18:06:03.237Z","32.693514","3",NULL
"8844","2018-05-15T18:04:21.989Z","29.294997","5",NULL
"8845","2018-05-15T18:04:21.411Z","32.928382","6",NULL
"8846","2018-05-15T18:06:02.726Z","31.450847","4",NULL
"8847","2018-05-15T18:06:32.994Z","31.267357","1",NULL
"8848","2018-05-15T18:06:32.651Z","30.981348","2",NULL
"8849","2018-05-15T18:06:04.221Z","34.693514","3",NULL
"8850","2018-05-15T18:04:22.054Z","29.526889","5",NULL
"8851","2018-05-15T18:04:21.672Z","32.795352","6",NULL
"8852","2018-05-15T18:06:03.016Z","31.450847","4",NULL
"8853","2018-05-15T18:06:32.688Z","30.886782","2",NULL
"8854","2018-05-15T18:06:33.205Z","32.809024","1",NULL
"8855","2018-05-15T18:06:04.270Z","34.693514","3",NULL
"8856","2018-05-15T18:04:22.155Z","29.832416","5",NULL
"8857","2018-05-15T18:04:21.722Z","32.745312","6",NULL
"8858","2018-05-15T18:06:03.244Z","31.450847","4",NULL
"8859","2018-05-15T18:06:32.846Z","30.707691","2",NULL
"8860","2018-05-15T18:06:05.626Z","34.524944","3",NULL
"8861","2018-05-15T18:06:33.277Z","32.794928","1",NULL
"8862","2018-05-15T18:04:22.268Z","30.375601","5",NULL
"8863","2018-05-15T18:04:21.977Z","32.357695","6",NULL
"8864","2018-05-15T18:06:04.120Z","33.413514","4",NULL
"8865","2018-05-15T18:06:33.315Z","32.792202","1",NULL
"8866","2018-05-15T18:06:06.235Z","34.01039","3",NULL
"8867","2018-05-15T18:06:32.900Z","30.707691","2",NULL
"8868","2018-05-15T18:04:22.011Z","32.356664","6",NULL
"8869","2018-05-15T18:04:22.320Z","30.440776","5",NULL
"8870","2018-05-15T18:06:04.282Z","33.413514","4",NULL
"8871","2018-05-15T18:06:33.732Z","32.419701","1",NULL
"8872","2018-05-15T18:06:06.619Z","33.531478","3",NULL
"8873","2018-05-15T18:06:33.025Z","30.707691","2",NULL
"8874","2018-05-15T18:04:22.067Z","32.213556","6",NULL
"8875","2018-05-15T18:04:22.889Z","29.894526","5",NULL
"8876","2018-05-15T18:06:05.634Z","33.244944","4",NULL
"8877","2018-05-15T18:06:33.244Z","30.707691","2",NULL
"8878","2018-05-15T18:06:34.027Z","32.144607","1",NULL
"8879","2018-05-15T18:06:06.908Z","33.280571","3",NULL
"8880","2018-05-15T18:04:22.949Z","29.893496","5",NULL
"8881","2018-05-15T18:04:22.192Z","32.144083","6",NULL
"8882","2018-05-15T18:06:06.261Z","32.73039","4",NULL
"8883","2018-05-15T18:06:34.520Z","31.629229","1",NULL
"8884","2018-05-15T18:06:07.136Z","33.027854","3",NULL
"8885","2018-05-15T18:06:33.325Z","30.690869","2",NULL
"8886","2018-05-15T18:04:23.380Z","29.509776","5",NULL
"8887","2018-05-15T18:04:22.294Z","32.020601","6",NULL
"8888","2018-05-15T18:06:06.621Z","32.251478","4",NULL
"8889","2018-05-15T18:06:35.108Z","31.238199","1",NULL
"8890","2018-05-15T18:06:33.744Z","30.318368","2",NULL
"8891","2018-05-15T18:06:07.389Z","32.775919","3",NULL
"8892","2018-05-15T18:04:22.909Z","31.414526","6",NULL
"8893","2018-05-15T18:04:23.885Z","29.355204","5",NULL
"8894","2018-05-15T18:06:34.029Z","30.043274","2",NULL
"8895","2018-05-15T18:06:35.176Z","31.237048","1",NULL
"8896","2018-05-15T18:06:06.910Z","32.000571","4",NULL
"8897","2018-05-15T18:06:07.894Z","32.273396","3",NULL
"8898","2018-05-15T18:04:24.001Z","29.300655","5",NULL
"8899","2018-05-15T18:04:22.951Z","31.413496","6",NULL
"8900","2018-05-15T18:06:07.139Z","31.747854","4",NULL
"8901","2018-05-15T18:06:34.533Z","29.527896","2",NULL
"8902","2018-05-15T18:06:35.274Z","32.867562","1",NULL
"8903","2018-05-15T18:06:08.371Z","31.782779","3",NULL
"8904","2018-05-15T18:04:24.271Z","30.041131","5",NULL
"8905","2018-05-15T18:04:23.410Z","32.992443","6",NULL
"8906","2018-05-15T18:06:34.741Z","31.26276","2",NULL
"8907","2018-05-15T18:06:35.305Z","32.836359","1",NULL
"8908","2018-05-15T18:06:09.404Z","30.805718","3",NULL
"8909","2018-05-15T18:06:07.392Z","31.495919","4",NULL
"8910","2018-05-15T18:06:35.132Z","30.932865","2",NULL
"8911","2018-05-15T18:04:23.525Z","32.703282","6",NULL
"8912","2018-05-15T18:04:24.403Z","30.021222","5",NULL
"8913","2018-05-15T18:06:35.473Z","32.672544","1",NULL
"8914","2018-05-15T18:06:07.952Z","30.993396","4",NULL
"8915","2018-05-15T18:06:09.681Z","30.48976","3",NULL
"8916","2018-05-15T18:06:35.198Z","30.931714","2",NULL
"8917","2018-05-15T18:04:24.612Z","30.100361","5",NULL
"8918","2018-05-15T18:04:23.999Z","32.546204","6",NULL
"8919","2018-05-15T18:06:09.763Z","30.488481","3",NULL
"8920","2018-05-15T18:06:08.373Z","30.502779","4",NULL
"8921","2018-05-15T18:06:35.722Z","32.423195","1",NULL
"8922","2018-05-15T18:06:35.342Z","30.697692","2",NULL
"8923","2018-05-15T18:04:24.003Z","32.491655","6",NULL
"8924","2018-05-15T18:04:24.623Z","30.09917","5",NULL
"8925","2018-05-15T18:06:36.222Z","31.922494","1",NULL
"8926","2018-05-15T18:06:09.412Z","31.488385","4",NULL
"8927","2018-05-15T18:06:10.199Z","31.544353","3",NULL
"8928","2018-05-15T18:06:35.476Z","30.533877","2",NULL
"8929","2018-05-15T18:04:24.332Z","32.107131","6",NULL
"8930","2018-05-15T18:04:24.652Z","30.096131","5",NULL
"8931","2018-05-15T18:06:36.506Z","31.667921","1",NULL
"8932","2018-05-15T18:06:10.238Z","31.534357","3",NULL
"8933","2018-05-15T18:06:09.639Z","31.196076","4",NULL
"8934","2018-05-15T18:04:24.443Z","32.087222","6",NULL
"8935","2018-05-15T18:06:35.725Z","30.284528","2",NULL
"8936","2018-05-15T18:04:24.798Z","29.995262","5",NULL
"8937","2018-05-15T18:06:10.564Z","31.467607","3",NULL
"8938","2018-05-15T18:06:09.706Z","31.172427","4",NULL
"8939","2018-05-15T18:06:37.113Z","31.029287","1",NULL
"8940","2018-05-15T18:06:36.224Z","29.783827","2",NULL
"8941","2018-05-15T18:04:24.616Z","31.624695","6",NULL
"8942","2018-05-15T18:04:25.001Z","30.313389","5",NULL
"8943","2018-05-15T18:06:09.809Z","31.171148","4",NULL
"8944","2018-05-15T18:06:37.689Z","30.521641","1",NULL
"8945","2018-05-15T18:06:10.570Z","31.459797","3",NULL
"8946","2018-05-15T18:06:36.607Z","29.529254","2",NULL
"8947","2018-05-15T18:04:24.644Z","31.623504","6",NULL
"8948","2018-05-15T18:06:38.014Z","30.175746","1",NULL
"8949","2018-05-15T18:04:26.508Z","29.717132","5",NULL
"8950","2018-05-15T18:06:10.578Z","31.57204","3",NULL
"8951","2018-05-15T18:06:10.020Z","32.774145","4",NULL
"8952","2018-05-15T18:06:10.615Z","31.533095","3",NULL
"8953","2018-05-15T18:06:37.131Z","28.89062","2",NULL
"8954","2018-05-15T18:06:38.218Z","29.978358","1",NULL
"8955","2018-05-15T18:04:24.828Z","31.477929","6",NULL
"8956","2018-05-15T18:04:26.596Z","29.711735","5",NULL
"8957","2018-05-15T18:06:37.693Z","28.382974","2",NULL
"8958","2018-05-15T18:06:10.204Z","32.689686","4",NULL
"8959","2018-05-15T18:04:25.066Z","31.296056","6",NULL
"8960","2018-05-15T18:04:26.979Z","29.591192","5",NULL
"8961","2018-05-15T18:06:10.868Z","31.283184","3",NULL
"8962","2018-05-15T18:06:38.381Z","29.956887","1",NULL
"8963","2018-05-15T18:06:10.505Z","32.67969","4",NULL
"8964","2018-05-15T18:06:38.019Z","29.999746","2",NULL
"8965","2018-05-15T18:04:27.014Z","29.590275","5",NULL
"8966","2018-05-15T18:04:26.574Z","30.116466","6",NULL
"8967","2018-05-15T18:06:11.834Z","31.051065","3",NULL
"8968","2018-05-15T18:06:38.503Z","30.696775","1",NULL
"8969","2018-05-15T18:06:38.048Z","29.944471","2",NULL
"8970","2018-05-15T18:06:10.567Z","32.23794","4",NULL
"8971","2018-05-15T18:04:27.396Z","29.406871","5",NULL
"8972","2018-05-15T18:06:12.014Z","32.967732","3",NULL
"8973","2018-05-15T18:04:26.617Z","30.111069","6",NULL
"8974","2018-05-15T18:06:38.530Z","30.684573","1",NULL
"8975","2018-05-15T18:06:10.572Z","32.23013","4",NULL
"8976","2018-05-15T18:06:38.347Z","29.802358","2",NULL
"8977","2018-05-15T18:06:12.056Z","33.051065","3",NULL
"8978","2018-05-15T18:04:26.999Z","29.573859","6",NULL
"8979","2018-05-15T18:04:27.477Z","29.405966","5",NULL
"8980","2018-05-15T18:06:38.672Z","31.486707","1",NULL
"8981","2018-05-15T18:06:10.674Z","32.178428","4",NULL
"8982","2018-05-15T18:06:38.430Z","29.780887","2",NULL
"8983","2018-05-15T18:04:27.025Z","29.572942","6",NULL
"8984","2018-05-15T18:04:27.606Z","29.226583","5",NULL
"8985","2018-05-15T18:06:38.801Z","31.343771","1",NULL
"8986","2018-05-15T18:06:12.312Z","33.051065","3",NULL
"8987","2018-05-15T18:06:38.528Z","29.479108","2",NULL
"8988","2018-05-15T18:06:10.922Z","31.928517","4",NULL
"8989","2018-05-15T18:04:27.646Z","29.188063","5",NULL
"8990","2018-05-15T18:04:27.399Z","31.102204","6",NULL
"8991","2018-05-15T18:06:38.997Z","31.164784","1",NULL
"8992","2018-05-15T18:06:12.872Z","32.978873","3",NULL
"8993","2018-05-15T18:06:11.849Z","31.696398","4",NULL
"8994","2018-05-15T18:06:38.537Z","29.466906","2",NULL
"8995","2018-05-15T18:04:27.940Z","29.155133","5",NULL
"8996","2018-05-15T18:04:27.484Z","31.101299","6",NULL
"8997","2018-05-15T18:06:39.484Z","30.672139","1",NULL
"8998","2018-05-15T18:06:13.121Z","32.732696","3",NULL
"8999","2018-05-15T18:06:11.949Z","33.659065","4",NULL
"9000","2018-05-15T18:06:38.807Z","29.167771","2",NULL
"9001","2018-05-15T18:04:28.923Z","28.047527","5",NULL
"9002","2018-05-15T18:04:27.506Z","30.796768","6",NULL
"9003","2018-05-15T18:06:39.999Z","30.153486","1",NULL
"9004","2018-05-15T18:06:13.516Z","32.488285","3",NULL
"9005","2018-05-15T18:06:39.025Z","28.988784","2",NULL
"9006","2018-05-15T18:06:12.032Z","33.659065","4",NULL
"9007","2018-05-15T18:04:28.952Z","28.047527","5",NULL
"9008","2018-05-15T18:04:27.622Z","30.671916","6",NULL
"9009","2018-05-15T18:06:40.003Z","30.149333","1",NULL
"9010","2018-05-15T18:06:14.295Z","31.602547","3",NULL
"9011","2018-05-15T18:06:39.486Z","28.496139","2",NULL
"9012","2018-05-15T18:06:12.314Z","33.659065","4",NULL
"9013","2018-05-15T18:04:29.185Z","28.25586","5",NULL
"9014","2018-05-15T18:06:40.436Z","29.737084","1",NULL
"9015","2018-05-15T18:06:14.825Z","31.1237","3",NULL
"9016","2018-05-15T18:04:27.809Z","30.633396","6",NULL
"9017","2018-05-15T18:06:40.001Z","29.940153","2",NULL
"9018","2018-05-15T18:06:12.901Z","33.586873","4",NULL
"9019","2018-05-15T18:06:40.544Z","31.622982","1",NULL
"9020","2018-05-15T18:04:29.196Z","28.25586","5",NULL
"9021","2018-05-15T18:06:15.116Z","30.738532","3",NULL
"9022","2018-05-15T18:04:28.928Z","29.49286","6",NULL
"9023","2018-05-15T18:06:40.004Z","29.936","2",NULL
"9024","2018-05-15T18:06:13.131Z","33.340696","4",NULL
"9025","2018-05-15T18:04:28.987Z","29.49286","6",NULL
"9026","2018-05-15T18:06:40.607Z","31.590348","1",NULL
"9027","2018-05-15T18:04:29.280Z","28.922527","5",NULL
"9028","2018-05-15T18:06:15.379Z","31.160142","3",NULL
"9029","2018-05-15T18:06:40.006Z","29.933977","2",NULL
"9030","2018-05-15T18:06:13.546Z","33.096285","4",NULL
"9031","2018-05-15T18:06:40.648Z","31.590348","1",NULL
"9032","2018-05-15T18:04:29.191Z","29.49286","6",NULL
"9033","2018-05-15T18:06:15.521Z","31.669793","3",NULL
"9034","2018-05-15T18:04:29.672Z","30.047527","5",NULL
"9035","2018-05-15T18:06:14.299Z","32.210547","4",NULL
"9036","2018-05-15T18:06:40.439Z","29.523751","2",NULL
"9037","2018-05-15T18:06:15.556Z","31.657906","3",NULL
"9038","2018-05-15T18:04:29.209Z","29.49286","6",NULL
"9039","2018-05-15T18:06:41.028Z","31.590348","1",NULL
"9040","2018-05-15T18:04:29.717Z","30.047527","5",NULL
"9041","2018-05-15T18:06:14.883Z","31.7317","4",NULL
"9042","2018-05-15T18:06:40.646Z","29.377015","2",NULL
"9043","2018-05-15T18:06:42.413Z","31.501674","1",NULL
"9044","2018-05-15T18:04:29.295Z","31.455527","6",NULL
"9045","2018-05-15T18:06:15.693Z","32.145206","3",NULL
"9046","2018-05-15T18:04:29.845Z","32.047527","5",NULL
"9047","2018-05-15T18:06:15.157Z","31.346532","4",NULL
"9048","2018-05-15T18:06:40.649Z","29.377015","2",NULL
"9049","2018-05-15T18:06:15.809Z","32.015752","3",NULL
"9050","2018-05-15T18:04:29.904Z","32.089194","5",NULL
"9051","2018-05-15T18:04:29.443Z","31.455527","6",NULL
"9052","2018-05-15T18:06:42.671Z","31.192907","1",NULL
"9053","2018-05-15T18:06:41.052Z","29.377015","2",NULL
"9054","2018-05-15T18:06:15.449Z","31.101475","4",NULL
"9055","2018-05-15T18:06:15.873Z","31.958906","3",NULL
"9056","2018-05-15T18:04:29.704Z","31.455527","6",NULL
"9057","2018-05-15T18:06:42.777Z","31.954931","1",NULL
"9058","2018-05-15T18:04:30.726Z","34.047527","5",NULL
"9059","2018-05-15T18:06:42.415Z","29.288341","2",NULL
"9060","2018-05-15T18:06:15.533Z","30.94446","4",NULL
"9061","2018-05-15T18:04:31.049Z","34.047527","5",NULL
"9062","2018-05-15T18:04:29.922Z","31.455527","6",NULL
"9063","2018-05-15T18:06:16.209Z","31.621764","3",NULL
"9064","2018-05-15T18:06:43.311Z","32.412549","1",NULL
"9065","2018-05-15T18:06:15.627Z","30.932573","4",NULL
"9066","2018-05-15T18:06:42.673Z","30.94224","2",NULL
"9067","2018-05-15T18:06:17.429Z","30.462785","3",NULL
"9068","2018-05-15T18:04:31.078Z","31.455527","6",NULL
"9069","2018-05-15T18:04:31.417Z","34.214194","5",NULL
"9070","2018-05-15T18:06:43.360Z","32.274004","1",NULL
"9071","2018-05-15T18:06:42.726Z","30.93374","2",NULL
"9072","2018-05-15T18:06:15.815Z","30.623752","4",NULL
"9073","2018-05-15T18:06:43.539Z","32.419771","1",NULL
"9074","2018-05-15T18:06:17.439Z","30.432563","3",NULL
"9075","2018-05-15T18:04:31.584Z","36.047527","5",NULL
"9076","2018-05-15T18:04:31.249Z","33.418194","6",NULL
"9077","2018-05-15T18:06:42.856Z","30.829264","2",NULL
"9078","2018-05-15T18:06:15.876Z","30.566906","4",NULL
"9079","2018-05-15T18:04:31.611Z","36.047527","5",NULL
"9080","2018-05-15T18:04:31.448Z","33.418194","6",NULL
"9081","2018-05-15T18:06:43.644Z","32.341801","1",NULL
"9082","2018-05-15T18:06:17.505Z","32.31351","3",NULL
"9083","2018-05-15T18:06:16.211Z","30.229764","4",NULL
"9084","2018-05-15T18:06:43.321Z","30.453549","2",NULL
"9085","2018-05-15T18:06:43.806Z","32.094866","1",NULL
"9086","2018-05-15T18:04:31.612Z","33.418194","6",NULL
"9087","2018-05-15T18:04:32.852Z","36.04245","5",NULL
"9088","2018-05-15T18:06:17.564Z","32.255212","3",NULL
"9089","2018-05-15T18:06:16.555Z","31.840589","4",NULL
"9090","2018-05-15T18:06:43.416Z","30.315004","2",NULL
"9091","2018-05-15T18:06:43.884Z","32.039423","1",NULL
"9092","2018-05-15T18:04:33.116Z","35.816008","5",NULL
"9093","2018-05-15T18:04:32.860Z","33.413117","6",NULL
"9094","2018-05-15T18:06:17.616Z","32.204769","3",NULL
"9095","2018-05-15T18:06:17.437Z","31.033452","4",NULL
"9096","2018-05-15T18:06:43.626Z","30.169104","2",NULL
"9097","2018-05-15T18:06:44.132Z","31.757035","1",NULL
"9098","2018-05-15T18:06:17.887Z","31.953268","3",NULL
"9099","2018-05-15T18:04:33.137Z","33.186675","6",NULL
"9100","2018-05-15T18:04:33.411Z","35.553686","5",NULL
"9101","2018-05-15T18:06:43.692Z","30.091134","2",NULL
"9102","2018-05-15T18:06:17.441Z","31.00323","4",NULL
"9103","2018-05-15T18:04:33.451Z","32.924353","6",NULL
"9104","2018-05-15T18:06:18.123Z","31.70234","3",NULL
"9105","2018-05-15T18:04:33.794Z","35.070534","5",NULL
"9106","2018-05-15T18:06:44.887Z","31.050574","1",NULL
"9107","2018-05-15T18:04:33.797Z","32.441201","6",NULL
"9108","2018-05-15T18:06:17.453Z","32.902552","4",NULL
"9109","2018-05-15T18:06:44.068Z","29.788756","2",NULL
"9110","2018-05-15T18:06:18.415Z","31.45115","3",NULL
"9111","2018-05-15T18:04:34.292Z","34.576549","5",NULL
"9112","2018-05-15T18:04:34.343Z","31.947216","6",NULL
"9113","2018-05-15T18:06:44.933Z","30.990134","1",NULL
"9114","2018-05-15T18:06:44.188Z","29.506368","2",NULL
"9115","2018-05-15T18:06:17.576Z","32.788545","4",NULL
"9116","2018-05-15T18:06:19.577Z","30.25634","3",NULL
"9117","2018-05-15T18:04:34.555Z","34.320743","5",NULL
"9118","2018-05-15T18:04:34.557Z","31.69141","6",NULL
"9119","2018-05-15T18:06:45.132Z","30.758573","1",NULL
"9120","2018-05-15T18:06:20.040Z","29.787906","3",NULL
"9121","2018-05-15T18:06:44.897Z","28.799907","2",NULL
"9122","2018-05-15T18:06:17.662Z","32.738102","4",NULL
"9123","2018-05-15T18:04:34.890Z","31.436885","6",NULL
"9124","2018-05-15T18:04:34.863Z","34.066218","5",NULL
"9125","2018-05-15T18:06:45.249Z","30.643132","1",NULL
"9126","2018-05-15T18:06:20.102Z","29.765236","3",NULL
"9127","2018-05-15T18:04:35.453Z","30.846609","6",NULL
"9128","2018-05-15T18:06:44.935Z","28.739467","2",NULL
"9129","2018-05-15T18:06:17.910Z","32.486601","4",NULL
"9130","2018-05-15T18:04:35.396Z","33.475942","5",NULL
"9131","2018-05-15T18:06:20.106Z","29.765236","3",NULL
"9132","2018-05-15T18:06:45.823Z","30.218127","1",NULL
"9133","2018-05-15T18:04:35.758Z","32.428682","6",NULL
"9134","2018-05-15T18:04:35.825Z","33.054232","5",NULL
"9135","2018-05-15T18:06:45.135Z","30.470573","2",NULL
"9136","2018-05-15T18:06:18.155Z","32.235673","4",NULL
"9137","2018-05-15T18:06:20.195Z","31.765236","3",NULL
"9138","2018-05-15T18:06:45.941Z","30.739023","1",NULL
"9139","2018-05-15T18:04:35.835Z","32.387565","6",NULL
"9140","2018-05-15T18:04:35.928Z","32.967147","5",NULL
"9141","2018-05-15T18:06:20.447Z","31.765236","3",NULL
"9142","2018-05-15T18:06:45.147Z","30.440868","2",NULL
"9143","2018-05-15T18:06:18.428Z","31.984483","4",NULL
"9144","2018-05-15T18:04:35.942Z","32.30048","6",NULL
"9145","2018-05-15T18:06:46.098Z","31.836086","1",NULL
"9146","2018-05-15T18:04:36.309Z","32.570043","5",NULL
"9147","2018-05-15T18:06:20.520Z","31.765236","3",NULL
"9148","2018-05-15T18:06:45.261Z","30.355132","2",NULL
"9149","2018-05-15T18:06:19.596Z","30.789673","4",NULL
"9150","2018-05-15T18:04:36.312Z","31.903376","6",NULL
"9151","2018-05-15T18:06:46.245Z","31.642487","1",NULL
"9152","2018-05-15T18:06:20.043Z","30.321239","4",NULL
"9153","2018-05-15T18:06:21.857Z","31.765236","3",NULL
"9154","2018-05-15T18:04:36.552Z","32.321547","5",NULL
"9155","2018-05-15T18:06:45.843Z","31.809461","2",NULL
"9156","2018-05-15T18:06:46.267Z","31.621391","1",NULL
"9157","2018-05-15T18:04:36.572Z","31.65488","6",NULL
"9158","2018-05-15T18:06:20.104Z","32.261236","4",NULL
"9159","2018-05-15T18:06:22.174Z","31.765236","3",NULL
"9160","2018-05-15T18:06:45.872Z","31.742589","2",NULL
"9161","2018-05-15T18:04:37.053Z","31.819057","5",NULL
"9162","2018-05-15T18:04:37.055Z","31.15239","6",NULL
"9163","2018-05-15T18:06:46.483Z","31.413102","1",NULL
"9164","2018-05-15T18:06:20.111Z","32.261236","4",NULL
"9165","2018-05-15T18:06:22.338Z","33.765236","3",NULL
"9166","2018-05-15T18:04:38.349Z","30.77653","5",NULL
"9167","2018-05-15T18:06:45.948Z","31.622023","2",NULL
"9168","2018-05-15T18:06:46.779Z","31.160216","1",NULL
"9169","2018-05-15T18:04:38.395Z","30.109863","6",NULL
"9170","2018-05-15T18:06:46.108Z","31.55242","2",NULL
"9171","2018-05-15T18:06:22.462Z","33.765236","3",NULL
"9172","2018-05-15T18:06:20.113Z","32.261236","4",NULL
"9173","2018-05-15T18:04:38.658Z","30.702165","5",NULL
"9174","2018-05-15T18:06:46.270Z","31.296058","2",NULL
"9175","2018-05-15T18:04:38.675Z","29.993831","6",NULL
"9176","2018-05-15T18:06:47.739Z","30.873967","1",NULL
"9177","2018-05-15T18:06:24.882Z","33.73261","3",NULL
"9178","2018-05-15T18:04:38.765Z","31.202165","5",NULL
"9179","2018-05-15T18:06:20.495Z","32.261236","4",NULL
"9180","2018-05-15T18:06:46.489Z","31.087769","2",NULL
"9181","2018-05-15T18:06:48.506Z","30.9573","1",NULL
"9182","2018-05-15T18:04:38.768Z","29.993831","6",NULL
"9183","2018-05-15T18:06:20.545Z","32.261236","4",NULL
"9184","2018-05-15T18:04:39.101Z","32.660498","5",NULL
"9185","2018-05-15T18:06:25.391Z","33.244972","3",NULL
"9186","2018-05-15T18:06:46.840Z","30.834883","2",NULL
"9187","2018-05-15T18:04:39.153Z","29.993831","6",NULL
"9188","2018-05-15T18:06:48.601Z","32.873967","1",NULL
"9189","2018-05-15T18:06:21.681Z","34.223903","4",NULL
"9190","2018-05-15T18:04:39.186Z","32.660498","5",NULL
"9191","2018-05-15T18:06:25.874Z","32.757023","3",NULL
"9192","2018-05-15T18:04:40.428Z","31.956498","6",NULL
"9193","2018-05-15T18:06:47.779Z","30.548634","2",NULL
"9194","2018-05-15T18:06:48.744Z","32.863337","1",NULL
"9195","2018-05-15T18:06:21.867Z","34.223903","4",NULL
"9196","2018-05-15T18:04:40.708Z","32.660498","5",NULL
"9197","2018-05-15T18:06:26.403Z","32.260914","3",NULL
"9198","2018-05-15T18:04:40.674Z","33.919165","6",NULL
"9199","2018-05-15T18:06:48.936Z","32.805722","1",NULL
"9200","2018-05-15T18:06:48.405Z","32.5113","2",NULL
"9201","2018-05-15T18:06:22.232Z","34.223903","4",NULL
"9202","2018-05-15T18:04:41.305Z","32.599992","5",NULL
"9203","2018-05-15T18:06:26.618Z","32.007549","3",NULL
"9204","2018-05-15T18:04:41.796Z","32.106564","5",NULL
"9205","2018-05-15T18:06:48.509Z","32.5113","2",NULL
"9206","2018-05-15T18:04:40.712Z","33.919165","6",NULL
"9207","2018-05-15T18:06:49.150Z","32.485643","1",NULL
"9208","2018-05-15T18:06:26.899Z","31.757879","3",NULL
"9209","2018-05-15T18:06:22.524Z","34.223903","4",NULL
"9210","2018-05-15T18:04:41.308Z","33.858659","6",NULL
"9211","2018-05-15T18:06:48.603Z","32.5113","2",NULL
"9212","2018-05-15T18:06:49.886Z","31.824903","1",NULL
"9213","2018-05-15T18:04:42.080Z","31.856479","5",NULL
"9214","2018-05-15T18:06:24.889Z","34.191277","4",NULL
"9215","2018-05-15T18:06:27.127Z","31.503123","3",NULL
"9216","2018-05-15T18:04:41.811Z","33.365231","6",NULL
"9217","2018-05-15T18:04:42.305Z","31.606519","5",NULL
"9218","2018-05-15T18:06:50.522Z","31.90662","1",NULL
"9219","2018-05-15T18:06:48.952Z","32.443055","2",NULL
"9220","2018-05-15T18:06:27.617Z","31.010933","3",NULL
"9221","2018-05-15T18:06:25.421Z","33.703639","4",NULL
"9222","2018-05-15T18:04:42.839Z","31.068272","5",NULL
"9223","2018-05-15T18:06:50.567Z","31.812713","1",NULL
"9224","2018-05-15T18:06:49.176Z","32.122976","2",NULL
"9225","2018-05-15T18:04:42.083Z","33.115146","6",NULL
"9226","2018-05-15T18:06:25.881Z","33.21569","4",NULL
"9227","2018-05-15T18:06:27.868Z","30.76056","3",NULL
"9228","2018-05-15T18:06:50.733Z","32.956067","1",NULL
"9229","2018-05-15T18:06:49.888Z","31.462236","2",NULL
"9230","2018-05-15T18:04:43.120Z","32.793891","5",NULL
"9231","2018-05-15T18:04:42.332Z","32.865186","6",NULL
"9232","2018-05-15T18:06:28.127Z","30.500258","3",NULL
"9233","2018-05-15T18:06:26.458Z","32.719581","4",NULL
"9234","2018-05-15T18:06:50.912Z","32.696991","1",NULL
"9235","2018-05-15T18:06:50.555Z","30.83562","2",NULL
"9236","2018-05-15T18:04:43.159Z","32.755043","5",NULL
"9237","2018-05-15T18:04:42.841Z","32.326939","6",NULL
"9238","2018-05-15T18:06:50.948Z","32.659756","1",NULL
"9239","2018-05-15T18:06:26.622Z","32.466216","4",NULL
"9240","2018-05-15T18:06:28.609Z","30.146136","3",NULL
"9241","2018-05-15T18:04:43.290Z","32.638258","5",NULL
"9242","2018-05-15T18:06:50.569Z","30.741713","2",NULL
"9243","2018-05-15T18:04:43.180Z","32.01371","6",NULL
"9244","2018-05-15T18:06:51.067Z","32.596951","1",NULL
"9245","2018-05-15T18:06:26.921Z","32.216546","4",NULL
"9246","2018-05-15T18:06:28.989Z","30.146136","3",NULL
"9247","2018-05-15T18:06:50.856Z","30.5934","2",NULL
"9248","2018-05-15T18:04:43.828Z","32.156444","5",NULL
"9249","2018-05-15T18:04:43.307Z","31.896925","6",NULL
"9250","2018-05-15T18:06:27.131Z","31.96179","4",NULL
"9251","2018-05-15T18:06:29.352Z","32.146136","3",NULL
"9252","2018-05-15T18:06:51.356Z","32.310727","1",NULL
"9253","2018-05-15T18:04:43.840Z","31.415111","6",NULL
"9254","2018-05-15T18:06:50.959Z","30.297089","2",NULL
"9255","2018-05-15T18:04:44.055Z","31.906608","5",NULL
"9256","2018-05-15T18:06:29.458Z","32.146136","3",NULL
"9257","2018-05-15T18:06:51.702Z","31.933321","1",NULL
"9258","2018-05-15T18:06:27.619Z","31.4696","4",NULL
"9259","2018-05-15T18:06:51.071Z","30.234284","2",NULL
"9260","2018-05-15T18:04:44.082Z","31.165275","6",NULL
"9261","2018-05-15T18:04:44.539Z","31.41513","5",NULL
"9262","2018-05-15T18:06:52.077Z","31.536888","1",NULL
"9263","2018-05-15T18:06:30.007Z","34.146136","3",NULL
"9264","2018-05-15T18:06:27.874Z","31.219227","4",NULL
"9265","2018-05-15T18:04:44.813Z","31.163194","5",NULL
"9266","2018-05-15T18:06:51.459Z","29.94806","2",NULL
"9267","2018-05-15T18:04:44.558Z","30.673797","6",NULL
"9268","2018-05-15T18:06:30.159Z","34.146136","3",NULL
"9269","2018-05-15T18:06:28.129Z","30.958925","4",NULL
"9270","2018-05-15T18:06:52.347Z","31.249518","1",NULL
"9271","2018-05-15T18:06:51.711Z","29.570654","2",NULL
"9272","2018-05-15T18:04:45.699Z","30.284401","5",NULL
"9273","2018-05-15T18:04:44.816Z","30.421861","6",NULL
"9274","2018-05-15T18:06:30.399Z","34.024391","3",NULL
"9275","2018-05-15T18:06:52.469Z","31.140233","1",NULL
"9276","2018-05-15T18:06:28.625Z","30.604803","4",NULL
"9277","2018-05-15T18:04:45.842Z","32.109939","5",NULL
"9278","2018-05-15T18:06:52.083Z","29.174221","2",NULL
"9279","2018-05-15T18:04:45.701Z","29.543068","6",NULL
"9280","2018-05-15T18:06:28.990Z","30.604803","4",NULL
"9281","2018-05-15T18:06:30.617Z","33.774512","3",NULL
"9282","2018-05-15T18:06:53.193Z","30.620669","1",NULL
"9283","2018-05-15T18:04:45.797Z","31.377156","6",NULL
"9284","2018-05-15T18:06:52.349Z","30.849518","2",NULL
"9285","2018-05-15T18:04:45.958Z","31.990905","5",NULL
"9286","2018-05-15T18:06:30.867Z","33.523794","3",NULL
"9287","2018-05-15T18:06:53.445Z","30.265378","1",NULL
"9288","2018-05-15T18:06:29.460Z","30.604803","4",NULL
"9289","2018-05-15T18:06:52.420Z","30.774466","2",NULL
"9290","2018-05-15T18:04:46.097Z","31.906077","5",NULL
"9291","2018-05-15T18:04:45.981Z","31.212238","6",NULL
"9292","2018-05-15T18:06:30.162Z","30.604803","4",NULL
"9293","2018-05-15T18:06:31.669Z","32.759204","3",NULL
"9294","2018-05-15T18:06:53.519Z","30.457216","1",NULL
"9295","2018-05-15T18:04:46.123Z","31.12741","6",NULL
"9296","2018-05-15T18:04:46.535Z","31.416666","5",NULL
"9297","2018-05-15T18:06:52.576Z","30.740233","2",NULL
"9298","2018-05-15T18:06:31.886Z","32.516105","3",NULL
"9299","2018-05-15T18:06:53.572Z","30.549005","1",NULL
"9300","2018-05-15T18:06:30.430Z","30.483058","4",NULL
"9301","2018-05-15T18:04:46.785Z","31.169729","5",NULL
"9302","2018-05-15T18:06:53.215Z","30.220669","2",NULL
"9303","2018-05-15T18:04:46.541Z","30.637999","6",NULL
"9304","2018-05-15T18:06:53.748Z","31.86879","1",NULL
"9305","2018-05-15T18:06:31.921Z","32.472536","3",NULL
"9306","2018-05-15T18:06:30.624Z","30.233179","4",NULL
"9307","2018-05-15T18:06:53.463Z","29.865378","2",NULL
"9308","2018-05-15T18:04:47.054Z","30.916465","5",NULL
"9309","2018-05-15T18:04:46.787Z","30.391062","6",NULL
"9310","2018-05-15T18:06:53.938Z","31.677215","1",NULL
"9311","2018-05-15T18:06:30.869Z","29.982461","4",NULL
"9312","2018-05-15T18:06:32.239Z","32.18056","3",NULL
"9313","2018-05-15T18:06:53.529Z","29.723883","2",NULL
"9314","2018-05-15T18:04:48.140Z","29.816712","5",NULL
"9315","2018-05-15T18:04:47.068Z","30.137798","6",NULL
"9316","2018-05-15T18:06:53.980Z","31.638244","1",NULL
"9317","2018-05-15T18:06:31.693Z","31.180537","4",NULL
"9318","2018-05-15T18:06:32.633Z","31.766089","3",NULL
"9319","2018-05-15T18:06:53.591Z","29.649005","2",NULL
"9320","2018-05-15T18:04:48.513Z","29.473016","5",NULL
"9321","2018-05-15T18:04:48.145Z","29.038045","6",NULL
"9322","2018-05-15T18:06:53.942Z","29.277215","2",NULL
"9323","2018-05-15T18:06:33.132Z","31.267453","3",NULL
"9324","2018-05-15T18:06:31.782Z","31.036893","4",NULL
"9325","2018-05-15T18:06:55.184Z","30.453715","1",NULL
"9326","2018-05-15T18:04:48.740Z","29.540872","5",NULL
"9327","2018-05-15T18:04:48.532Z","30.657016","6",NULL
"9328","2018-05-15T18:06:34.131Z","30.366926","3",NULL
"9329","2018-05-15T18:04:48.754Z","29.540872","5",NULL
"9330","2018-05-15T18:06:53.998Z","29.238244","2",NULL
"9331","2018-05-15T18:06:31.888Z","32.900105","4",NULL
"9332","2018-05-15T18:06:55.818Z","29.808571","1",NULL
"9333","2018-05-15T18:04:48.638Z","30.623123","6",NULL
"9334","2018-05-15T18:06:55.242Z","28.053715","2",NULL
"9335","2018-05-15T18:06:32.018Z","32.856536","4",NULL
"9336","2018-05-15T18:06:34.568Z","29.821417","3",NULL
"9337","2018-05-15T18:06:55.853Z","29.768661","1",NULL
"9338","2018-05-15T18:04:48.851Z","30.374205","5",NULL
"9339","2018-05-15T18:04:48.748Z","32.562539","6",NULL
"9340","2018-05-15T18:06:32.053Z","32.732019","4",NULL
"9341","2018-05-15T18:06:55.502Z","29.694594","2",NULL
"9342","2018-05-15T18:06:34.637Z","31.752755","3",NULL
"9343","2018-05-15T18:06:56.214Z","30.101994","1",NULL
"9344","2018-05-15T18:04:49.005Z","31.415872","5",NULL
"9345","2018-05-15T18:04:48.756Z","32.562539","6",NULL
"9346","2018-05-15T18:06:56.251Z","30.101994","1",NULL
"9347","2018-05-15T18:04:49.110Z","31.406865","5",NULL
"9348","2018-05-15T18:06:34.704Z","31.710508","3",NULL
"9349","2018-05-15T18:06:55.821Z","29.371238","2",NULL
"9350","2018-05-15T18:06:32.247Z","32.56456","4",NULL
"9351","2018-05-15T18:04:48.845Z","32.562539","6",NULL
"9352","2018-05-15T18:06:55.895Z","29.331328","2",NULL
"9353","2018-05-15T18:06:34.784Z","31.710508","3",NULL
"9354","2018-05-15T18:04:49.320Z","31.282335","5",NULL
"9355","2018-05-15T18:06:32.662Z","32.150089","4",NULL
"9356","2018-05-15T18:06:56.401Z","30.643661","1",NULL
"9357","2018-05-15T18:04:48.894Z","32.562539","6",NULL
"9358","2018-05-15T18:04:49.797Z","30.803746","5",NULL
"9359","2018-05-15T18:06:56.538Z","31.768661","1",NULL
"9360","2018-05-15T18:06:56.217Z","29.331328","2",NULL
"9361","2018-05-15T18:06:35.109Z","31.710508","3",NULL
"9362","2018-05-15T18:06:33.150Z","31.651453","4",NULL
"9363","2018-05-15T18:04:49.116Z","32.553532","6",NULL
"9364","2018-05-15T18:04:51.078Z","29.572362","5",NULL
"9365","2018-05-15T18:06:56.676Z","31.768661","1",NULL
"9366","2018-05-15T18:06:56.286Z","29.331328","2",NULL
"9367","2018-05-15T18:06:36.477Z","31.710508","3",NULL
"9368","2018-05-15T18:06:34.147Z","30.750926","4",NULL
"9369","2018-05-15T18:04:49.324Z","32.429002","6",NULL
"9370","2018-05-15T18:06:56.447Z","29.331328","2",NULL
"9371","2018-05-15T18:06:37.033Z","31.552002","3",NULL
"9372","2018-05-15T18:06:58.015Z","33.768661","1",NULL
"9373","2018-05-15T18:04:51.409Z","29.343806","5",NULL
"9374","2018-05-15T18:04:49.807Z","31.950413","6",NULL
"9375","2018-05-15T18:06:37.275Z","31.961087","3",NULL
"9376","2018-05-15T18:06:58.082Z","33.768661","1",NULL
"9377","2018-05-15T18:04:51.742Z","29.686346","5",NULL
"9378","2018-05-15T18:06:56.682Z","29.331328","2",NULL
"9379","2018-05-15T18:04:51.103Z","30.719029","6",NULL
"9380","2018-05-15T18:06:58.445Z","33.768661","1",NULL
"9381","2018-05-15T18:04:51.786Z","29.64389","5",NULL
"9382","2018-05-15T18:06:57.955Z","31.293994","2",NULL
"9383","2018-05-15T18:06:37.315Z","31.941928","3",NULL
"9384","2018-05-15T18:04:51.439Z","32.453139","6",NULL
"9385","2018-05-15T18:06:34.570Z","30.205417","4",NULL
"9386","2018-05-15T18:06:58.109Z","31.293994","2",NULL
"9387","2018-05-15T18:06:37.501Z","33.062089","3",NULL
"9388","2018-05-15T18:04:51.486Z","32.286471","6",NULL
"9389","2018-05-15T18:07:00.240Z","33.631718","1",NULL
"9390","2018-05-15T18:04:51.860Z","30.724776","5",NULL
"9391","2018-05-15T18:04:51.745Z","32.045679","6",NULL
"9392","2018-05-15T18:06:58.454Z","33.256661","2",NULL
"9393","2018-05-15T18:04:51.908Z","30.677051","5",NULL
"9394","2018-05-15T18:06:37.561Z","33.000239","3",NULL
"9395","2018-05-15T18:07:00.729Z","33.119676","1",NULL
"9396","2018-05-15T18:06:34.616Z","32.118495","4",NULL
"9397","2018-05-15T18:06:58.491Z","33.256661","2",NULL
"9398","2018-05-15T18:06:37.690Z","32.897025","3",NULL
"9399","2018-05-15T18:04:51.793Z","32.003223","6",NULL
"9400","2018-05-15T18:07:01.228Z","32.618422","1",NULL
"9401","2018-05-15T18:04:52.038Z","30.553153","5",NULL
"9402","2018-05-15T18:06:34.732Z","32.057175","4",NULL
"9403","2018-05-15T18:04:52.285Z","30.301819","5",NULL
"9404","2018-05-15T18:04:51.916Z","31.786384","6",NULL
"9405","2018-05-15T18:07:01.479Z","32.366789","1",NULL
"9406","2018-05-15T18:06:38.235Z","32.452641","3",NULL
"9407","2018-05-15T18:07:00.242Z","33.119718","2",NULL
"9408","2018-05-15T18:06:34.812Z","32.057175","4",NULL
"9409","2018-05-15T18:06:38.366Z","32.202503","3",NULL
"9410","2018-05-15T18:07:01.737Z","32.112582","1",NULL
"9411","2018-05-15T18:07:00.732Z","32.607676","2",NULL
"9412","2018-05-15T18:04:52.041Z","31.662486","6",NULL
"9413","2018-05-15T18:04:53.199Z","29.398977","5",NULL
"9414","2018-05-15T18:06:35.110Z","32.057175","4",NULL
"9415","2018-05-15T18:07:01.231Z","32.106422","2",NULL
"9416","2018-05-15T18:06:39.206Z","31.408556","3",NULL
"9417","2018-05-15T18:04:52.286Z","31.411152","6",NULL
"9418","2018-05-15T18:07:02.778Z","31.220619","1",NULL
"9419","2018-05-15T18:04:53.434Z","30.844577","5",NULL
"9420","2018-05-15T18:06:36.486Z","34.019841","4",NULL
"9421","2018-05-15T18:04:53.202Z","30.50831","6",NULL
"9422","2018-05-15T18:06:39.301Z","32.613327","3",NULL
"9423","2018-05-15T18:07:03.368Z","30.608018","1",NULL
"9424","2018-05-15T18:07:01.491Z","31.854789","2",NULL
"9425","2018-05-15T18:04:53.485Z","31.150023","5",NULL
"9426","2018-05-15T18:06:36.522Z","34.019841","4",NULL
"9427","2018-05-15T18:07:03.520Z","30.43955","1",NULL
"9428","2018-05-15T18:04:53.817Z","30.82139","5",NULL
"9429","2018-05-15T18:07:01.742Z","31.600582","2",NULL
"9430","2018-05-15T18:06:39.336Z","33.231954","3",NULL
"9431","2018-05-15T18:04:53.215Z","32.441219","6",NULL
"9432","2018-05-15T18:06:37.088Z","33.861335","4",NULL
"9433","2018-05-15T18:07:03.548Z","30.347353","1",NULL
"9434","2018-05-15T18:04:53.462Z","32.24991","6",NULL
"9435","2018-05-15T18:04:53.854Z","30.767542","5",NULL
"9436","2018-05-15T18:06:39.366Z","33.205517","3",NULL
"9437","2018-05-15T18:07:02.810Z","30.708619","2",NULL
"9438","2018-05-15T18:06:37.281Z","33.64542","4",NULL
"9439","2018-05-15T18:06:37.341Z","33.626261","4",NULL
"9440","2018-05-15T18:07:03.778Z","31.763415","1",NULL
"9441","2018-05-15T18:04:54.191Z","30.655781","5",NULL
"9442","2018-05-15T18:06:39.625Z","32.947152","3",NULL
"9443","2018-05-15T18:07:03.371Z","30.096018","2",NULL
"9444","2018-05-15T18:04:53.832Z","31.89339","6",NULL
"9445","2018-05-15T18:06:37.525Z","33.371422","4",NULL
"9446","2018-05-15T18:04:54.204Z","30.655781","5",NULL
"9447","2018-05-15T18:06:37.701Z","33.206358","4",NULL
"9448","2018-05-15T18:07:03.541Z","31.890217","2",NULL
"9449","2018-05-15T18:06:39.630Z","32.946077","3",NULL
"9450","2018-05-15T18:04:53.909Z","31.839542","6",NULL
"9451","2018-05-15T18:07:03.820Z","31.731383","1",NULL
"9452","2018-05-15T18:04:54.270Z","32.655781","5",NULL
"9453","2018-05-15T18:06:38.250Z","32.761974","4",NULL
"9454","2018-05-15T18:07:03.930Z","31.958234","1",NULL
"9455","2018-05-15T18:04:54.200Z","31.727781","6",NULL
"9456","2018-05-15T18:06:40.121Z","32.454268","3",NULL
"9457","2018-05-15T18:07:03.587Z","31.79802","2",NULL
"9458","2018-05-15T18:04:54.360Z","32.655781","5",NULL
"9459","2018-05-15T18:06:38.427Z","32.511836","4",NULL
"9460","2018-05-15T18:06:40.620Z","31.944506","3",NULL
"9461","2018-05-15T18:04:54.210Z","31.727781","6",NULL
"9462","2018-05-15T18:07:03.614Z","31.773647","2",NULL
"9463","2018-05-15T18:07:03.971Z","31.958234","1",NULL
"9464","2018-05-15T18:04:55.413Z","32.655781","5",NULL
"9465","2018-05-15T18:04:54.363Z","31.727781","6",NULL
"9466","2018-05-15T18:06:40.871Z","31.69387","3",NULL
"9467","2018-05-15T18:07:03.780Z","31.589082","2",NULL
"9468","2018-05-15T18:07:04.062Z","31.958234","1",NULL
"9469","2018-05-15T18:06:39.210Z","31.717889","4",NULL
"9470","2018-05-15T18:04:55.787Z","32.566999","5",NULL
"9471","2018-05-15T18:04:55.368Z","33.690448","6",NULL
"9472","2018-05-15T18:07:03.842Z","31.55705","2",NULL
"9473","2018-05-15T18:06:39.312Z","33.551994","4",NULL
"9474","2018-05-15T18:07:04.228Z","31.958234","1",NULL
"9475","2018-05-15T18:06:40.978Z","31.64213","3",NULL
"9476","2018-05-15T18:04:56.286Z","32.067447","5",NULL
"9477","2018-05-15T18:06:39.322Z","33.549726","4",NULL
"9478","2018-05-15T18:04:55.451Z","33.690448","6",NULL
"9479","2018-05-15T18:07:03.985Z","31.408901","2",NULL
"9480","2018-05-15T18:07:05.314Z","31.765051","1",NULL
"9481","2018-05-15T18:06:41.824Z","31.64213","3",NULL
"9482","2018-05-15T18:04:56.535Z","31.82422","5",NULL
"9483","2018-05-15T18:07:05.386Z","31.734327","1",NULL
"9484","2018-05-15T18:07:04.070Z","31.408901","2",NULL
"9485","2018-05-15T18:04:55.789Z","33.601666","6",NULL
"9486","2018-05-15T18:06:41.928Z","31.348895","3",NULL
"9487","2018-05-15T18:06:39.369Z","33.477517","4",NULL
"9488","2018-05-15T18:04:56.785Z","31.567543","5",NULL
"9489","2018-05-15T18:06:39.628Z","33.219152","4",NULL
"9490","2018-05-15T18:07:04.230Z","31.408901","2",NULL
"9491","2018-05-15T18:04:56.302Z","33.102114","6",NULL
"9492","2018-05-15T18:06:42.395Z","32.141738","3",NULL
"9493","2018-05-15T18:07:06.060Z","30.908267","1",NULL
"9494","2018-05-15T18:04:57.055Z","31.320053","5",NULL
"9495","2018-05-15T18:07:06.539Z","30.800672","1",NULL
"9496","2018-05-15T18:04:56.542Z","32.858887","6",NULL
"9497","2018-05-15T18:06:39.649Z","33.218077","4",NULL
"9498","2018-05-15T18:07:05.323Z","33.178384","2",NULL
"9499","2018-05-15T18:06:42.554Z","32.140616","3",NULL
"9500","2018-05-15T18:04:58.246Z","30.185788","5",NULL
"9501","2018-05-15T18:06:40.147Z","32.726268","4",NULL
"9502","2018-05-15T18:04:56.891Z","32.60221","6",NULL
"9503","2018-05-15T18:07:06.569Z","30.527212","1",NULL
"9504","2018-05-15T18:06:42.716Z","32.535762","3",NULL
"9505","2018-05-15T18:07:05.388Z","33.14766","2",NULL
"9506","2018-05-15T18:04:58.728Z","29.734288","5",NULL
"9507","2018-05-15T18:06:40.622Z","32.216506","4",NULL
"9508","2018-05-15T18:07:06.849Z","31.105746","1",NULL
"9509","2018-05-15T18:04:57.065Z","32.35472","6",NULL
"9510","2018-05-15T18:07:05.429Z","33.07228","2",NULL
"9511","2018-05-15T18:06:42.828Z","32.426578","3",NULL
"9512","2018-05-15T18:04:59.001Z","29.396246","5",NULL
"9513","2018-05-15T18:07:06.953Z","31.069343","1",NULL
"9514","2018-05-15T18:06:40.902Z","31.96587","4",NULL
"9515","2018-05-15T18:04:58.262Z","31.220455","6",NULL
"9516","2018-05-15T18:07:06.086Z","32.3216","2",NULL
"9517","2018-05-15T18:06:42.980Z","32.422773","3",NULL
"9518","2018-05-15T18:04:59.311Z","29.101358","5",NULL
"9519","2018-05-15T18:06:43.075Z","32.220589","3",NULL
"9520","2018-05-15T18:04:58.734Z","30.768955","6",NULL
"9521","2018-05-15T18:07:08.035Z","30.685681","1",NULL
"9522","2018-05-15T18:06:40.994Z","31.91413","4",NULL
"9523","2018-05-15T18:07:06.547Z","32.214005","2",NULL
"9524","2018-05-15T18:04:59.491Z","29.085138","5",NULL
"9525","2018-05-15T18:06:43.382Z","31.910416","3",NULL
"9526","2018-05-15T18:04:58.740Z","32.617519","6",NULL
"9527","2018-05-15T18:07:06.579Z","31.940545","2",NULL
"9528","2018-05-15T18:07:08.040Z","30.684606","1",NULL
"9529","2018-05-15T18:06:41.826Z","31.91413","4",NULL
"9530","2018-05-15T18:04:59.573Z","30.792351","5",NULL
"9531","2018-05-15T18:04:59.015Z","32.393579","6",NULL
"9532","2018-05-15T18:07:08.063Z","30.659305","1",NULL
"9533","2018-05-15T18:07:06.852Z","31.602412","2",NULL
"9534","2018-05-15T18:06:44.317Z","31.099715","3",NULL
"9535","2018-05-15T18:06:41.930Z","33.583562","4",NULL
"9536","2018-05-15T18:04:59.645Z","30.733749","5",NULL
"9537","2018-05-15T18:07:06.975Z","31.566009","2",NULL
"9538","2018-05-15T18:04:59.392Z","32.098691","6",NULL
"9539","2018-05-15T18:06:44.359Z","30.936349","3",NULL
"9540","2018-05-15T18:07:08.180Z","30.658154","1",NULL
"9541","2018-05-15T18:06:42.098Z","33.385909","4",NULL
"9542","2018-05-15T18:04:59.712Z","30.693812","5",NULL
"9543","2018-05-15T18:06:42.398Z","33.251405","4",NULL
"9544","2018-05-15T18:07:08.277Z","30.902839","1",NULL
"9545","2018-05-15T18:06:44.366Z","30.929542","3",NULL
"9546","2018-05-15T18:04:59.493Z","31.874138","6",NULL
"9547","2018-05-15T18:07:08.037Z","30.349014","2",NULL
"9548","2018-05-15T18:04:59.780Z","30.573221","5",NULL
"9549","2018-05-15T18:04:59.593Z","31.789684","6",NULL
"9550","2018-05-15T18:07:08.042Z","30.347939","2",NULL
"9551","2018-05-15T18:07:08.553Z","30.485794","1",NULL
"9552","2018-05-15T18:06:42.570Z","33.250283","4",NULL
"9553","2018-05-15T18:06:44.432Z","32.846249","3",NULL
"9554","2018-05-15T18:05:00.516Z","30.573221","5",NULL
"9555","2018-05-15T18:07:08.090Z","30.322638","2",NULL
"9556","2018-05-15T18:06:42.830Z","32.661245","4",NULL
"9557","2018-05-15T18:06:44.517Z","32.762476","3",NULL
"9558","2018-05-15T18:07:08.607Z","30.484532","1",NULL
"9559","2018-05-15T18:04:59.747Z","31.691145","6",NULL
"9560","2018-05-15T18:05:00.599Z","30.656554","5",NULL
"9561","2018-05-15T18:04:59.802Z","31.570554","6",NULL
"9562","2018-05-15T18:06:43.015Z","32.65744","4",NULL
"9563","2018-05-15T18:07:08.213Z","30.321487","2",NULL
"9564","2018-05-15T18:07:08.993Z","29.97448","1",NULL
"9565","2018-05-15T18:06:44.617Z","32.666627","3",NULL
"9566","2018-05-15T18:05:00.709Z","31.325451","5",NULL
"9567","2018-05-15T18:07:08.591Z","29.899127","2",NULL
"9568","2018-05-15T18:05:00.519Z","31.570554","6",NULL
"9569","2018-05-15T18:07:09.005Z","29.970677","1",NULL
"9570","2018-05-15T18:06:43.119Z","32.455256","4",NULL
"9571","2018-05-15T18:06:45.117Z","32.172964","3",NULL
"9572","2018-05-15T18:05:00.714Z","31.320906","5",NULL
"9573","2018-05-15T18:06:45.410Z","31.891811","3",NULL
"9574","2018-05-15T18:07:08.636Z","29.897865","2",NULL
"9575","2018-05-15T18:06:43.412Z","32.145083","4",NULL
"9576","2018-05-15T18:07:09.603Z","29.688117","1",NULL
"9577","2018-05-15T18:05:00.660Z","33.533221","6",NULL
"9578","2018-05-15T18:05:00.786Z","32.431872","5",NULL
"9579","2018-05-15T18:05:00.664Z","33.533221","6",NULL
"9580","2018-05-15T18:06:45.910Z","31.408853","3",NULL
"9581","2018-05-15T18:07:10.326Z","30.229784","1",NULL
"9582","2018-05-15T18:07:08.976Z","31.3567","2",NULL
"9583","2018-05-15T18:06:44.320Z","31.334382","4",NULL
"9584","2018-05-15T18:05:01.104Z","32.134546","5",NULL
"9585","2018-05-15T18:05:00.712Z","33.452118","6",NULL
"9586","2018-05-15T18:07:10.565Z","30.563117","1",NULL
"9587","2018-05-15T18:06:46.385Z","30.891194","3",NULL
"9588","2018-05-15T18:07:08.997Z","31.35048","2",NULL
"9589","2018-05-15T18:06:44.323Z","33.158715","4",NULL
"9590","2018-05-15T18:05:00.716Z","33.447573","6",NULL
"9591","2018-05-15T18:05:01.114Z","32.133565","5",NULL
"9592","2018-05-15T18:07:10.686Z","30.854784","1",NULL
"9593","2018-05-15T18:06:44.362Z","33.133682","4",NULL
"9594","2018-05-15T18:07:09.008Z","31.346677","2",NULL
"9595","2018-05-15T18:06:46.779Z","30.62795","3",NULL
"9596","2018-05-15T18:05:01.108Z","33.094546","6",NULL
"9597","2018-05-15T18:05:01.318Z","33.94477","5",NULL
"9598","2018-05-15T18:07:11.120Z","31.688117","1",NULL
"9599","2018-05-15T18:07:09.606Z","31.064117","2",NULL
"9600","2018-05-15T18:06:46.792Z","30.626218","3",NULL
"9601","2018-05-15T18:06:44.371Z","33.126875","4",NULL
"9602","2018-05-15T18:05:01.131Z","33.093565","6",NULL
"9603","2018-05-15T18:05:01.404Z","33.882165","5",NULL
"9604","2018-05-15T18:07:11.334Z","31.688117","1",NULL
"9605","2018-05-15T18:07:10.373Z","31.064117","2",NULL
"9606","2018-05-15T18:06:44.563Z","32.959809","4",NULL
"9607","2018-05-15T18:06:47.104Z","30.601752","3",NULL
"9608","2018-05-15T18:05:01.442Z","32.842165","6",NULL
"9609","2018-05-15T18:05:01.630Z","33.665644","5",NULL
"9610","2018-05-15T18:07:10.575Z","33.026784","2",NULL
"9611","2018-05-15T18:06:47.158Z","30.576934","3",NULL
"9612","2018-05-15T18:06:44.621Z","32.86396","4",NULL
"9613","2018-05-15T18:07:11.559Z","32.688117","1",NULL
"9614","2018-05-15T18:05:01.922Z","33.414988","5",NULL
"9615","2018-05-15T18:05:01.709Z","32.625644","6",NULL
"9616","2018-05-15T18:06:47.319Z","31.95765","3",NULL
"9617","2018-05-15T18:06:45.128Z","32.370297","4",NULL
"9618","2018-05-15T18:07:11.891Z","33.688117","1",NULL
"9619","2018-05-15T18:07:10.598Z","33.026784","2",NULL
"9620","2018-05-15T18:05:01.990Z","32.374988","6",NULL
"9621","2018-05-15T18:05:02.461Z","32.831747","5",NULL
"9622","2018-05-15T18:07:10.726Z","33.026784","2",NULL
"9623","2018-05-15T18:06:47.326Z","31.936584","3",NULL
"9624","2018-05-15T18:06:45.413Z","32.089144","4",NULL
"9625","2018-05-15T18:07:12.361Z","33.688117","1",NULL
"9626","2018-05-15T18:05:02.463Z","31.791747","6",NULL
"9627","2018-05-15T18:05:02.938Z","32.301514","5",NULL
"9628","2018-05-15T18:06:47.468Z","31.852407","3",NULL
"9629","2018-05-15T18:06:45.940Z","31.606186","4",NULL
"9630","2018-05-15T18:07:12.484Z","34.354784","1",NULL
"9631","2018-05-15T18:07:11.346Z","33.026784","2",NULL
"9632","2018-05-15T18:05:03.125Z","32.102194","5",NULL
"9633","2018-05-15T18:05:02.998Z","31.261514","6",NULL
"9634","2018-05-15T18:06:47.866Z","31.396354","3",NULL
"9635","2018-05-15T18:07:12.491Z","34.729784","1",NULL
"9636","2018-05-15T18:07:11.623Z","33.026784","2",NULL
"9637","2018-05-15T18:06:46.387Z","31.088527","4",NULL
"9638","2018-05-15T18:05:03.284Z","31.935011","5",NULL
"9639","2018-05-15T18:06:48.120Z","31.144376","3",NULL
"9640","2018-05-15T18:05:03.099Z","33.040498","6",NULL
"9641","2018-05-15T18:07:12.629Z","35.688117","1",NULL
"9642","2018-05-15T18:07:12.377Z","33.026784","2",NULL
"9643","2018-05-15T18:06:46.441Z","32.985017","4",NULL
"9644","2018-05-15T18:05:03.533Z","31.684654","5",NULL
"9645","2018-05-15T18:06:49.114Z","30.626756","3",NULL
"9646","2018-05-15T18:05:03.143Z","33.024861","6",NULL
"9647","2018-05-15T18:07:12.773Z","35.688117","1",NULL
"9648","2018-05-15T18:07:12.487Z","33.026784","2",NULL
"9649","2018-05-15T18:06:46.784Z","32.78795","4",NULL
"9650","2018-05-15T18:06:49.829Z","30.626756","3",NULL
"9651","2018-05-15T18:05:04.038Z","31.186985","5",NULL
"9652","2018-05-15T18:05:03.292Z","32.857678","6",NULL
"9653","2018-05-15T18:07:12.517Z","33.026784","2",NULL
"9654","2018-05-15T18:07:13.241Z","35.67958","1",NULL
"9655","2018-05-15T18:06:46.801Z","32.786218","4",NULL
"9656","2018-05-15T18:06:50.050Z","30.751756","3",NULL
"9657","2018-05-15T18:05:03.535Z","32.607321","6",NULL
"9658","2018-05-15T18:05:04.348Z","30.921455","5",NULL
"9659","2018-05-15T18:07:13.485Z","35.422233","1",NULL
"9660","2018-05-15T18:06:47.127Z","32.345085","4",NULL
"9661","2018-05-15T18:07:12.923Z","33.026784","2",NULL
"9662","2018-05-15T18:06:50.201Z","32.126756","3",NULL
"9663","2018-05-15T18:05:04.052Z","32.109652","6",NULL
"9664","2018-05-15T18:05:04.434Z","30.797868","5",NULL
"9665","2018-05-15T18:07:14.018Z","34.92264","1",NULL
"9666","2018-05-15T18:07:13.263Z","33.018247","2",NULL
"9667","2018-05-15T18:06:47.173Z","32.320267","4",NULL
"9668","2018-05-15T18:05:04.802Z","30.797868","5",NULL
"9669","2018-05-15T18:06:50.325Z","32.626756","3",NULL
"9670","2018-05-15T18:05:04.350Z","31.844122","6",NULL
"9671","2018-05-15T18:07:14.865Z","34.143832","1",NULL
"9672","2018-05-15T18:07:13.487Z","32.7609","2",NULL
"9673","2018-05-15T18:06:47.344Z","32.096584","4",NULL
"9674","2018-05-15T18:05:05.953Z","31.506201","5",NULL
"9675","2018-05-15T18:06:50.457Z","32.626756","3",NULL
"9676","2018-05-15T18:05:04.456Z","31.720535","6",NULL
"9677","2018-05-15T18:07:14.021Z","32.261307","2",NULL
"9678","2018-05-15T18:07:15.002Z","33.912735","1",NULL
"9679","2018-05-15T18:06:47.480Z","32.012407","4",NULL
"9680","2018-05-15T18:06:50.881Z","32.563718","3",NULL
"9681","2018-05-15T18:05:06.158Z","32.067459","5",NULL
"9682","2018-05-15T18:05:04.852Z","31.720535","6",NULL
"9683","2018-05-15T18:07:14.904Z","31.482499","2",NULL
"9684","2018-05-15T18:06:47.868Z","31.556354","4",NULL
"9685","2018-05-15T18:07:15.233Z","33.690401","1",NULL
"9686","2018-05-15T18:06:52.363Z","31.06908","3",NULL
"9687","2018-05-15T18:05:06.024Z","31.720535","6",NULL
"9688","2018-05-15T18:05:06.317Z","32.551072","5",NULL
"9689","2018-05-15T18:07:14.971Z","33.242024","2",NULL
"9690","2018-05-15T18:06:48.261Z","31.304376","4",NULL
"9691","2018-05-15T18:07:15.481Z","33.435554","1",NULL
"9692","2018-05-15T18:06:53.129Z","30.316028","3",NULL
"9693","2018-05-15T18:05:06.205Z","31.615126","6",NULL
"9694","2018-05-15T18:05:06.456Z","32.435148","5",NULL
"9695","2018-05-15T18:07:16.001Z","32.940199","1",NULL
"9696","2018-05-15T18:07:15.040Z","33.214068","2",NULL
"9697","2018-05-15T18:06:49.120Z","30.786756","4",NULL
"9698","2018-05-15T18:05:06.565Z","32.323146","5",NULL
"9699","2018-05-15T18:05:06.333Z","31.473739","6",NULL
"9700","2018-05-15T18:06:53.374Z","30.525167","3",NULL
"9701","2018-05-15T18:07:16.475Z","32.441617","1",NULL
"9702","2018-05-15T18:07:15.235Z","32.991734","2",NULL
"9703","2018-05-15T18:06:49.617Z","32.749423","4",NULL
"9704","2018-05-15T18:05:06.801Z","32.078273","5",NULL
"9705","2018-05-15T18:06:53.690Z","30.800302","3",NULL
"9706","2018-05-15T18:05:06.572Z","31.245813","6",NULL
"9707","2018-05-15T18:07:17.358Z","31.573136","1",NULL
"9708","2018-05-15T18:06:49.856Z","32.749423","4",NULL
"9709","2018-05-15T18:07:15.483Z","32.736887","2",NULL
"9710","2018-05-15T18:05:07.073Z","31.819592","5",NULL
"9711","2018-05-15T18:05:06.809Z","31.00094","6",NULL
"9712","2018-05-15T18:06:53.825Z","30.761694","3",NULL
"9713","2018-05-15T18:07:17.688Z","31.369773","1",NULL
"9714","2018-05-15T18:07:16.032Z","32.241532","2",NULL
"9715","2018-05-15T18:06:50.068Z","32.749423","4",NULL
"9716","2018-05-15T18:05:08.462Z","30.471497","5",NULL
"9717","2018-05-15T18:05:07.081Z","30.742259","6",NULL
"9718","2018-05-15T18:06:55.337Z","29.792652","3",NULL
"9719","2018-05-15T18:07:16.477Z","31.74295","2",NULL
"9720","2018-05-15T18:06:50.226Z","32.749423","4",NULL
"9721","2018-05-15T18:07:18.021Z","31.369773","1",NULL
"9722","2018-05-15T18:05:08.875Z","30.186055","5",NULL
"9723","2018-05-15T18:06:55.358Z","29.791631","3",NULL
"9724","2018-05-15T18:05:08.469Z","29.394164","6",NULL
"9725","2018-05-15T18:07:17.363Z","30.874469","2",NULL
"9726","2018-05-15T18:07:18.370Z","31.369773","1",NULL
"9727","2018-05-15T18:06:50.460Z","32.749423","4",NULL
"9728","2018-05-15T18:05:08.974Z","30.471943","5",NULL
"9729","2018-05-15T18:05:08.687Z","31.113606","6",NULL
"9730","2018-05-15T18:06:55.518Z","29.87368","3",NULL
"9731","2018-05-15T18:07:18.399Z","31.66144","1",NULL
"9732","2018-05-15T18:07:17.689Z","30.671106","2",NULL
"9733","2018-05-15T18:06:50.935Z","32.686385","4",NULL
"9734","2018-05-15T18:06:55.555Z","29.867364","3",NULL
"9735","2018-05-15T18:05:08.910Z","31.071388","6",NULL
"9736","2018-05-15T18:05:09.102Z","31.426876","5",NULL
"9737","2018-05-15T18:07:18.453Z","33.369773","1",NULL
"9738","2018-05-15T18:06:52.382Z","31.191747","4",NULL
"9739","2018-05-15T18:07:17.818Z","32.633773","2",NULL
"9740","2018-05-15T18:05:08.990Z","30.857276","6",NULL
"9741","2018-05-15T18:06:55.645Z","29.884547","3",NULL
"9742","2018-05-15T18:05:09.246Z","31.724104","5",NULL
"9743","2018-05-15T18:07:18.710Z","33.369773","1",NULL
"9744","2018-05-15T18:05:09.161Z","30.728876","6",NULL
"9745","2018-05-15T18:06:53.184Z","30.438695","4",NULL
"9746","2018-05-15T18:07:18.070Z","32.633773","2",NULL
"9747","2018-05-15T18:06:55.759Z","29.698816","3",NULL
"9748","2018-05-15T18:05:09.300Z","31.668574","5",NULL
"9749","2018-05-15T18:06:53.429Z","30.314501","4",NULL
"9750","2018-05-15T18:05:09.276Z","30.609437","6",NULL
"9751","2018-05-15T18:07:18.374Z","32.633773","2",NULL
"9752","2018-05-15T18:07:19.782Z","33.322765","1",NULL
"9753","2018-05-15T18:06:55.913Z","29.877378","3",NULL
"9754","2018-05-15T18:06:53.742Z","29.964636","4",NULL
"9755","2018-05-15T18:05:09.405Z","31.545729","5",NULL
"9756","2018-05-15T18:06:53.862Z","29.926028","4",NULL
"9757","2018-05-15T18:05:09.425Z","30.431062","6",NULL
"9758","2018-05-15T18:07:19.993Z","33.218144","1",NULL
"9759","2018-05-15T18:07:18.401Z","32.633773","2",NULL
"9760","2018-05-15T18:06:55.934Z","29.826216","3",NULL
"9761","2018-05-15T18:06:55.356Z","28.498652","4",NULL
"9762","2018-05-15T18:05:09.784Z","31.140555","5",NULL
"9763","2018-05-15T18:06:55.360Z","28.497631","4",NULL
"9764","2018-05-15T18:05:09.786Z","30.025888","6",NULL
"9765","2018-05-15T18:07:20.230Z","32.967705","1",NULL
"9766","2018-05-15T18:07:18.712Z","32.633773","2",NULL
"9767","2018-05-15T18:06:56.768Z","29.991862","3",NULL
"9768","2018-05-15T18:06:55.520Z","28.038014","4",NULL
"9769","2018-05-15T18:05:10.943Z","29.999546","5",NULL
"9770","2018-05-15T18:06:55.604Z","28.031698","4",NULL
"9771","2018-05-15T18:05:11.042Z","28.884879","6",NULL
"9772","2018-05-15T18:07:20.743Z","32.470109","1",NULL
"9773","2018-05-15T18:07:19.739Z","34.59644","2",NULL
"9774","2018-05-15T18:06:56.941Z","29.97912","3",NULL
"9775","2018-05-15T18:06:55.785Z","29.784149","4",NULL
"9776","2018-05-15T18:05:11.388Z","29.531406","5",NULL
"9777","2018-05-15T18:05:11.402Z","30.379406","6",NULL
"9778","2018-05-15T18:06:56.971Z","29.978021","3",NULL
"9779","2018-05-15T18:07:19.847Z","34.549432","2",NULL
"9780","2018-05-15T18:07:21.003Z","32.21451","1",NULL
"9781","2018-05-15T18:05:11.412Z","29.530477","5",NULL
"9782","2018-05-15T18:06:55.787Z","29.69727","4",NULL
"9783","2018-05-15T18:06:57.808Z","29.670204","3",NULL
"9784","2018-05-15T18:07:21.522Z","31.722528","1",NULL
"9785","2018-05-15T18:07:20.016Z","34.444811","2",NULL
"9786","2018-05-15T18:05:11.421Z","30.378477","6",NULL
"9787","2018-05-15T18:06:57.828Z","29.627137","3",NULL
"9788","2018-05-15T18:06:55.916Z","29.629378","4",NULL
"9789","2018-05-15T18:05:11.625Z","29.622802","5",NULL
"9790","2018-05-15T18:07:20.232Z","34.194372","2",NULL
"9791","2018-05-15T18:05:11.448Z","30.355869","6",NULL
"9792","2018-05-15T18:07:21.730Z","31.468297","1",NULL
"9793","2018-05-15T18:05:11.783Z","31.116318","5",NULL
"9794","2018-05-15T18:06:55.967Z","29.578216","4",NULL
"9795","2018-05-15T18:06:57.889Z","29.592947","3",NULL
"9796","2018-05-15T18:05:11.658Z","32.100136","6",NULL
"9797","2018-05-15T18:07:20.746Z","33.696776","2",NULL
"9798","2018-05-15T18:07:22.419Z","30.795622","1",NULL
"9799","2018-05-15T18:06:56.896Z","28.993862","4",NULL
"9800","2018-05-15T18:06:58.071Z","29.401641","3",NULL
"9801","2018-05-15T18:05:11.864Z","31.099432","5",NULL
"9802","2018-05-15T18:05:11.674Z","32.080747","6",NULL
"9803","2018-05-15T18:07:22.874Z","30.466986","1",NULL
"9804","2018-05-15T18:07:21.007Z","33.441177","2",NULL
"9805","2018-05-15T18:06:56.958Z","28.73112","4",NULL
"9806","2018-05-15T18:06:58.148Z","29.382131","3",NULL
"9807","2018-05-15T18:05:11.963Z","30.963339","5",NULL
"9808","2018-05-15T18:05:11.877Z","31.910099","6",NULL
"9809","2018-05-15T18:07:23.184Z","30.279412","1",NULL
"9810","2018-05-15T18:07:21.528Z","32.949195","2",NULL
"9811","2018-05-15T18:06:57.030Z","28.730021","4",NULL
"9812","2018-05-15T18:06:58.298Z","29.840464","3",NULL
"9813","2018-05-15T18:05:12.284Z","30.61324","5",NULL
"9814","2018-05-15T18:06:57.441Z","30.018439","4",NULL
"9815","2018-05-15T18:07:23.236Z","30.247057","1",NULL
"9816","2018-05-15T18:05:11.978Z","31.774006","6",NULL
"9817","2018-05-15T18:07:21.742Z","32.694964","2",NULL
"9818","2018-05-15T18:06:58.350Z","29.840464","3",NULL
"9819","2018-05-15T18:05:13.141Z","29.906759","5",NULL
"9820","2018-05-15T18:06:57.820Z","29.718204","4",NULL
"9821","2018-05-15T18:07:22.479Z","32.022289","2",NULL
"9822","2018-05-15T18:07:23.516Z","31.76231","1",NULL
"9823","2018-05-15T18:05:12.286Z","31.423907","6",NULL
"9824","2018-05-15T18:05:13.788Z","29.353831","5",NULL
"9825","2018-05-15T18:06:58.468Z","30.215464","3",NULL
"9826","2018-05-15T18:06:57.879Z","29.675137","4",NULL
"9827","2018-05-15T18:07:22.914Z","31.693653","2",NULL
"9828","2018-05-15T18:05:13.162Z","30.717426","6",NULL
"9829","2018-05-15T18:07:23.565Z","31.693135","1",NULL
"9830","2018-05-15T18:05:13.794Z","29.353831","5",NULL
"9831","2018-05-15T18:06:58.588Z","31.382131","3",NULL
"9832","2018-05-15T18:06:58.131Z","29.449641","4",NULL
"9833","2018-05-15T18:07:23.569Z","31.675632","1",NULL
"9834","2018-05-15T18:07:23.213Z","31.297746","2",NULL
"9835","2018-05-15T18:05:13.792Z","32.127164","6",NULL
"9836","2018-05-15T18:05:13.869Z","29.353831","5",NULL
"9837","2018-05-15T18:06:59.402Z","31.382131","3",NULL
"9838","2018-05-15T18:06:58.180Z","29.430131","4",NULL
"9839","2018-05-15T18:07:23.605Z","31.591859","1",NULL
"9840","2018-05-15T18:07:23.307Z","31.265391","2",NULL
"9841","2018-05-15T18:05:13.795Z","32.127164","6",NULL
"9842","2018-05-15T18:06:59.676Z","30.575783","3",NULL
"9843","2018-05-15T18:05:13.922Z","31.353831","5",NULL
"9844","2018-05-15T18:07:00.410Z","29.853603","3",NULL
"9845","2018-05-15T18:07:23.563Z","30.988977","2",NULL
"9846","2018-05-15T18:07:23.617Z","31.591859","1",NULL
"9847","2018-05-15T18:05:13.796Z","32.127164","6",NULL
"9848","2018-05-15T18:06:58.336Z","29.430131","4",NULL
"9849","2018-05-15T18:05:14.037Z","31.353831","5",NULL
"9850","2018-05-15T18:07:23.985Z","31.591859","1",NULL
"9851","2018-05-15T18:07:23.567Z","30.919802","2",NULL
"9852","2018-05-15T18:05:13.871Z","32.127164","6",NULL
"9853","2018-05-15T18:07:00.436Z","29.776132","3",NULL
"9854","2018-05-15T18:06:58.370Z","29.430131","4",NULL
"9855","2018-05-15T18:05:15.465Z","31.353831","5",NULL
"9856","2018-05-15T18:07:25.227Z","31.460731","1",NULL
"9857","2018-05-15T18:07:23.613Z","30.818526","2",NULL
"9858","2018-05-15T18:05:14.061Z","32.127164","6",NULL
"9859","2018-05-15T18:06:58.480Z","31.392798","4",NULL
"9860","2018-05-15T18:07:00.494Z","29.675819","3",NULL
"9861","2018-05-15T18:05:15.565Z","33.353831","5",NULL
"9862","2018-05-15T18:05:15.452Z","34.089831","6",NULL
"9863","2018-05-15T18:06:58.536Z","31.392798","4",NULL
"9864","2018-05-15T18:07:00.675Z","31.253056","3",NULL
"9865","2018-05-15T18:07:23.675Z","30.818526","2",NULL
"9866","2018-05-15T18:07:25.673Z","31.299967","1",NULL
"9867","2018-05-15T18:05:15.716Z","33.353831","5",NULL
"9868","2018-05-15T18:05:15.467Z","34.089831","6",NULL
"9869","2018-05-15T18:06:59.445Z","31.392798","4",NULL
"9870","2018-05-15T18:07:00.766Z","31.357387","3",NULL
"9871","2018-05-15T18:07:25.799Z","31.580596","1",NULL
"9872","2018-05-15T18:07:23.988Z","30.818526","2",NULL
"9873","2018-05-15T18:05:16.039Z","33.297162","5",NULL
"9874","2018-05-15T18:07:26.065Z","32.638023","1",NULL
"9875","2018-05-15T18:07:25.285Z","30.687398","2",NULL
"9876","2018-05-15T18:07:00.869Z","31.262178","3",NULL
"9877","2018-05-15T18:06:59.789Z","30.58645","4",NULL
"9878","2018-05-15T18:05:15.727Z","34.089831","6",NULL
"9879","2018-05-15T18:05:16.559Z","32.795057","5",NULL
"9880","2018-05-15T18:07:25.716Z","30.359967","2",NULL
"9881","2018-05-15T18:07:00.963Z","31.162978","3",NULL
"9882","2018-05-15T18:07:00.427Z","31.826936","4",NULL
"9883","2018-05-15T18:05:16.048Z","34.033162","6",NULL
"9884","2018-05-15T18:07:26.183Z","32.625509","1",NULL
"9885","2018-05-15T18:05:16.825Z","32.536098","5",NULL
"9886","2018-05-15T18:07:25.817Z","30.140596","2",NULL
"9887","2018-05-15T18:07:01.660Z","30.487628","3",NULL
"9888","2018-05-15T18:05:16.591Z","33.531057","6",NULL
"9889","2018-05-15T18:07:00.438Z","31.749465","4",NULL
"9890","2018-05-15T18:07:26.359Z","32.458829","1",NULL
"9891","2018-05-15T18:05:17.083Z","32.281307","5",NULL
"9892","2018-05-15T18:07:26.185Z","29.852176","2",NULL
"9893","2018-05-15T18:07:01.996Z","30.474085","3",NULL
"9894","2018-05-15T18:07:00.445Z","31.692219","4",NULL
"9895","2018-05-15T18:05:16.873Z","33.272098","6",NULL
"9896","2018-05-15T18:07:26.431Z","32.295252","1",NULL
"9897","2018-05-15T18:05:17.634Z","31.704159","5",NULL
"9898","2018-05-15T18:07:02.125Z","30.956564","3",NULL
"9899","2018-05-15T18:05:17.085Z","33.017307","6",NULL
"9900","2018-05-15T18:07:26.362Z","29.685496","2",NULL
"9901","2018-05-15T18:07:00.498Z","31.607485","4",NULL
"9902","2018-05-15T18:07:26.733Z","31.980419","1",NULL
"9903","2018-05-15T18:05:18.412Z","31.013266","5",NULL
"9904","2018-05-15T18:07:26.484Z","29.521919","2",NULL
"9905","2018-05-15T18:07:00.710Z","31.476389","4",NULL
"9906","2018-05-15T18:07:02.286Z","31.829635","3",NULL
"9907","2018-05-15T18:05:17.636Z","32.440159","6",NULL
"9908","2018-05-15T18:07:27.661Z","31.110443","1",NULL
"9909","2018-05-15T18:05:18.683Z","30.95161","5",NULL
"9910","2018-05-15T18:05:18.724Z","30.86551","5",NULL
"9911","2018-05-15T18:07:26.765Z","29.207086","2",NULL
"9912","2018-05-15T18:07:02.365Z","31.758881","3",NULL
"9913","2018-05-15T18:07:00.871Z","31.235511","4",NULL
"9914","2018-05-15T18:05:18.420Z","31.749266","6",NULL
"9915","2018-05-15T18:07:28.245Z","30.512794","1",NULL
"9916","2018-05-15T18:05:19.053Z","31.650776","5",NULL
"9917","2018-05-15T18:07:00.979Z","31.136311","4",NULL
"9918","2018-05-15T18:05:18.580Z","33.447303","6",NULL
"9919","2018-05-15T18:07:27.702Z","28.33711","2",NULL
"9920","2018-05-15T18:07:02.483Z","31.69785","3",NULL
"9921","2018-05-15T18:07:28.292Z","30.481249","1",NULL
"9922","2018-05-15T18:05:19.128Z","31.574327","5",NULL
"9923","2018-05-15T18:07:01.667Z","30.460961","4",NULL
"9924","2018-05-15T18:05:18.704Z","33.441944","6",NULL
"9925","2018-05-15T18:07:02.887Z","31.239932","3",NULL
"9926","2018-05-15T18:07:28.696Z","30.193181","1",NULL
"9927","2018-05-15T18:07:27.943Z","29.987682","2",NULL
"9928","2018-05-15T18:07:01.910Z","32.199439","4",NULL
"9929","2018-05-15T18:05:19.333Z","31.997081","5",NULL
"9930","2018-05-15T18:07:28.247Z","29.702127","2",NULL
"9931","2018-05-15T18:07:03.366Z","30.749055","3",NULL
"9932","2018-05-15T18:07:28.799Z","30.289804","1",NULL
"9933","2018-05-15T18:05:18.762Z","33.355844","6",NULL
"9934","2018-05-15T18:07:02.012Z","32.118418","4",NULL
"9935","2018-05-15T18:07:28.298Z","29.670582","2",NULL
"9936","2018-05-15T18:05:19.405Z","31.963168","5",NULL
"9937","2018-05-15T18:07:28.948Z","30.24342","1",NULL
"9938","2018-05-15T18:05:19.119Z","33.057776","6",NULL
"9939","2018-05-15T18:07:04.166Z","30.41306","3",NULL
"9940","2018-05-15T18:07:02.151Z","31.934231","4",NULL
"9941","2018-05-15T18:07:28.699Z","29.382514","2",NULL
"9942","2018-05-15T18:05:19.615Z","31.722283","5",NULL
"9943","2018-05-15T18:05:19.175Z","32.981327","6",NULL
"9944","2018-05-15T18:07:04.515Z","30.41306","3",NULL
"9945","2018-05-15T18:07:29.151Z","30.557718","1",NULL
"9946","2018-05-15T18:07:02.368Z","31.694881","4",NULL
"9947","2018-05-15T18:05:19.728Z","31.702584","5",NULL
"9948","2018-05-15T18:07:28.801Z","29.229137","2",NULL
"9949","2018-05-15T18:05:19.345Z","32.779081","6",NULL
"9950","2018-05-15T18:07:04.545Z","30.451419","3",NULL
"9951","2018-05-15T18:07:29.192Z","30.531229","1",NULL
"9952","2018-05-15T18:07:02.746Z","31.63385","4",NULL
"9953","2018-05-15T18:05:19.767Z","31.652728","5",NULL
"9954","2018-05-15T18:07:28.990Z","29.182753","2",NULL
"9955","2018-05-15T18:05:19.445Z","32.745168","6",NULL
"9956","2018-05-15T18:07:04.846Z","30.646627","3",NULL
"9957","2018-05-15T18:07:29.475Z","31.145861","1",NULL
"9958","2018-05-15T18:05:19.936Z","31.614411","5",NULL
"9959","2018-05-15T18:07:02.905Z","31.175932","4",NULL
"9960","2018-05-15T18:07:29.069Z","30.834242","2",NULL
"9961","2018-05-15T18:05:19.755Z","32.401251","6",NULL
"9962","2018-05-15T18:07:29.527Z","31.145861","1",NULL
"9963","2018-05-15T18:07:04.990Z","30.644785","3",NULL
"9964","2018-05-15T18:05:21.171Z","31.614411","5",NULL
"9965","2018-05-15T18:07:03.438Z","30.685055","4",NULL
"9966","2018-05-15T18:07:29.166Z","30.793051","2",NULL
"9967","2018-05-15T18:07:05.126Z","31.595558","3",NULL
"9968","2018-05-15T18:05:19.815Z","32.351395","6",NULL
"9969","2018-05-15T18:07:30.274Z","31.520861","1",NULL
"9970","2018-05-15T18:07:04.195Z","30.34906","4",NULL
"9971","2018-05-15T18:05:21.431Z","31.656078","5",NULL
"9972","2018-05-15T18:07:29.208Z","30.766562","2",NULL
"9973","2018-05-15T18:07:30.303Z","31.520861","1",NULL
"9974","2018-05-15T18:07:05.154Z","31.589143","3",NULL
"9975","2018-05-15T18:05:19.948Z","32.313078","6",NULL
"9976","2018-05-15T18:07:04.306Z","32.311727","4",NULL
"9977","2018-05-15T18:07:29.515Z","30.672861","2",NULL
"9978","2018-05-15T18:05:21.671Z","33.614411","5",NULL
"9979","2018-05-15T18:07:05.178Z","31.604051","3",NULL
"9980","2018-05-15T18:07:30.820Z","31.520861","1",NULL
"9981","2018-05-15T18:05:21.185Z","32.313078","6",NULL
"9982","2018-05-15T18:07:29.542Z","30.672861","2",NULL
"9983","2018-05-15T18:05:21.711Z","33.614411","5",NULL
"9984","2018-05-15T18:07:04.522Z","32.311727","4",NULL
"9985","2018-05-15T18:07:05.186Z","31.59715","3",NULL
"9986","2018-05-15T18:07:30.995Z","31.812528","1",NULL
"9987","2018-05-15T18:05:21.326Z","34.275744","6",NULL
"9988","2018-05-15T18:07:30.293Z","30.672861","2",NULL
"9989","2018-05-15T18:05:22.787Z","33.582507","5",NULL
"9990","2018-05-15T18:07:04.567Z","32.225086","4",NULL
"9991","2018-05-15T18:05:21.459Z","34.275744","6",NULL
"9992","2018-05-15T18:07:31.255Z","33.520861","1",NULL
"9993","2018-05-15T18:07:05.403Z","31.404098","3",NULL
"9994","2018-05-15T18:07:30.510Z","32.635528","2",NULL
"9995","2018-05-15T18:05:23.051Z","33.405506","5",NULL
"9996","2018-05-15T18:07:04.934Z","33.88296","4",NULL
"9997","2018-05-15T18:07:31.348Z","33.520861","1",NULL
"9998","2018-05-15T18:07:06.280Z","30.564397","3",NULL
"9999","2018-05-15T18:05:21.722Z","34.275744","6",NULL
"10000","2018-05-15T18:05:23.533Z","32.909674","5",NULL
"10001","2018-05-15T18:07:30.837Z","32.635528","2",NULL
"10002","2018-05-15T18:07:05.032Z","33.881118","4",NULL
"10003","2018-05-15T18:07:32.365Z","33.520861","1",NULL
"10004","2018-05-15T18:07:07.186Z","29.663886","3",NULL
"10005","2018-05-15T18:05:22.789Z","34.24384","6",NULL
"10006","2018-05-15T18:07:05.073Z","33.796508","4",NULL
"10007","2018-05-15T18:05:23.788Z","32.670999","5",NULL
"10008","2018-05-15T18:07:31.023Z","32.635528","2",NULL
"10009","2018-05-15T18:07:33.736Z","33.455116","1",NULL
"10010","2018-05-15T18:05:23.061Z","34.066839","6",NULL
"10011","2018-05-15T18:07:07.418Z","29.392523","3",NULL
"10012","2018-05-15T18:05:24.283Z","32.160277","5",NULL
"10013","2018-05-15T18:07:31.375Z","32.635528","2",NULL
"10014","2018-05-15T18:07:05.141Z","33.540224","4",NULL
"10015","2018-05-15T18:05:24.632Z","31.90136","5",NULL
"10016","2018-05-15T18:05:23.541Z","33.571007","6",NULL
"10017","2018-05-15T18:07:07.423Z","29.360316","3",NULL
"10018","2018-05-15T18:07:33.998Z","33.193551","1",NULL
"10019","2018-05-15T18:07:05.165Z","33.533809","4",NULL
"10020","2018-05-15T18:07:32.219Z","34.598194","2",NULL
"10021","2018-05-15T18:05:23.794Z","33.332332","6",NULL
"10022","2018-05-15T18:05:24.936Z","31.588025","5",NULL
"10023","2018-05-15T18:07:34.829Z","32.429523","1",NULL
"10024","2018-05-15T18:07:07.670Z","31.107198","3",NULL
"10025","2018-05-15T18:07:32.367Z","34.598194","2",NULL
"10026","2018-05-15T18:07:05.190Z","33.458483","4",NULL
"10027","2018-05-15T18:07:33.747Z","34.532449","2",NULL
"10028","2018-05-15T18:05:24.286Z","32.82161","6",NULL
"10029","2018-05-15T18:07:07.801Z","31.071714","3",NULL
"10030","2018-05-15T18:07:35.241Z","32.049971","1",NULL
"10031","2018-05-15T18:05:25.863Z","30.752418","5",NULL
"10032","2018-05-15T18:07:05.939Z","33.265431","4",NULL
"10033","2018-05-15T18:07:35.778Z","31.557553","1",NULL
"10034","2018-05-15T18:07:07.869Z","31.042421","3",NULL
"10035","2018-05-15T18:07:34.024Z","34.270884","2",NULL
"10036","2018-05-15T18:05:26.136Z","30.360738","5",NULL
"10037","2018-05-15T18:05:24.667Z","32.562693","6",NULL
"10038","2018-05-15T18:07:06.323Z","32.42573","4",NULL
"10039","2018-05-15T18:07:36.237Z","31.067259","1",NULL
"10040","2018-05-15T18:07:34.854Z","33.506856","2",NULL
"10041","2018-05-15T18:07:08.192Z","30.642995","3",NULL
"10042","2018-05-15T18:05:26.574Z","29.940197","5",NULL
"10043","2018-05-15T18:05:24.943Z","32.249358","6",NULL
"10044","2018-05-15T18:07:07.210Z","31.525219","4",NULL
"10045","2018-05-15T18:07:36.727Z","30.569059","1",NULL
"10046","2018-05-15T18:07:08.523Z","30.391137","3",NULL
"10047","2018-05-15T18:05:26.655Z","29.923261","5",NULL
"10048","2018-05-15T18:05:25.871Z","31.413751","6",NULL
"10049","2018-05-15T18:07:35.243Z","33.127304","2",NULL
"10050","2018-05-15T18:07:37.667Z","29.801403","1",NULL
"10051","2018-05-15T18:07:07.421Z","33.216523","4",NULL
"10052","2018-05-15T18:07:35.785Z","32.634886","2",NULL
"10053","2018-05-15T18:05:26.853Z","30.127935","5",NULL
"10054","2018-05-15T18:05:26.156Z","31.022071","6",NULL
"10055","2018-05-15T18:07:09.095Z","29.716859","3",NULL
"10056","2018-05-15T18:07:07.425Z","33.184316","4",NULL
"10057","2018-05-15T18:07:37.910Z","29.416732","1",NULL
"10058","2018-05-15T18:07:36.243Z","32.144592","2",NULL
"10059","2018-05-15T18:05:26.889Z","30.102734","5",NULL
"10060","2018-05-15T18:07:09.121Z","29.679737","3",NULL
"10061","2018-05-15T18:05:26.406Z","32.668679","6",NULL
"10062","2018-05-15T18:07:07.427Z","33.181394","4",NULL
"10063","2018-05-15T18:07:37.959Z","29.332572","1",NULL
"10064","2018-05-15T18:07:09.497Z","29.915126","3",NULL
"10065","2018-05-15T18:05:26.616Z","32.564197","6",NULL
"10066","2018-05-15T18:05:27.103Z","30.808868","5",NULL
"10067","2018-05-15T18:07:36.728Z","31.646392","2",NULL
"10068","2018-05-15T18:07:38.414Z","29.330251","1",NULL
"10069","2018-05-15T18:07:07.816Z","32.895714","4",NULL
"10070","2018-05-15T18:05:26.662Z","32.547261","6",NULL
"10071","2018-05-15T18:07:09.515Z","29.91287","3",NULL
"10072","2018-05-15T18:05:27.177Z","30.73344","5",NULL
"10073","2018-05-15T18:07:37.669Z","30.878736","2",NULL
"10074","2018-05-15T18:07:38.600Z","29.719103","1",NULL
"10075","2018-05-15T18:07:07.978Z","32.866421","4",NULL
"10076","2018-05-15T18:05:27.670Z","30.999819","5",NULL
"10077","2018-05-15T18:07:09.667Z","31.125423","3",NULL
"10078","2018-05-15T18:05:26.858Z","32.335268","6",NULL
"10079","2018-05-15T18:07:37.912Z","30.494065","2",NULL
"10080","2018-05-15T18:07:08.195Z","32.466995","4",NULL
"10081","2018-05-15T18:07:38.639Z","29.719103","1",NULL
"10082","2018-05-15T18:07:09.824Z","30.958083","3",NULL
"10083","2018-05-15T18:05:26.908Z","32.310067","6",NULL
"10084","2018-05-15T18:05:27.833Z","30.829806","5",NULL
"10085","2018-05-15T18:07:37.925Z","32.407872","2",NULL
"10086","2018-05-15T18:07:08.526Z","32.215137","4",NULL
"10087","2018-05-15T18:07:38.724Z","30.594103","1",NULL
"10088","2018-05-15T18:05:27.915Z","30.779452","5",NULL
"10089","2018-05-15T18:07:09.097Z","31.540859","4",NULL
"10090","2018-05-15T18:05:27.159Z","32.057868","6",NULL
"10091","2018-05-15T18:07:37.962Z","32.372572","2",NULL
"10092","2018-05-15T18:07:09.910Z","31.701242","3",NULL
"10093","2018-05-15T18:07:39.221Z","30.76077","1",NULL
"10094","2018-05-15T18:05:28.634Z","30.437369","5",NULL
"10095","2018-05-15T18:05:27.236Z","31.98244","6",NULL
"10096","2018-05-15T18:07:38.416Z","32.036918","2",NULL
"10097","2018-05-15T18:07:09.160Z","31.503737","4",NULL
"10098","2018-05-15T18:07:10.047Z","32.753703","3",NULL
"10099","2018-05-15T18:05:28.656Z","30.437369","5",NULL
"10100","2018-05-15T18:07:39.239Z","30.76077","1",NULL
"10101","2018-05-15T18:07:10.168Z","32.648807","3",NULL
"10102","2018-05-15T18:07:09.432Z","33.138089","4",NULL
"10103","2018-05-15T18:07:38.607Z","31.80077","2",NULL
"10104","2018-05-15T18:05:27.754Z","31.623819","6",NULL
"10105","2018-05-15T18:07:39.752Z","30.550255","1",NULL
"10106","2018-05-15T18:05:28.986Z","32.437369","5",NULL
"10107","2018-05-15T18:07:10.213Z","32.647638","3",NULL
"10108","2018-05-15T18:07:38.655Z","31.80077","2",NULL
"10109","2018-05-15T18:05:27.857Z","31.453806","6",NULL
"10110","2018-05-15T18:07:09.506Z","33.11846","4",NULL
"10111","2018-05-15T18:05:29.026Z","32.437369","5",NULL
"10112","2018-05-15T18:07:40.447Z","30.028264","1",NULL
"10113","2018-05-15T18:07:09.522Z","33.116204","4",NULL
"10114","2018-05-15T18:07:38.768Z","31.80077","2",NULL
"10115","2018-05-15T18:07:10.626Z","32.172343","3",NULL
"10116","2018-05-15T18:05:28.644Z","31.061369","6",NULL
"10117","2018-05-15T18:07:40.956Z","29.410188","1",NULL
"10118","2018-05-15T18:05:29.784Z","32.270946","5",NULL
"10119","2018-05-15T18:07:39.247Z","31.80077","2",NULL
"10120","2018-05-15T18:05:28.662Z","31.061369","6",NULL
"10121","2018-05-15T18:07:10.865Z","31.921576","3",NULL
"10122","2018-05-15T18:07:09.833Z","32.74475","4",NULL
"10123","2018-05-15T18:05:31.140Z","31.045217","5",NULL
"10124","2018-05-15T18:07:41.049Z","29.409168","1",NULL
"10125","2018-05-15T18:05:28.900Z","33.024036","6",NULL
"10126","2018-05-15T18:07:12.205Z","30.825074","3",NULL
"10127","2018-05-15T18:07:09.930Z","32.696242","4",NULL
"10128","2018-05-15T18:07:39.756Z","31.590255","2",NULL
"10129","2018-05-15T18:05:31.653Z","30.533679","5",NULL
"10130","2018-05-15T18:07:41.293Z","29.255478","1",NULL
"10131","2018-05-15T18:05:29.047Z","33.024036","6",NULL
"10132","2018-05-15T18:07:12.472Z","30.355399","3",NULL
"10133","2018-05-15T18:07:40.458Z","33.030931","2",NULL
"10134","2018-05-15T18:07:10.186Z","32.435474","4",NULL
"10135","2018-05-15T18:05:32.082Z","30.688255","5",NULL
"10136","2018-05-15T18:05:29.796Z","32.857613","6",NULL
"10137","2018-05-15T18:07:41.305Z","29.4689","1",NULL
"10138","2018-05-15T18:07:12.671Z","30.350963","3",NULL
"10139","2018-05-15T18:07:40.741Z","32.576444","2",NULL
"10140","2018-05-15T18:07:10.247Z","32.434305","4",NULL
"10141","2018-05-15T18:05:32.138Z","30.598552","5",NULL
"10142","2018-05-15T18:05:31.193Z","31.631884","6",NULL
"10143","2018-05-15T18:07:41.450Z","29.46548","1",NULL
"10144","2018-05-15T18:07:12.685Z","30.350963","3",NULL
"10145","2018-05-15T18:07:41.036Z","32.412855","2",NULL
"10146","2018-05-15T18:07:10.629Z","31.95901","4",NULL
"10147","2018-05-15T18:05:31.678Z","31.120346","6",NULL
"10148","2018-05-15T18:07:41.742Z","29.773575","1",NULL
"10149","2018-05-15T18:07:12.881Z","32.309296","3",NULL
"10150","2018-05-15T18:07:41.051Z","32.411835","2",NULL
"10151","2018-05-15T18:05:32.447Z","30.42468","5",NULL
"10152","2018-05-15T18:07:10.893Z","31.708243","4",NULL
"10153","2018-05-15T18:07:41.995Z","29.7699","1",NULL
"10154","2018-05-15T18:07:13.016Z","32.309296","3",NULL
"10155","2018-05-15T18:07:41.297Z","32.008145","2",NULL
"10156","2018-05-15T18:05:32.096Z","30.691589","6",NULL
"10157","2018-05-15T18:05:32.511Z","30.358496","5",NULL
"10158","2018-05-15T18:07:12.208Z","30.611741","4",NULL
"10159","2018-05-15T18:07:42.523Z","29.781895","1",NULL
"10160","2018-05-15T18:05:32.254Z","30.601886","6",NULL
"10161","2018-05-15T18:07:41.395Z","31.971567","2",NULL
"10162","2018-05-15T18:07:13.200Z","32.309296","3",NULL
"10163","2018-05-15T18:05:32.704Z","31.393299","5",NULL
"10164","2018-05-15T18:07:12.499Z","30.142066","4",NULL
"10165","2018-05-15T18:07:41.453Z","31.968147","2",NULL
"10166","2018-05-15T18:05:33.726Z","30.368429","5",NULL
"10167","2018-05-15T18:05:32.499Z","30.303014","6",NULL
"10168","2018-05-15T18:07:14.548Z","32.600963","3",NULL
"10169","2018-05-15T18:07:42.536Z","29.771115","1",NULL
"10170","2018-05-15T18:07:12.683Z","32.058629","4",NULL
"10171","2018-05-15T18:07:41.989Z","31.651242","2",NULL
"10172","2018-05-15T18:05:33.767Z","30.367467","5",NULL
"10173","2018-05-15T18:07:14.979Z","34.225963","3",NULL
"10174","2018-05-15T18:05:32.539Z","30.23683","6",NULL
"10175","2018-05-15T18:07:42.558Z","29.746595","1",NULL
"10176","2018-05-15T18:07:12.698Z","32.058629","4",NULL
"10177","2018-05-15T18:07:42.021Z","31.647567","2",NULL
"10178","2018-05-15T18:05:34.053Z","30.257777","5",NULL
"10179","2018-05-15T18:07:15.074Z","34.309296","3",NULL
"10180","2018-05-15T18:05:33.742Z","28.955096","6",NULL
"10181","2018-05-15T18:07:42.585Z","29.695866","1",NULL
"10182","2018-05-15T18:07:12.699Z","32.058629","4",NULL
"10183","2018-05-15T18:07:42.533Z","30.784562","2",NULL
"10184","2018-05-15T18:07:15.105Z","34.309296","3",NULL
"10185","2018-05-15T18:07:43.191Z","29.32698","1",NULL
"10186","2018-05-15T18:05:34.196Z","32.257777","5",NULL
"10187","2018-05-15T18:05:33.790Z","28.954134","6",NULL
"10188","2018-05-15T18:07:12.883Z","32.058629","4",NULL
"10189","2018-05-15T18:07:42.544Z","30.773782","2",NULL
"10190","2018-05-15T18:05:34.077Z","28.844444","6",NULL
"10191","2018-05-15T18:07:15.221Z","34.292034","3",NULL
"10192","2018-05-15T18:05:34.277Z","32.257777","5",NULL
"10193","2018-05-15T18:07:43.524Z","28.858636","1",NULL
"10194","2018-05-15T18:07:42.624Z","30.698533","2",NULL
"10195","2018-05-15T18:07:13.202Z","32.058629","4",NULL
"10196","2018-05-15T18:05:34.113Z","30.80711","6",NULL
"10197","2018-05-15T18:07:15.723Z","33.888586","3",NULL
"10198","2018-05-15T18:07:43.647Z","28.857635","1",NULL
"10199","2018-05-15T18:05:35.520Z","32.257777","5",NULL
"10200","2018-05-15T18:07:42.910Z","32.42136","2",NULL
"10201","2018-05-15T18:05:34.279Z","30.80711","6",NULL
"10202","2018-05-15T18:07:14.543Z","34.021296","4",NULL
"10203","2018-05-15T18:07:43.758Z","29.44845","1",NULL
"10204","2018-05-15T18:05:35.719Z","33.200063","5",NULL
"10205","2018-05-15T18:07:16.213Z","33.361246","3",NULL
"10206","2018-05-15T18:07:14.595Z","34.021296","4",NULL
"10207","2018-05-15T18:05:35.529Z","32.769777","6",NULL
"10208","2018-05-15T18:07:43.254Z","32.292313","2",NULL
"10209","2018-05-15T18:07:43.782Z","29.428542","1",NULL
"10210","2018-05-15T18:07:16.609Z","32.974636","3",NULL
"10211","2018-05-15T18:05:35.728Z","33.199008","5",NULL
"10212","2018-05-15T18:07:15.004Z","34.021296","4",NULL
"10213","2018-05-15T18:05:35.620Z","32.769777","6",NULL
"10214","2018-05-15T18:07:43.589Z","31.823969","2",NULL
"10215","2018-05-15T18:07:44.008Z","29.24832","1",NULL
"10216","2018-05-15T18:05:35.743Z","34.240675","5",NULL
"10217","2018-05-15T18:07:17.112Z","32.463392","3",NULL
"10218","2018-05-15T18:07:15.153Z","34.021296","4",NULL
"10219","2018-05-15T18:05:35.724Z","32.75373","6",NULL
"10220","2018-05-15T18:07:43.659Z","31.822968","2",NULL
"10221","2018-05-15T18:07:44.043Z","29.22842","1",NULL
"10222","2018-05-15T18:07:17.618Z","31.943814","3",NULL
"10223","2018-05-15T18:05:36.052Z","33.991168","5",NULL
"10224","2018-05-15T18:07:15.246Z","34.004034","4",NULL
"10225","2018-05-15T18:05:35.731Z","32.752675","6",NULL
"10226","2018-05-15T18:07:43.760Z","31.538783","2",NULL
"10227","2018-05-15T18:07:44.617Z","29.986918","1",NULL
"10228","2018-05-15T18:05:36.219Z","33.85153","5",NULL
"10229","2018-05-15T18:07:17.858Z","31.70492","3",NULL
"10230","2018-05-15T18:07:15.725Z","33.600586","4",NULL
"10231","2018-05-15T18:05:36.093Z","32.503168","6",NULL
"10232","2018-05-15T18:07:43.811Z","31.518875","2",NULL
"10233","2018-05-15T18:07:44.633Z","29.959768","1",NULL
"10234","2018-05-15T18:05:36.533Z","33.480147","5",NULL
"10235","2018-05-15T18:07:18.146Z","31.416071","3",NULL
"10236","2018-05-15T18:05:36.230Z","32.36353","6",NULL
"10237","2018-05-15T18:07:44.038Z","31.338653","2",NULL
"10238","2018-05-15T18:07:16.237Z","33.073246","4",NULL
"10239","2018-05-15T18:07:18.731Z","30.832788","3",NULL
"10240","2018-05-15T18:05:36.535Z","31.992147","6",NULL
"10241","2018-05-15T18:05:37.033Z","32.986209","5",NULL
"10242","2018-05-15T18:07:44.654Z","29.676413","1",NULL
"10243","2018-05-15T18:07:16.614Z","32.686636","4",NULL
"10244","2018-05-15T18:07:44.088Z","31.318753","2",NULL
"10245","2018-05-15T18:07:17.127Z","32.175392","4",NULL
"10246","2018-05-15T18:05:38.005Z","32.135876","5",NULL
"10247","2018-05-15T18:05:37.034Z","31.498209","6",NULL
"10248","2018-05-15T18:07:44.983Z","29.476088","1",NULL
"10249","2018-05-15T18:07:18.801Z","32.759471","3",NULL
"10250","2018-05-15T18:07:44.620Z","30.952251","2",NULL
"10251","2018-05-15T18:05:38.114Z","31.89532","5",NULL
"10252","2018-05-15T18:07:17.620Z","31.655814","4",NULL
"10253","2018-05-15T18:07:18.805Z","32.755086","3",NULL
"10254","2018-05-15T18:05:38.014Z","30.647876","6",NULL
"10255","2018-05-15T18:07:45.044Z","29.432444","1",NULL
"10256","2018-05-15T18:07:44.635Z","30.925101","2",NULL
"10257","2018-05-15T18:05:38.309Z","31.729246","5",NULL
"10258","2018-05-15T18:07:17.859Z","31.41692","4",NULL
"10259","2018-05-15T18:07:19.142Z","32.449324","3",NULL
"10260","2018-05-15T18:05:38.177Z","32.369987","6",NULL
"10261","2018-05-15T18:07:45.242Z","29.068523","1",NULL
"10262","2018-05-15T18:07:45.010Z","30.441421","2",NULL
"10263","2018-05-15T18:07:19.769Z","31.94831","3",NULL
"10264","2018-05-15T18:05:38.239Z","32.25306","6",NULL
"10265","2018-05-15T18:05:38.540Z","31.475673","5",NULL
"10266","2018-05-15T18:07:45.384Z","29.037893","1",NULL
"10267","2018-05-15T18:07:18.194Z","31.128071","4",NULL
"10268","2018-05-15T18:07:45.083Z","30.397777","2",NULL
"10269","2018-05-15T18:05:39.031Z","30.976196","5",NULL
"10270","2018-05-15T18:07:45.489Z","29.615163","1",NULL
"10271","2018-05-15T18:07:19.989Z","31.635948","3",NULL
"10272","2018-05-15T18:05:38.311Z","32.203913","6",NULL
"10273","2018-05-15T18:07:18.733Z","30.544788","4",NULL
"10274","2018-05-15T18:07:45.272Z","30.033856","2",NULL
"10275","2018-05-15T18:07:20.409Z","31.185842","3",NULL
"10276","2018-05-15T18:05:39.288Z","30.725493","5",NULL
"10277","2018-05-15T18:07:45.589Z","29.8308","1",NULL
"10278","2018-05-15T18:05:38.542Z","31.95034","6",NULL
"10279","2018-05-15T18:07:18.754Z","32.481029","4",NULL
"10280","2018-05-15T18:07:45.427Z","29.878226","2",NULL
"10281","2018-05-15T18:05:39.033Z","31.450863","6",NULL
"10282","2018-05-15T18:07:45.758Z","30.549842","1",NULL
"10283","2018-05-15T18:07:18.810Z","32.429753","4",NULL
"10284","2018-05-15T18:07:20.885Z","30.695986","3",NULL
"10285","2018-05-15T18:05:39.544Z","30.477456","5",NULL
"10286","2018-05-15T18:07:45.541Z","29.747163","2",NULL
"10287","2018-05-15T18:05:39.307Z","31.20016","6",NULL
"10288","2018-05-15T18:05:40.761Z","29.776326","5",NULL
"10289","2018-05-15T18:07:19.148Z","32.123991","4",NULL
"10290","2018-05-15T18:07:21.521Z","30.457867","3",NULL
"10291","2018-05-15T18:07:45.856Z","30.519629","1",NULL
"10292","2018-05-15T18:05:39.611Z","30.952123","6",NULL
"10293","2018-05-15T18:07:45.607Z","29.671133","2",NULL
"10294","2018-05-15T18:07:19.785Z","31.622977","4",NULL
"10295","2018-05-15T18:07:45.923Z","30.405632","1",NULL
"10296","2018-05-15T18:05:40.982Z","31.776326","5",NULL
"10297","2018-05-15T18:07:21.625Z","32.457867","3",NULL
"10298","2018-05-15T18:05:40.830Z","30.250993","6",NULL
"10299","2018-05-15T18:07:45.767Z","29.515175","2",NULL
"10300","2018-05-15T18:07:20.044Z","31.310615","4",NULL
"10301","2018-05-15T18:07:21.661Z","32.457867","3",NULL
"10302","2018-05-15T18:07:46.032Z","30.238261","1",NULL
"10303","2018-05-15T18:05:41.119Z","31.776326","5",NULL
"10304","2018-05-15T18:07:20.464Z","30.860509","4",NULL
"10305","2018-05-15T18:05:40.860Z","32.213659","6",NULL
"10306","2018-05-15T18:07:45.986Z","29.370965","2",NULL
"10307","2018-05-15T18:07:46.254Z","30.039834","1",NULL
"10308","2018-05-15T18:05:41.282Z","31.776326","5",NULL
"10309","2018-05-15T18:07:22.391Z","32.279822","3",NULL
"10310","2018-05-15T18:07:46.040Z","29.203594","2",NULL
"10311","2018-05-15T18:07:20.914Z","30.370653","4",NULL
"10312","2018-05-15T18:05:40.992Z","32.213659","6",NULL
"10313","2018-05-15T18:07:46.546Z","29.731931","1",NULL
"10314","2018-05-15T18:07:22.870Z","31.793244","3",NULL
"10315","2018-05-15T18:05:42.948Z","31.397819","5",NULL
"10316","2018-05-15T18:07:46.263Z","29.005167","2",NULL
"10317","2018-05-15T18:05:41.285Z","32.213659","6",NULL
"10318","2018-05-15T18:07:21.525Z","30.132534","4",NULL
"10319","2018-05-15T18:05:43.523Z","30.792182","5",NULL
"10320","2018-05-15T18:07:23.365Z","31.292542","3",NULL
"10321","2018-05-15T18:07:47.120Z","29.731931","1",NULL
"10322","2018-05-15T18:07:21.595Z","32.0952","4",NULL
"10323","2018-05-15T18:07:46.555Z","28.697264","2",NULL
"10324","2018-05-15T18:05:42.951Z","31.835152","6",NULL
"10325","2018-05-15T18:07:24.145Z","30.606796","3",NULL
"10326","2018-05-15T18:05:43.573Z","30.770552","5",NULL
"10327","2018-05-15T18:07:47.781Z","31.731931","1",NULL
"10328","2018-05-15T18:07:47.131Z","28.697264","2",NULL
"10329","2018-05-15T18:07:21.667Z","32.0952","4",NULL
"10330","2018-05-15T18:05:43.130Z","33.553048","6",NULL
"10331","2018-05-15T18:05:43.738Z","31.149803","5",NULL
"10332","2018-05-15T18:07:47.924Z","31.731931","1",NULL
"10333","2018-05-15T18:07:24.320Z","31.066296","3",NULL
"10334","2018-05-15T18:05:43.571Z","33.192182","6",NULL
"10335","2018-05-15T18:07:47.927Z","28.697264","2",NULL
"10336","2018-05-15T18:07:22.398Z","31.917155","4",NULL
"10337","2018-05-15T18:07:48.837Z","32.731931","1",NULL
"10338","2018-05-15T18:07:24.368Z","31.065067","3",NULL
"10339","2018-05-15T18:05:43.837Z","31.128176","5",NULL
"10340","2018-05-15T18:07:48.841Z","28.697264","2",NULL
"10341","2018-05-15T18:07:22.885Z","31.430577","4",NULL
"10342","2018-05-15T18:05:43.575Z","33.170552","6",NULL
"10343","2018-05-15T18:07:48.914Z","33.731931","1",NULL
"10344","2018-05-15T18:07:24.467Z","32.187513","3",NULL
"10345","2018-05-15T18:05:44.198Z","31.669488","5",NULL
"10346","2018-05-15T18:07:49.160Z","28.697264","2",NULL
"10347","2018-05-15T18:05:43.782Z","32.96647","6",NULL
"10348","2018-05-15T18:07:23.384Z","30.929875","4",NULL
"10349","2018-05-15T18:07:49.158Z","33.731931","1",NULL
"10350","2018-05-15T18:07:24.531Z","32.172393","3",NULL
"10351","2018-05-15T18:05:44.505Z","31.613964","5",NULL
"10352","2018-05-15T18:05:43.886Z","32.944843","6",NULL
"10353","2018-05-15T18:07:49.649Z","28.585157","2",NULL
"10354","2018-05-15T18:07:24.189Z","30.244129","4",NULL
"10355","2018-05-15T18:07:24.636Z","32.041758","3",NULL
"10356","2018-05-15T18:05:44.907Z","31.588452","5",NULL
"10357","2018-05-15T18:07:49.646Z","33.619824","1",NULL
"10358","2018-05-15T18:05:44.230Z","32.569488","6",NULL
"10359","2018-05-15T18:07:49.689Z","30.496774","2",NULL
"10360","2018-05-15T18:07:24.366Z","29.995296","4",NULL
"10361","2018-05-15T18:05:45.007Z","31.454889","5",NULL
"10362","2018-05-15T18:07:49.859Z","33.394755","1",NULL
"10363","2018-05-15T18:07:25.146Z","31.542436","3",NULL
"10364","2018-05-15T18:05:44.534Z","32.180631","6",NULL
"10365","2018-05-15T18:07:24.370Z","29.994067","4",NULL
"10366","2018-05-15T18:07:49.768Z","32.386509","2",NULL
"10367","2018-05-15T18:05:45.110Z","31.379336","5",NULL
"10368","2018-05-15T18:07:25.390Z","31.287658","3",NULL
"10369","2018-05-15T18:07:50.002Z","33.260704","1",NULL
"10370","2018-05-15T18:05:44.989Z","31.988452","6",NULL
"10371","2018-05-15T18:07:24.534Z","29.809726","4",NULL
"10372","2018-05-15T18:07:49.863Z","34.248088","2",NULL
"10373","2018-05-15T18:05:45.334Z","31.134301","5",NULL
"10374","2018-05-15T18:07:25.632Z","31.027863","3",NULL
"10375","2018-05-15T18:07:50.407Z","32.887367","1",NULL
"10376","2018-05-15T18:07:49.871Z","34.234994","2",NULL
"10377","2018-05-15T18:05:45.034Z","31.854889","6",NULL
"10378","2018-05-15T18:05:45.974Z","30.351635","5",NULL
"10379","2018-05-15T18:07:24.669Z","29.679091","4",NULL
"10380","2018-05-15T18:07:50.725Z","32.521757","1",NULL
"10381","2018-05-15T18:07:26.951Z","30.603355","3",NULL
"10382","2018-05-15T18:07:50.031Z","34.114037","2",NULL
"10383","2018-05-15T18:07:25.152Z","29.179769","4",NULL
"10384","2018-05-15T18:05:45.378Z","31.534301","6",NULL
"10385","2018-05-15T18:05:46.259Z","30.030315","5",NULL
"10386","2018-05-15T18:07:50.987Z","32.264321","1",NULL
"10387","2018-05-15T18:07:27.919Z","30.603355","3",NULL
"10388","2018-05-15T18:05:46.017Z","30.751635","6",NULL
"10389","2018-05-15T18:07:25.419Z","28.924991","4",NULL
"10390","2018-05-15T18:05:46.352Z","31.976074","5",NULL
"10391","2018-05-15T18:07:50.442Z","33.7407","2",NULL
"10392","2018-05-15T18:07:51.480Z","31.769623","1",NULL
"10393","2018-05-15T18:07:28.153Z","30.936688","3",NULL
"10394","2018-05-15T18:05:46.267Z","32.392982","6",NULL
"10395","2018-05-15T18:07:25.634Z","28.665196","4",NULL
"10396","2018-05-15T18:05:46.514Z","31.770196","5",NULL
"10397","2018-05-15T18:07:50.745Z","33.37509","2",NULL
"10398","2018-05-15T18:07:52.044Z","31.323964","1",NULL
"10399","2018-05-15T18:07:28.289Z","30.853703","3",NULL
"10400","2018-05-15T18:07:52.987Z","30.401635","1",NULL
"10401","2018-05-15T18:05:46.270Z","32.38631","6",NULL
"10402","2018-05-15T18:05:46.582Z","31.727521","5",NULL
"10403","2018-05-15T18:07:50.994Z","33.117654","2",NULL
"10404","2018-05-15T18:07:26.990Z","28.240688","4",NULL
"10405","2018-05-15T18:07:28.435Z","30.903417","3",NULL
"10406","2018-05-15T18:07:53.452Z","29.927571","1",NULL
"10407","2018-05-15T18:05:46.517Z","32.132863","6",NULL
"10408","2018-05-15T18:05:47.031Z","31.256341","5",NULL
"10409","2018-05-15T18:07:27.731Z","30.203355","4",NULL
"10410","2018-05-15T18:07:51.506Z","32.622956","2",NULL
"10411","2018-05-15T18:07:29.336Z","30.360777","3",NULL
"10412","2018-05-15T18:05:47.205Z","31.086096","5",NULL
"10413","2018-05-15T18:07:53.523Z","29.817412","1",NULL
"10414","2018-05-15T18:05:46.584Z","32.090188","6",NULL
"10415","2018-05-15T18:07:52.056Z","32.177297","2",NULL
"10416","2018-05-15T18:07:27.922Z","30.203355","4",NULL
"10417","2018-05-15T18:07:29.348Z","30.752791","3",NULL
"10418","2018-05-15T18:05:47.039Z","31.619008","6",NULL
"10419","2018-05-15T18:05:47.682Z","31.086096","5",NULL
"10420","2018-05-15T18:07:53.758Z","30.599743","1",NULL
"10421","2018-05-15T18:07:52.990Z","31.254968","2",NULL
"10422","2018-05-15T18:07:28.012Z","32.166022","4",NULL
"10423","2018-05-15T18:07:29.362Z","30.751771","3",NULL
"10424","2018-05-15T18:05:47.217Z","31.448763","6",NULL
"10425","2018-05-15T18:07:28.206Z","32.166022","4",NULL
"10426","2018-05-15T18:07:53.933Z","31.165075","1",NULL
"10427","2018-05-15T18:07:53.381Z","32.801241","2",NULL
"10428","2018-05-15T18:05:48.040Z","31.086096","5",NULL
"10429","2018-05-15T18:07:29.503Z","31.176055","3",NULL
"10430","2018-05-15T18:07:53.959Z","31.3538","1",NULL
"10431","2018-05-15T18:05:48.170Z","33.086096","5",NULL
"10432","2018-05-15T18:05:47.683Z","31.448763","6",NULL
"10433","2018-05-15T18:07:53.456Z","32.743571","2",NULL
"10434","2018-05-15T18:07:28.307Z","31.999703","4",NULL
"10435","2018-05-15T18:07:30.082Z","30.707236","3",NULL
"10436","2018-05-15T18:05:47.949Z","33.411429","6",NULL
"10437","2018-05-15T18:07:28.437Z","31.882751","4",NULL
"10438","2018-05-15T18:05:48.266Z","33.086096","5",NULL
"10439","2018-05-15T18:07:53.565Z","32.633412","2",NULL
"10440","2018-05-15T18:07:54.058Z","31.254745","1",NULL
"10441","2018-05-15T18:07:30.119Z","30.620509","3",NULL
"10442","2018-05-15T18:05:48.865Z","32.985721","5",NULL
"10443","2018-05-15T18:07:29.340Z","30.923444","4",NULL
"10444","2018-05-15T18:05:48.043Z","33.411429","6",NULL
"10445","2018-05-15T18:07:53.762Z","32.415743","2",NULL
"10446","2018-05-15T18:07:54.232Z","31.091538","1",NULL
"10447","2018-05-15T18:07:30.333Z","31.015296","3",NULL
"10448","2018-05-15T18:05:48.268Z","33.411429","6",NULL
"10449","2018-05-15T18:07:53.941Z","32.272742","2",NULL
"10450","2018-05-15T18:07:29.352Z","30.898791","4",NULL
"10451","2018-05-15T18:05:49.111Z","32.733202","5",NULL
"10452","2018-05-15T18:07:55.369Z","29.963645","1",NULL
"10453","2018-05-15T18:07:30.403Z","31.014294","3",NULL
"10454","2018-05-15T18:07:55.540Z","29.825401","1",NULL
"10455","2018-05-15T18:05:49.533Z","32.287675","5",NULL
"10456","2018-05-15T18:05:48.871Z","33.311054","6",NULL
"10457","2018-05-15T18:07:54.072Z","32.070745","2",NULL
"10458","2018-05-15T18:07:29.365Z","30.897771","4",NULL
"10459","2018-05-15T18:07:30.522Z","31.119119","3",NULL
"10460","2018-05-15T18:05:49.780Z","32.037142","5",NULL
"10461","2018-05-15T18:05:49.129Z","33.058535","6",NULL
"10462","2018-05-15T18:07:29.628Z","32.584161","4",NULL
"10463","2018-05-15T18:07:55.680Z","31.825401","1",NULL
"10464","2018-05-15T18:07:54.286Z","31.907538","2",NULL
"10465","2018-05-15T18:07:30.839Z","31.451345","3",NULL
"10466","2018-05-15T18:05:49.534Z","32.613008","6",NULL
"10467","2018-05-15T18:07:55.383Z","30.779645","2",NULL
"10468","2018-05-15T18:07:30.084Z","32.232569","4",NULL
"10469","2018-05-15T18:05:50.538Z","31.322654","5",NULL
"10470","2018-05-15T18:07:55.809Z","31.825401","1",NULL
"10471","2018-05-15T18:07:30.932Z","31.409664","3",NULL
"10472","2018-05-15T18:05:50.544Z","31.314313","5",NULL
"10473","2018-05-15T18:07:56.087Z","31.825401","1",NULL
"10474","2018-05-15T18:05:49.781Z","32.362475","6",NULL
"10475","2018-05-15T18:07:30.159Z","32.145842","4",NULL
"10476","2018-05-15T18:07:55.549Z","30.641401","2",NULL
"10477","2018-05-15T18:07:31.143Z","31.572024","3",NULL
"10478","2018-05-15T18:05:50.540Z","31.647987","6",NULL
"10479","2018-05-15T18:05:51.413Z","30.599512","5",NULL
"10480","2018-05-15T18:07:30.371Z","31.957296","4",NULL
"10481","2018-05-15T18:07:55.814Z","30.641401","2",NULL
"10482","2018-05-15T18:07:58.098Z","31.383041","1",NULL
"10483","2018-05-15T18:07:31.915Z","30.91633","3",NULL
"10484","2018-05-15T18:05:50.549Z","31.639646","6",NULL
"10485","2018-05-15T18:05:51.468Z","30.529254","5",NULL
"10486","2018-05-15T18:07:56.117Z","30.641401","2",NULL
"10487","2018-05-15T18:07:58.194Z","31.352967","1",NULL
"10488","2018-05-15T18:07:30.412Z","31.956294","4",NULL
"10489","2018-05-15T18:07:31.936Z","30.899019","3",NULL
"10490","2018-05-15T18:07:58.158Z","32.161708","2",NULL
"10491","2018-05-15T18:07:30.569Z","31.727785","4",NULL
"10492","2018-05-15T18:05:51.648Z","30.835482","5",NULL
"10493","2018-05-15T18:07:58.354Z","30.915716","1",NULL
"10494","2018-05-15T18:05:50.812Z","33.356322","6",NULL
"10495","2018-05-15T18:07:32.325Z","30.534377","3",NULL
"10496","2018-05-15T18:07:58.205Z","32.131634","2",NULL
"10497","2018-05-15T18:07:58.521Z","32.705067","1",NULL
"10498","2018-05-15T18:05:51.752Z","30.834407","5",NULL
"10499","2018-05-15T18:07:30.876Z","31.393345","4",NULL
"10500","2018-05-15T18:05:51.435Z","32.887512","6",NULL
"10501","2018-05-15T18:07:32.550Z","30.164051","3",NULL
"10502","2018-05-15T18:07:58.239Z","31.907468","2",NULL
"10503","2018-05-15T18:05:51.982Z","30.894719","5",NULL
"10504","2018-05-15T18:07:30.975Z","31.351664","4",NULL
"10505","2018-05-15T18:05:51.470Z","32.817254","6",NULL
"10506","2018-05-15T18:07:58.608Z","32.617947","1",NULL
"10507","2018-05-15T18:07:32.685Z","31.970105","3",NULL
"10508","2018-05-15T18:07:58.365Z","31.694383","2",NULL
"10509","2018-05-15T18:07:31.917Z","30.441663","4",NULL
"10510","2018-05-15T18:05:51.714Z","32.581815","6",NULL
"10511","2018-05-15T18:07:58.724Z","32.505748","1",NULL
"10512","2018-05-15T18:05:52.013Z","30.893717","5",NULL
"10513","2018-05-15T18:07:32.740Z","32.011772","3",NULL
"10514","2018-05-15T18:07:58.611Z","31.396614","2",NULL
"10515","2018-05-15T18:07:58.973Z","32.255604","1",NULL
"10516","2018-05-15T18:07:31.994Z","30.424352","4",NULL
"10517","2018-05-15T18:05:51.807Z","32.58074","6",NULL
"10518","2018-05-15T18:05:52.096Z","31.800445","5",NULL
"10519","2018-05-15T18:07:58.745Z","31.284415","2",NULL
"10520","2018-05-15T18:07:32.804Z","32.011772","3",NULL
"10521","2018-05-15T18:07:59.684Z","31.698056","1",NULL
"10522","2018-05-15T18:07:32.358Z","30.05971","4",NULL
"10523","2018-05-15T18:05:52.155Z","31.743557","5",NULL
"10524","2018-05-15T18:05:51.986Z","32.266052","6",NULL
"10525","2018-05-15T18:07:58.975Z","31.034271","2",NULL
"10526","2018-05-15T18:07:33.156Z","32.011772","3",NULL
"10527","2018-05-15T18:05:52.044Z","32.26505","6",NULL
"10528","2018-05-15T18:08:00.020Z","31.219237","1",NULL
"10529","2018-05-15T18:05:52.291Z","31.616867","5",NULL
"10530","2018-05-15T18:07:32.617Z","31.652051","4",NULL
"10531","2018-05-15T18:07:59.877Z","30.476723","2",NULL
"10532","2018-05-15T18:07:34.499Z","32.011772","3",NULL
"10533","2018-05-15T18:07:32.627Z","31.612026","4",NULL
"10534","2018-05-15T18:05:52.165Z","32.031557","6",NULL
"10535","2018-05-15T18:08:00.042Z","31.186663","1",NULL
"10536","2018-05-15T18:08:00.022Z","29.997904","2",NULL
"10537","2018-05-15T18:05:53.723Z","30.441904","5",NULL
"10538","2018-05-15T18:07:34.555Z","34.011772","3",NULL
"10539","2018-05-15T18:08:00.045Z","31.927996","2",NULL
"10540","2018-05-15T18:07:32.695Z","31.499772","4",NULL
"10541","2018-05-15T18:05:52.300Z","31.904867","6",NULL
"10542","2018-05-15T18:08:00.723Z","30.601736","1",NULL
"10543","2018-05-15T18:05:54.322Z","30.441904","5",NULL
"10544","2018-05-15T18:07:34.722Z","34.011772","3",NULL
"10545","2018-05-15T18:05:54.379Z","30.441904","5",NULL
"10546","2018-05-15T18:08:00.985Z","30.669966","1",NULL
"10547","2018-05-15T18:05:53.729Z","30.729904","6",NULL
"10548","2018-05-15T18:08:00.225Z","31.744736","2",NULL
"10549","2018-05-15T18:07:32.806Z","31.499772","4",NULL
"10550","2018-05-15T18:07:35.116Z","33.791131","3",NULL
"10551","2018-05-15T18:08:00.737Z","31.343069","2",NULL
"10552","2018-05-15T18:08:01.019Z","30.601085","1",NULL
"10553","2018-05-15T18:05:54.626Z","31.400237","5",NULL
"10554","2018-05-15T18:05:54.359Z","32.692571","6",NULL
"10555","2018-05-15T18:07:33.158Z","31.499772","4",NULL
"10556","2018-05-15T18:07:35.452Z","33.5212","3",NULL
"10557","2018-05-15T18:08:01.102Z","31.007298","1",NULL
"10558","2018-05-15T18:05:54.831Z","32.441904","5",NULL
"10559","2018-05-15T18:08:01.016Z","31.119632","2",NULL
"10560","2018-05-15T18:07:34.466Z","33.462439","4",NULL
"10561","2018-05-15T18:05:54.392Z","32.692571","6",NULL
"10562","2018-05-15T18:07:35.680Z","33.278274","3",NULL
"10563","2018-05-15T18:05:54.935Z","32.42377","5",NULL
"10564","2018-05-15T18:05:54.432Z","32.692571","6",NULL
"10565","2018-05-15T18:08:01.028Z","31.050751","2",NULL
"10566","2018-05-15T18:08:01.234Z","31.998725","1",NULL
"10567","2018-05-15T18:07:34.501Z","33.462439","4",NULL
"10568","2018-05-15T18:07:36.427Z","32.556512","3",NULL
"10569","2018-05-15T18:05:54.972Z","32.42377","5",NULL
"10570","2018-05-15T18:05:54.647Z","32.692571","6",NULL
"10571","2018-05-15T18:08:01.134Z","30.873631","2",NULL
"10572","2018-05-15T18:07:34.557Z","33.462439","4",NULL
"10573","2018-05-15T18:08:01.331Z","31.942779","1",NULL
"10574","2018-05-15T18:07:36.884Z","32.120897","3",NULL
"10575","2018-05-15T18:08:01.385Z","30.684112","2",NULL
"10576","2018-05-15T18:07:35.179Z","33.241798","4",NULL
"10577","2018-05-15T18:05:55.391Z","32.011522","5",NULL
"10578","2018-05-15T18:08:01.453Z","31.780494","1",NULL
"10579","2018-05-15T18:05:54.937Z","32.674437","6",NULL
"10580","2018-05-15T18:07:37.363Z","31.635469","3",NULL
"10581","2018-05-15T18:05:56.205Z","31.361012","5",NULL
"10582","2018-05-15T18:07:35.471Z","32.971867","4",NULL
"10583","2018-05-15T18:08:01.758Z","31.507921","1",NULL
"10584","2018-05-15T18:08:01.542Z","30.521827","2",NULL
"10585","2018-05-15T18:05:54.975Z","32.674437","6",NULL
"10586","2018-05-15T18:07:37.615Z","31.38736","3",NULL
"10587","2018-05-15T18:08:02.130Z","31.112256","1",NULL
"10588","2018-05-15T18:05:56.516Z","31.449652","5",NULL
"10589","2018-05-15T18:07:35.731Z","32.728941","4",NULL
"10590","2018-05-15T18:08:01.783Z","30.249254","2",NULL
"10591","2018-05-15T18:05:55.404Z","32.262189","6",NULL
"10592","2018-05-15T18:07:37.869Z","31.12895","3",NULL
"10593","2018-05-15T18:08:02.133Z","29.853589","2",NULL
"10594","2018-05-15T18:05:56.535Z","31.401858","5",NULL
"10595","2018-05-15T18:08:02.464Z","30.774112","1",NULL
"10596","2018-05-15T18:07:36.442Z","32.007179","4",NULL
"10597","2018-05-15T18:05:56.283Z","31.611679","6",NULL
"10598","2018-05-15T18:07:38.388Z","30.617033","3",NULL
"10599","2018-05-15T18:05:56.795Z","31.505321","5",NULL
"10600","2018-05-15T18:08:02.283Z","31.664879","2",NULL
"10601","2018-05-15T18:07:36.920Z","31.571564","4",NULL
"10602","2018-05-15T18:08:02.847Z","30.605574","1",NULL
"10603","2018-05-15T18:05:56.533Z","31.241986","6",NULL
"10604","2018-05-15T18:07:39.304Z","29.690966","3",NULL
"10605","2018-05-15T18:05:56.998Z","31.648136","5",NULL
"10606","2018-05-15T18:08:02.467Z","31.478112","2",NULL
"10607","2018-05-15T18:08:02.938Z","30.33734","1",NULL
"10608","2018-05-15T18:05:56.681Z","31.194192","6",NULL
"10609","2018-05-15T18:07:37.369Z","31.086136","4",NULL
"10610","2018-05-15T18:08:02.849Z","31.309574","2",NULL
"10611","2018-05-15T18:05:57.069Z","31.643187","5",NULL
"10612","2018-05-15T18:07:39.839Z","29.273501","3",NULL
"10613","2018-05-15T18:08:03.053Z","32.181537","1",NULL
"10614","2018-05-15T18:05:56.805Z","30.922655","6",NULL
"10615","2018-05-15T18:07:37.632Z","30.838027","4",NULL
"10616","2018-05-15T18:07:39.896Z","29.126009","3",NULL
"10617","2018-05-15T18:05:57.211Z","32.1492","5",NULL
"10618","2018-05-15T18:08:02.950Z","31.04134","2",NULL
"10619","2018-05-15T18:05:57.005Z","30.773803","6",NULL
"10620","2018-05-15T18:07:40.363Z","29.62301","3",NULL
"10621","2018-05-15T18:07:37.871Z","30.579617","4",NULL
"10622","2018-05-15T18:08:03.157Z","32.078765","1",NULL
"10623","2018-05-15T18:05:57.231Z","32.146157","5",NULL
"10624","2018-05-15T18:08:03.219Z","30.782765","2",NULL
"10625","2018-05-15T18:05:57.071Z","30.768854","6",NULL
"10626","2018-05-15T18:07:38.454Z","30.0677","4",NULL
"10627","2018-05-15T18:07:40.396Z","29.558513","3",NULL
"10628","2018-05-15T18:08:03.337Z","31.94294","1",NULL
"10629","2018-05-15T18:05:57.263Z","32.167635","5",NULL
"10630","2018-05-15T18:08:03.361Z","30.64694","2",NULL
"10631","2018-05-15T18:05:57.363Z","32.066415","5",NULL
"10632","2018-05-15T18:07:39.331Z","29.141633","4",NULL
"10633","2018-05-15T18:05:57.216Z","30.4832","6",NULL
"10634","2018-05-15T18:08:03.725Z","31.515081","1",NULL
"10635","2018-05-15T18:07:40.719Z","30.084038","3",NULL
"10636","2018-05-15T18:08:03.775Z","30.219081","2",NULL
"10637","2018-05-15T18:05:57.944Z","31.496582","5",NULL
"10638","2018-05-15T18:07:39.682Z","30.724232","4",NULL
"10639","2018-05-15T18:08:03.905Z","31.418548","1",NULL
"10640","2018-05-15T18:07:40.841Z","30.047653","3",NULL
"10641","2018-05-15T18:05:57.238Z","30.480157","6",NULL
"10642","2018-05-15T18:08:03.968Z","30.122548","2",NULL
"10643","2018-05-15T18:05:58.464Z","31.185463","5",NULL
"10644","2018-05-15T18:05:57.368Z","30.317082","6",NULL
"10645","2018-05-15T18:08:04.977Z","31.418548","1",NULL
"10646","2018-05-15T18:07:39.876Z","30.686834","4",NULL
"10647","2018-05-15T18:07:40.852Z","30.110909","3",NULL
"10648","2018-05-15T18:08:04.887Z","32.085215","2",NULL
"10649","2018-05-15T18:08:05.522Z","31.945516","1",NULL
"10650","2018-05-15T18:05:58.930Z","30.603058","5",NULL
"10651","2018-05-15T18:07:39.982Z","30.539342","4",NULL
"10652","2018-05-15T18:05:57.980Z","29.747249","6",NULL
"10653","2018-05-15T18:07:40.887Z","30.075005","3",NULL
"10654","2018-05-15T18:08:04.980Z","32.085215","2",NULL
"10655","2018-05-15T18:07:41.695Z","29.286873","3",NULL
"10656","2018-05-15T18:08:05.588Z","33.32755","1",NULL
"10657","2018-05-15T18:07:40.192Z","32.15162","4",NULL
"10658","2018-05-15T18:05:59.215Z","30.573072","5",NULL
"10659","2018-05-15T18:05:58.207Z","31.462059","6",NULL
"10660","2018-05-15T18:08:05.524Z","32.070516","2",NULL
"10661","2018-05-15T18:08:05.625Z","33.28748","1",NULL
"10662","2018-05-15T18:07:40.379Z","32.082343","4",NULL
"10663","2018-05-15T18:07:42.166Z","29.108589","3",NULL
"10664","2018-05-15T18:05:58.486Z","31.398796","6",NULL
"10665","2018-05-15T18:05:59.517Z","31.114739","5",NULL
"10666","2018-05-15T18:08:05.631Z","31.954147","2",NULL
"10667","2018-05-15T18:05:59.547Z","31.114739","5",NULL
"10668","2018-05-15T18:07:40.427Z","32.017846","4",NULL
"10669","2018-05-15T18:08:06.002Z","32.942259","1",NULL
"10670","2018-05-15T18:07:42.196Z","29.074485","3",NULL
"10671","2018-05-15T18:05:58.964Z","30.816391","6",NULL
"10672","2018-05-15T18:08:06.086Z","31.608926","2",NULL
"10673","2018-05-15T18:07:40.828Z","31.710038","4",NULL
"10674","2018-05-15T18:05:59.074Z","32.69531","6",NULL
"10675","2018-05-15T18:07:42.292Z","29.787785","3",NULL
"10676","2018-05-15T18:05:59.661Z","31.656405","5",NULL
"10677","2018-05-15T18:08:06.242Z","32.69049","1",NULL
"10678","2018-05-15T18:08:06.244Z","31.357157","2",NULL
"10679","2018-05-15T18:05:59.248Z","32.624072","6",NULL
"10680","2018-05-15T18:07:40.843Z","31.673653","4",NULL
"10681","2018-05-15T18:08:06.762Z","32.184938","1",NULL
"10682","2018-05-15T18:07:42.361Z","30.599619","3",NULL
"10683","2018-05-15T18:05:59.762Z","32.448072","5",NULL
"10684","2018-05-15T18:08:06.767Z","30.851605","2",NULL
"10685","2018-05-15T18:08:07.162Z","31.782594","1",NULL
"10686","2018-05-15T18:07:40.890Z","31.451005","4",NULL
"10687","2018-05-15T18:07:42.443Z","30.5157","3",NULL
"10688","2018-05-15T18:05:59.824Z","32.448072","5",NULL
"10689","2018-05-15T18:05:59.520Z","32.624072","6",NULL
"10690","2018-05-15T18:08:07.181Z","30.449261","2",NULL
"10691","2018-05-15T18:05:59.550Z","32.624072","6",NULL
"10692","2018-05-15T18:08:07.883Z","31.325302","1",NULL
"10693","2018-05-15T18:07:41.704Z","30.662873","4",NULL
"10694","2018-05-15T18:07:42.605Z","30.349438","3",NULL
"10695","2018-05-15T18:06:00.532Z","34.448072","5",NULL
"10696","2018-05-15T18:08:07.388Z","32.154","2",NULL
"10697","2018-05-15T18:08:07.941Z","31.242098","1",NULL
"10698","2018-05-15T18:07:41.915Z","32.419825","4",NULL
"10699","2018-05-15T18:05:59.711Z","32.624072","6",NULL
"10700","2018-05-15T18:07:42.879Z","30.086997","3",NULL
"10701","2018-05-15T18:06:00.537Z","34.448072","5",NULL
"10702","2018-05-15T18:08:07.888Z","31.954635","2",NULL
"10703","2018-05-15T18:08:08.083Z","30.832556","1",NULL
"10704","2018-05-15T18:05:59.826Z","32.624072","6",NULL
"10705","2018-05-15T18:07:42.172Z","32.197256","4",NULL
"10706","2018-05-15T18:06:01.280Z","34.447641","5",NULL
"10707","2018-05-15T18:07:43.364Z","29.59548","3",NULL
"10708","2018-05-15T18:08:07.973Z","31.871431","2",NULL
"10709","2018-05-15T18:06:01.544Z","34.263094","5",NULL
"10710","2018-05-15T18:06:00.528Z","34.586739","6",NULL
"10711","2018-05-15T18:07:42.211Z","32.163152","4",NULL
"10712","2018-05-15T18:08:08.110Z","30.904376","1",NULL
"10713","2018-05-15T18:07:44.680Z","29.344761","3",NULL
"10714","2018-05-15T18:08:08.084Z","31.461889","2",NULL
"10715","2018-05-15T18:06:00.539Z","34.586739","6",NULL
"10716","2018-05-15T18:07:42.311Z","32.001452","4",NULL
"10717","2018-05-15T18:06:01.868Z","33.959454","5",NULL
"10718","2018-05-15T18:07:44.936Z","30.344761","3",NULL
"10719","2018-05-15T18:08:08.158Z","32.753879","1",NULL
"10720","2018-05-15T18:08:08.113Z","31.450376","2",NULL
"10721","2018-05-15T18:08:08.406Z","32.503945","1",NULL
"10722","2018-05-15T18:07:42.498Z","31.854367","4",NULL
"10723","2018-05-15T18:06:01.282Z","34.586308","6",NULL
"10724","2018-05-15T18:07:45.288Z","31.344761","3",NULL
"10725","2018-05-15T18:06:02.514Z","33.342432","5",NULL
"10726","2018-05-15T18:08:08.408Z","31.133278","2",NULL
"10727","2018-05-15T18:08:08.478Z","32.435288","1",NULL
"10728","2018-05-15T18:07:42.607Z","31.688105","4",NULL
"10729","2018-05-15T18:06:01.585Z","34.401761","6",NULL
"10730","2018-05-15T18:06:03.201Z","32.708759","5",NULL
"10731","2018-05-15T18:07:45.331Z","31.344761","3",NULL
"10732","2018-05-15T18:08:08.509Z","31.064621","2",NULL
"10733","2018-05-15T18:07:42.882Z","31.425664","4",NULL
"10734","2018-05-15T18:06:01.871Z","34.098121","6",NULL
"10735","2018-05-15T18:08:09.012Z","31.928673","1",NULL
"10736","2018-05-15T18:07:45.463Z","31.469761","3",NULL
"10737","2018-05-15T18:06:03.535Z","32.251581","5",NULL
"10738","2018-05-15T18:08:09.021Z","30.558006","2",NULL
"10739","2018-05-15T18:08:10.013Z","31.331836","1",NULL
"10740","2018-05-15T18:06:04.063Z","31.753214","5",NULL
"10741","2018-05-15T18:07:45.615Z","33.344761","3",NULL
"10742","2018-05-15T18:06:02.516Z","33.481099","6",NULL
"10743","2018-05-15T18:07:43.370Z","30.934147","4",NULL
"10744","2018-05-15T18:08:10.014Z","29.961169","2",NULL
"10745","2018-05-15T18:08:10.293Z","31.331836","1",NULL
"10746","2018-05-15T18:06:03.217Z","32.847426","6",NULL
"10747","2018-05-15T18:07:45.753Z","33.344761","3",NULL
"10748","2018-05-15T18:07:44.706Z","30.683428","4",NULL
"10749","2018-05-15T18:06:04.283Z","31.502299","5",NULL
"10750","2018-05-15T18:08:10.242Z","31.923836","2",NULL
"10751","2018-05-15T18:07:44.722Z","32.646094","4",NULL
"10752","2018-05-15T18:08:10.721Z","33.331836","1",NULL
"10753","2018-05-15T18:06:03.541Z","32.390248","6",NULL
"10754","2018-05-15T18:07:49.372Z","33.272428","3",NULL
"10755","2018-05-15T18:08:10.295Z","31.923836","2",NULL
"10756","2018-05-15T18:06:04.805Z","30.99827","5",NULL
"10757","2018-05-15T18:07:44.971Z","32.646094","4",NULL
"10758","2018-05-15T18:07:45.302Z","32.646094","4",NULL
"10759","2018-05-15T18:06:04.065Z","31.891881","6",NULL
"10760","2018-05-15T18:08:10.860Z","33.331836","1",NULL
"10761","2018-05-15T18:07:49.750Z","33.002425","3",NULL
"10762","2018-05-15T18:06:05.100Z","30.682824","5",NULL
"10763","2018-05-15T18:08:10.866Z","31.923836","2",NULL
"10764","2018-05-15T18:07:45.509Z","32.646094","4",NULL
"10765","2018-05-15T18:07:49.969Z","32.740757","3",NULL
"10766","2018-05-15T18:08:11.492Z","33.231464","1",NULL
"10767","2018-05-15T18:08:11.532Z","31.823464","2",NULL
"10768","2018-05-15T18:06:05.545Z","30.249618","5",NULL
"10769","2018-05-15T18:06:04.285Z","31.640966","6",NULL
"10770","2018-05-15T18:07:45.755Z","32.646094","4",NULL
"10771","2018-05-15T18:07:49.473Z","32.573761","4",NULL
"10772","2018-05-15T18:07:50.440Z","32.252956","3",NULL
"10773","2018-05-15T18:08:11.737Z","32.980136","1",NULL
"10774","2018-05-15T18:06:04.813Z","31.136937","6",NULL
"10775","2018-05-15T18:06:05.578Z","30.199457","5",NULL
"10776","2018-05-15T18:08:11.744Z","31.572136","2",NULL
"10777","2018-05-15T18:07:49.779Z","32.303758","4",NULL
"10778","2018-05-15T18:07:50.864Z","31.774361","3",NULL
"10779","2018-05-15T18:06:05.104Z","30.821491","6",NULL
"10780","2018-05-15T18:08:12.218Z","32.597095","1",NULL
"10781","2018-05-15T18:06:05.614Z","32.155862","5",NULL
"10782","2018-05-15T18:08:12.325Z","31.189095","2",NULL
"10783","2018-05-15T18:07:50.008Z","32.04209","4",NULL
"10784","2018-05-15T18:07:52.290Z","30.524364","3",NULL
"10785","2018-05-15T18:06:05.762Z","32.013903","5",NULL
"10786","2018-05-15T18:08:12.487Z","32.228488","1",NULL
"10787","2018-05-15T18:06:05.548Z","32.350951","6",NULL
"10788","2018-05-15T18:07:50.455Z","31.554289","4",NULL
"10789","2018-05-15T18:08:12.489Z","30.820488","2",NULL
"10790","2018-05-15T18:07:52.533Z","30.131686","3",NULL
"10791","2018-05-15T18:06:05.549Z","32.326818","6",NULL
"10792","2018-05-15T18:06:05.887Z","31.990965","5",NULL
"10793","2018-05-15T18:07:50.869Z","31.075694","4",NULL
"10794","2018-05-15T18:08:12.726Z","31.993191","1",NULL
"10795","2018-05-15T18:08:12.682Z","32.575591","2",NULL
"10796","2018-05-15T18:07:52.537Z","30.130759","3",NULL
"10797","2018-05-15T18:06:06.285Z","31.491075","5",NULL
"10798","2018-05-15T18:06:05.581Z","32.30079","6",NULL
"10799","2018-05-15T18:08:12.896Z","31.834846","1",NULL
"10800","2018-05-15T18:08:12.763Z","32.547858","2",NULL
"10801","2018-05-15T18:07:52.326Z","29.825697","4",NULL
"10802","2018-05-15T18:07:52.580Z","32.081039","3",NULL
"10803","2018-05-15T18:06:06.783Z","30.992078","5",NULL
"10804","2018-05-15T18:08:13.268Z","31.444981","1",NULL
"10805","2018-05-15T18:08:12.918Z","32.389513","2",NULL
"10806","2018-05-15T18:07:52.503Z","31.427455","4",NULL
"10807","2018-05-15T18:06:05.765Z","32.115236","6",NULL
"10808","2018-05-15T18:07:52.754Z","31.907311","3",NULL
"10809","2018-05-15T18:08:13.270Z","31.999648","2",NULL
"10810","2018-05-15T18:06:07.284Z","30.493372","5",NULL
"10811","2018-05-15T18:06:05.912Z","32.092298","6",NULL
"10812","2018-05-15T18:07:52.535Z","31.395686","4",NULL
"10813","2018-05-15T18:08:13.740Z","30.978697","1",NULL
"10814","2018-05-15T18:07:52.869Z","31.800647","3",NULL
"10815","2018-05-15T18:07:53.123Z","31.546981","3",NULL
"10816","2018-05-15T18:08:14.223Z","30.483516","1",NULL
"10817","2018-05-15T18:08:13.745Z","31.533364","2",NULL
"10818","2018-05-15T18:07:52.540Z","31.394759","4",NULL
"10819","2018-05-15T18:06:08.154Z","29.720753","5",NULL
"10820","2018-05-15T18:06:06.296Z","31.592408","6",NULL
"10821","2018-05-15T18:07:54.147Z","30.530149","3",NULL
"10822","2018-05-15T18:08:14.226Z","31.038183","2",NULL
"10823","2018-05-15T18:06:08.347Z","29.482085","5",NULL
"10824","2018-05-15T18:06:06.794Z","31.093411","6",NULL
"10825","2018-05-15T18:07:52.758Z","31.171311","4",NULL
"10826","2018-05-15T18:08:14.774Z","29.940857","1",NULL
"10827","2018-05-15T18:07:54.502Z","30.178352","3",NULL
"10828","2018-05-15T18:06:08.374Z","29.482085","5",NULL
"10829","2018-05-15T18:08:14.836Z","30.495524","2",NULL
"10830","2018-05-15T18:07:52.897Z","31.064647","4",NULL
"10831","2018-05-15T18:08:15.450Z","29.277139","1",NULL
"10832","2018-05-15T18:06:07.289Z","30.594705","6",NULL
"10833","2018-05-15T18:07:54.846Z","30.375044","3",NULL
"10834","2018-05-15T18:08:15.472Z","29.831806","2",NULL
"10835","2018-05-15T18:06:08.435Z","31.482085","5",NULL
"10836","2018-05-15T18:06:08.188Z","29.822086","6",NULL
"10837","2018-05-15T18:08:15.680Z","29.038958","1",NULL
"10838","2018-05-15T18:07:53.125Z","30.810981","4",NULL
"10839","2018-05-15T18:07:54.973Z","30.375044","3",NULL
"10840","2018-05-15T18:06:08.358Z","29.583418","6",NULL
"10841","2018-05-15T18:08:15.684Z","29.038958","1",NULL
"10842","2018-05-15T18:08:15.670Z","31.556291","2",NULL
"10843","2018-05-15T18:06:08.569Z","31.482085","5",NULL
"10844","2018-05-15T18:07:54.161Z","29.794149","4",NULL
"10845","2018-05-15T18:07:54.995Z","30.375044","3",NULL
"10846","2018-05-15T18:06:08.382Z","29.583418","6",NULL
"10847","2018-05-15T18:08:15.711Z","31.038958","1",NULL
"10848","2018-05-15T18:07:54.550Z","31.405019","4",NULL
"10849","2018-05-15T18:08:15.683Z","31.556291","2",NULL
"10850","2018-05-15T18:06:10.492Z","31.482085","5",NULL
"10851","2018-05-15T18:07:55.066Z","30.875044","3",NULL
"10852","2018-05-15T18:06:11.276Z","31.470807","5",NULL
"10853","2018-05-15T18:07:54.613Z","31.393378","4",NULL
"10854","2018-05-15T18:08:15.685Z","31.556291","2",NULL
"10855","2018-05-15T18:08:15.756Z","31.038958","1",NULL
"10856","2018-05-15T18:06:08.578Z","29.583418","6",NULL
"10857","2018-05-15T18:07:55.232Z","32.166711","3",NULL
"10858","2018-05-15T18:06:11.374Z","33.370999","5",NULL
"10859","2018-05-15T18:08:16.009Z","31.038958","1",NULL
"10860","2018-05-15T18:07:54.957Z","31.393378","4",NULL
"10861","2018-05-15T18:06:10.391Z","31.546085","6",NULL
"10862","2018-05-15T18:08:15.759Z","31.556291","2",NULL
"10863","2018-05-15T18:07:55.259Z","32.166711","3",NULL
"10864","2018-05-15T18:06:11.395Z","33.355584","5",NULL
"10865","2018-05-15T18:06:10.522Z","31.546085","6",NULL
"10866","2018-05-15T18:07:54.975Z","31.393378","4",NULL
"10867","2018-05-15T18:08:17.634Z","31.038958","1",NULL
"10868","2018-05-15T18:08:16.012Z","31.556291","2",NULL
"10869","2018-05-15T18:07:56.856Z","32.166711","3",NULL
"10870","2018-05-15T18:06:11.530Z","33.215143","5",NULL
"10871","2018-05-15T18:06:11.231Z","33.497474","6",NULL
"10872","2018-05-15T18:07:55.001Z","31.393378","4",NULL
"10873","2018-05-15T18:08:17.448Z","33.518958","2",NULL
"10874","2018-05-15T18:08:18.357Z","31.288958","1",NULL
"10875","2018-05-15T18:06:11.783Z","32.963049","5",NULL
"10876","2018-05-15T18:07:56.980Z","34.166711","3",NULL
"10877","2018-05-15T18:06:11.285Z","33.497474","6",NULL
"10878","2018-05-15T18:08:18.476Z","33.038958","1",NULL
"10879","2018-05-15T18:07:55.152Z","31.393378","4",NULL
"10880","2018-05-15T18:08:17.637Z","33.518958","2",NULL
"10881","2018-05-15T18:07:57.020Z","34.166711","3",NULL
"10882","2018-05-15T18:06:12.279Z","32.462108","5",NULL
"10883","2018-05-15T18:07:55.313Z","31.393378","4",NULL
"10884","2018-05-15T18:08:18.396Z","33.518958","2",NULL
"10885","2018-05-15T18:08:18.555Z","33.038958","1",NULL
"10886","2018-05-15T18:06:11.420Z","33.382251","6",NULL
"10887","2018-05-15T18:07:58.121Z","33.975111","3",NULL
"10888","2018-05-15T18:06:13.254Z","31.632914","5",NULL
"10889","2018-05-15T18:08:18.746Z","32.974917","1",NULL
"10890","2018-05-15T18:08:18.557Z","33.518958","2",NULL
"10891","2018-05-15T18:06:11.533Z","33.24181","6",NULL
"10892","2018-05-15T18:07:56.754Z","33.356044","4",NULL
"10893","2018-05-15T18:07:58.809Z","33.327341","3",NULL
"10894","2018-05-15T18:06:13.570Z","31.276393","5",NULL
"10895","2018-05-15T18:08:19.003Z","32.776335","1",NULL
"10896","2018-05-15T18:07:56.857Z","33.356044","4",NULL
"10897","2018-05-15T18:06:11.791Z","32.989716","6",NULL
"10898","2018-05-15T18:08:18.751Z","33.454917","2",NULL
"10899","2018-05-15T18:07:59.140Z","32.978939","3",NULL
"10900","2018-05-15T18:06:13.991Z","30.853856","5",NULL
"10901","2018-05-15T18:08:19.612Z","32.132483","1",NULL
"10902","2018-05-15T18:06:12.281Z","32.488775","6",NULL
"10903","2018-05-15T18:08:19.049Z","33.256335","2",NULL
"10904","2018-05-15T18:07:57.021Z","33.356044","4",NULL
"10905","2018-05-15T18:07:59.632Z","32.481606","3",NULL
"10906","2018-05-15T18:06:14.019Z","30.808016","5",NULL
"10907","2018-05-15T18:08:19.977Z","31.756692","1",NULL
"10908","2018-05-15T18:08:19.636Z","32.612483","2",NULL
"10909","2018-05-15T18:07:58.140Z","33.164444","4",NULL
"10910","2018-05-15T18:06:13.302Z","31.659581","6",NULL
"10911","2018-05-15T18:07:59.911Z","32.220133","3",NULL
"10912","2018-05-15T18:06:14.094Z","30.660576","5",NULL
"10913","2018-05-15T18:08:20.227Z","31.508122","1",NULL
"10914","2018-05-15T18:07:58.811Z","32.516674","4",NULL
"10915","2018-05-15T18:08:19.986Z","32.236692","2",NULL
"10916","2018-05-15T18:06:13.664Z","31.30306","6",NULL
"10917","2018-05-15T18:08:00.376Z","31.733705","3",NULL
"10918","2018-05-15T18:08:20.722Z","31.015719","1",NULL
"10919","2018-05-15T18:06:14.192Z","31.632692","5",NULL
"10920","2018-05-15T18:07:59.142Z","32.168272","4",NULL
"10921","2018-05-15T18:08:20.247Z","31.988122","2",NULL
"10922","2018-05-15T18:06:14.017Z","32.843189","6",NULL
"10923","2018-05-15T18:08:00.620Z","31.480075","3",NULL
"10924","2018-05-15T18:06:14.425Z","32.316735","5",NULL
"10925","2018-05-15T18:08:21.004Z","30.769734","1",NULL
"10926","2018-05-15T18:07:59.694Z","31.670939","4",NULL
"10927","2018-05-15T18:06:14.036Z","32.797349","6",NULL
"10928","2018-05-15T18:08:20.729Z","31.495719","2",NULL
"10929","2018-05-15T18:07:59.959Z","31.409466","4",NULL
"10930","2018-05-15T18:08:21.262Z","30.520189","1",NULL
"10931","2018-05-15T18:06:14.489Z","32.309842","5",NULL
"10932","2018-05-15T18:08:00.868Z","31.225452","3",NULL
"10933","2018-05-15T18:08:00.432Z","30.923038","4",NULL
"10934","2018-05-15T18:08:21.012Z","31.249734","2",NULL
"10935","2018-05-15T18:06:14.039Z","32.731088","6",NULL
"10936","2018-05-15T18:06:14.096Z","32.649909","6",NULL
"10937","2018-05-15T18:08:00.622Z","30.669408","4",NULL
"10938","2018-05-15T18:08:21.744Z","30.024999","1",NULL
"10939","2018-05-15T18:08:21.264Z","31.000189","2",NULL
"10940","2018-05-15T18:08:01.305Z","30.803727","3",NULL
"10941","2018-05-15T18:06:14.726Z","32.028633","5",NULL
"10942","2018-05-15T18:06:14.227Z","32.538692","6",NULL
"10943","2018-05-15T18:08:00.882Z","30.414785","4",NULL
"10944","2018-05-15T18:08:22.165Z","29.597791","1",NULL
"10945","2018-05-15T18:08:21.778Z","30.504999","2",NULL
"10946","2018-05-15T18:08:01.553Z","30.80531","3",NULL
"10947","2018-05-15T18:06:14.774Z","32.027654","5",NULL
"10948","2018-05-15T18:06:14.495Z","32.299175","6",NULL
"10949","2018-05-15T18:08:22.192Z","30.077791","2",NULL
"10950","2018-05-15T18:06:15.827Z","30.947222","5",NULL
"10951","2018-05-15T18:08:22.440Z","29.301437","1",NULL
"10952","2018-05-15T18:08:01.307Z","29.99306","4",NULL
"10953","2018-05-15T18:08:01.872Z","31.892134","3",NULL
"10954","2018-05-15T18:06:14.729Z","32.017966","6",NULL
"10955","2018-05-15T18:08:22.472Z","31.744104","2",NULL
"10956","2018-05-15T18:06:16.114Z","31.004761","5",NULL
"10957","2018-05-15T18:08:22.861Z","29.151993","1",NULL
"10958","2018-05-15T18:08:01.487Z","31.77726","4",NULL
"10959","2018-05-15T18:08:01.923Z","32.188408","3",NULL
"10960","2018-05-15T18:08:22.545Z","31.657873","2",NULL
"10961","2018-05-15T18:06:14.843Z","32.016987","6",NULL
"10962","2018-05-15T18:08:23.192Z","28.614425","1",NULL
"10963","2018-05-15T18:08:01.557Z","31.70731","4",NULL
"10964","2018-05-15T18:06:16.151Z","31.004761","5",NULL
"10965","2018-05-15T18:08:01.943Z","32.187043","3",NULL
"10966","2018-05-15T18:08:22.885Z","31.59466","2",NULL
"10967","2018-05-15T18:06:15.834Z","30.936555","6",NULL
"10968","2018-05-15T18:08:02.115Z","32.003862","3",NULL
"10969","2018-05-15T18:08:01.875Z","31.419134","4",NULL
"10970","2018-05-15T18:08:23.364Z","28.734035","1",NULL
"10971","2018-05-15T18:06:16.202Z","32.838094","5",NULL
"10972","2018-05-15T18:08:23.268Z","31.057092","2",NULL
"10973","2018-05-15T18:06:15.948Z","32.790094","6",NULL
"10974","2018-05-15T18:08:01.909Z","33.319304","4",NULL
"10975","2018-05-15T18:08:23.444Z","28.999172","1",NULL
"10976","2018-05-15T18:08:23.382Z","30.885035","2",NULL
"10977","2018-05-15T18:08:02.201Z","31.910076","3",NULL
"10978","2018-05-15T18:06:16.263Z","32.838094","5",NULL
"10979","2018-05-15T18:06:16.150Z","32.790094","6",NULL
"10980","2018-05-15T18:08:01.925Z","33.303075","4",NULL
"10981","2018-05-15T18:06:16.152Z","32.790094","6",NULL
"10982","2018-05-15T18:06:17.301Z","32.81715","5",NULL
"10983","2018-05-15T18:08:02.623Z","31.505849","3",NULL
"10984","2018-05-15T18:08:23.542Z","30.775172","2",NULL
"10985","2018-05-15T18:08:23.662Z","29.618287","1",NULL
"10986","2018-05-15T18:08:02.118Z","33.118529","4",NULL
"10987","2018-05-15T18:06:16.290Z","32.790094","6",NULL
"10988","2018-05-15T18:06:17.541Z","32.569739","5",NULL
"10989","2018-05-15T18:08:02.860Z","31.256345","3",NULL
"10990","2018-05-15T18:08:23.698Z","29.618287","1",NULL
"10991","2018-05-15T18:08:23.692Z","30.602621","2",NULL
"10992","2018-05-15T18:08:02.204Z","33.024743","4",NULL
"10993","2018-05-15T18:06:17.344Z","32.76915","6",NULL
"10994","2018-05-15T18:06:18.033Z","32.074431","5",NULL
"10995","2018-05-15T18:08:02.632Z","32.620516","4",NULL
"10996","2018-05-15T18:08:03.114Z","31.007253","3",NULL
"10997","2018-05-15T18:08:23.761Z","30.159954","1",NULL
"10998","2018-05-15T18:08:23.704Z","30.602621","2",NULL
"10999","2018-05-15T18:06:17.543Z","32.521739","6",NULL
"11000","2018-05-15T18:06:18.534Z","31.575348","5",NULL
"11001","2018-05-15T18:08:23.831Z","30.159954","1",NULL
"11002","2018-05-15T18:08:02.862Z","32.371012","4",NULL
"11003","2018-05-15T18:08:23.833Z","30.602621","2",NULL
"11004","2018-05-15T18:08:04.419Z","30.189024","3",NULL
"11005","2018-05-15T18:06:18.038Z","32.026431","6",NULL
"11006","2018-05-15T18:08:25.562Z","30.159954","1",NULL
"11007","2018-05-15T18:08:04.573Z","30.189024","3",NULL
"11008","2018-05-15T18:08:25.439Z","32.565287","2",NULL
"11009","2018-05-15T18:06:18.806Z","31.321435","5",NULL
"11010","2018-05-15T18:08:03.117Z","32.12192","4",NULL
"11011","2018-05-15T18:06:18.575Z","31.527348","6",NULL
"11012","2018-05-15T18:08:25.751Z","30.451621","1",NULL
"11013","2018-05-15T18:08:04.425Z","31.303691","4",NULL
"11014","2018-05-15T18:08:04.739Z","30.355691","3",NULL
"11015","2018-05-15T18:08:25.568Z","32.565287","2",NULL
"11016","2018-05-15T18:06:19.290Z","30.817608","5",NULL
"11017","2018-05-15T18:08:25.862Z","31.638844","1",NULL
"11018","2018-05-15T18:06:18.845Z","31.273435","6",NULL
"11019","2018-05-15T18:08:25.775Z","32.565287","2",NULL
"11020","2018-05-15T18:06:19.778Z","30.324894","5",NULL
"11021","2018-05-15T18:08:04.574Z","33.266357","4",NULL
"11022","2018-05-15T18:08:04.861Z","32.189024","3",NULL
"11023","2018-05-15T18:06:19.311Z","30.769608","6",NULL
"11024","2018-05-15T18:08:25.944Z","32.097688","1",NULL
"11025","2018-05-15T18:08:25.866Z","32.544177","2",NULL
"11026","2018-05-15T18:06:20.669Z","29.447688","5",NULL
"11027","2018-05-15T18:06:19.781Z","30.276894","6",NULL
"11028","2018-05-15T18:08:04.618Z","33.266357","4",NULL
"11029","2018-05-15T18:08:05.001Z","32.189024","3",NULL
"11030","2018-05-15T18:08:26.060Z","32.050488","1",NULL
"11031","2018-05-15T18:06:21.645Z","28.923392","5",NULL
"11032","2018-05-15T18:08:26.327Z","32.455821","2",NULL
"11033","2018-05-15T18:08:04.753Z","33.266357","4",NULL
"11034","2018-05-15T18:08:06.999Z","34.189024","3",NULL
"11035","2018-05-15T18:06:20.674Z","29.399688","6",NULL
"11036","2018-05-15T18:08:26.670Z","31.399031","1",NULL
"11037","2018-05-15T18:06:21.675Z","28.879124","5",NULL
"11038","2018-05-15T18:08:26.681Z","31.804364","2",NULL
"11039","2018-05-15T18:08:05.003Z","33.266357","4",NULL
"11040","2018-05-15T18:08:07.123Z","34.189024","3",NULL
"11041","2018-05-15T18:06:21.008Z","31.067108","6",NULL
"11042","2018-05-15T18:08:26.846Z","33.223168","1",NULL
"11043","2018-05-15T18:06:22.142Z","28.771879","5",NULL
"11044","2018-05-15T18:08:09.398Z","34.184916","3",NULL
"11045","2018-05-15T18:08:07.174Z","33.266357","4",NULL
"11046","2018-05-15T18:08:27.631Z","30.914862","2",NULL
"11047","2018-05-15T18:06:21.651Z","30.838059","6",NULL
"11048","2018-05-15T18:08:27.608Z","32.509529","1",NULL
"11049","2018-05-15T18:06:22.240Z","28.6254","5",NULL
"11050","2018-05-15T18:08:09.676Z","33.819973","3",NULL
"11051","2018-05-15T18:08:09.409Z","33.262249","4",NULL
"11052","2018-05-15T18:08:27.742Z","30.913764","2",NULL
"11053","2018-05-15T18:06:21.698Z","30.793791","6",NULL
"11054","2018-05-15T18:08:27.655Z","32.508431","1",NULL
"11055","2018-05-15T18:06:22.435Z","28.612489","5",NULL
"11056","2018-05-15T18:08:27.867Z","30.603086","2",NULL
"11057","2018-05-15T18:08:09.791Z","32.897306","4",NULL
"11058","2018-05-15T18:08:10.108Z","33.392514","3",NULL
"11059","2018-05-15T18:06:22.179Z","30.228213","6",NULL
"11060","2018-05-15T18:08:27.865Z","32.197753","1",NULL
"11061","2018-05-15T18:06:22.474Z","28.599325","5",NULL
"11062","2018-05-15T18:08:10.366Z","33.143124","3",NULL
"11063","2018-05-15T18:08:10.110Z","32.469847","4",NULL
"11064","2018-05-15T18:08:28.277Z","30.224617","2",NULL
"11065","2018-05-15T18:06:22.288Z","30.081734","6",NULL
"11066","2018-05-15T18:08:28.224Z","31.819284","1",NULL
"11067","2018-05-15T18:06:23.133Z","28.783106","5",NULL
"11068","2018-05-15T18:08:10.413Z","32.220457","4",NULL
"11069","2018-05-15T18:08:28.578Z","29.974284","2",NULL
"11070","2018-05-15T18:06:22.451Z","31.573155","6",NULL
"11071","2018-05-15T18:08:10.615Z","32.891595","3",NULL
"11072","2018-05-15T18:08:28.512Z","31.568951","1",NULL
"11073","2018-05-15T18:06:23.166Z","28.783106","5",NULL
"11074","2018-05-15T18:08:10.631Z","31.968928","4",NULL
"11075","2018-05-15T18:08:28.974Z","29.473851","2",NULL
"11076","2018-05-15T18:06:22.500Z","31.559991","6",NULL
"11077","2018-05-15T18:08:11.330Z","32.183035","3",NULL
"11078","2018-05-15T18:08:28.972Z","31.068518","1",NULL
"11079","2018-05-15T18:06:22.551Z","31.548837","6",NULL
"11080","2018-05-15T18:08:11.353Z","31.260368","4",NULL
"11081","2018-05-15T18:08:11.416Z","32.115391","3",NULL
"11082","2018-05-15T18:08:29.243Z","29.220115","2",NULL
"11083","2018-05-15T18:06:23.442Z","29.033106","5",NULL
"11084","2018-05-15T18:08:29.235Z","30.814782","1",NULL
"11085","2018-05-15T18:06:23.135Z","30.910439","6",NULL
"11086","2018-05-15T18:08:11.623Z","31.893782","3",NULL
"11087","2018-05-15T18:06:23.508Z","29.033106","5",NULL
"11088","2018-05-15T18:08:30.302Z","28.455355","2",NULL
"11089","2018-05-15T18:08:11.434Z","33.155391","4",NULL
"11090","2018-05-15T18:08:30.272Z","30.050022","1",NULL
"11091","2018-05-15T18:06:23.201Z","30.910439","6",NULL
"11092","2018-05-15T18:08:11.859Z","31.643524","3",NULL
"11093","2018-05-15T18:08:11.438Z","33.1301","4",NULL
"11094","2018-05-15T18:06:23.522Z","29.033106","5",NULL
"11095","2018-05-15T18:08:30.810Z","30.418022","2",NULL
"11096","2018-05-15T18:08:30.930Z","30.633355","1",NULL
"11097","2018-05-15T18:08:12.110Z","31.392163","3",NULL
"11098","2018-05-15T18:08:30.939Z","30.418022","2",NULL
"11099","2018-05-15T18:08:11.625Z","32.933782","4",NULL
"11100","2018-05-15T18:06:23.488Z","30.910439","6",NULL
"11101","2018-05-15T18:06:23.552Z","29.033106","5",NULL
"11102","2018-05-15T18:08:31.037Z","32.050022","1",NULL
"11103","2018-05-15T18:06:23.518Z","30.910439","6",NULL
"11104","2018-05-15T18:08:11.861Z","32.683524","4",NULL
"11105","2018-05-15T18:08:31.179Z","30.418022","2",NULL
"11106","2018-05-15T18:08:12.610Z","30.894851","3",NULL
"11107","2018-05-15T18:06:23.738Z","29.199773","5",NULL
"11108","2018-05-15T18:08:31.163Z","32.050022","1",NULL
"11109","2018-05-15T18:08:31.299Z","30.410115","2",NULL
"11110","2018-05-15T18:06:24.223Z","29.679346","5",NULL
"11111","2018-05-15T18:08:12.112Z","32.432163","4",NULL
"11112","2018-05-15T18:08:12.877Z","30.639818","3",NULL
"11113","2018-05-15T18:06:23.527Z","30.910439","6",NULL
"11114","2018-05-15T18:08:31.265Z","32.042115","1",NULL
"11115","2018-05-15T18:08:12.612Z","31.934851","4",NULL
"11116","2018-05-15T18:08:13.360Z","30.143182","3",NULL
"11117","2018-05-15T18:06:23.787Z","32.873106","6",NULL
"11118","2018-05-15T18:08:31.808Z","29.987534","2",NULL
"11119","2018-05-15T18:06:24.228Z","29.649442","5",NULL
"11120","2018-05-15T18:08:31.806Z","31.619534","1",NULL
"11121","2018-05-15T18:08:14.293Z","29.939772","3",NULL
"11122","2018-05-15T18:08:32.488Z","29.268261","2",NULL
"11123","2018-05-15T18:08:12.880Z","31.679818","4",NULL
"11124","2018-05-15T18:06:24.435Z","30.329288","5",NULL
"11125","2018-05-15T18:06:23.986Z","32.873106","6",NULL
"11126","2018-05-15T18:08:32.486Z","30.900261","1",NULL
"11127","2018-05-15T18:08:13.369Z","31.183182","4",NULL
"11128","2018-05-15T18:06:24.441Z","30.308787","5",NULL
"11129","2018-05-15T18:08:14.485Z","29.715586","3",NULL
"11130","2018-05-15T18:08:33.022Z","30.738921","2",NULL
"11131","2018-05-15T18:06:24.225Z","32.769346","6",NULL
"11132","2018-05-15T18:08:33.014Z","30.408254","1",NULL
"11133","2018-05-15T18:08:14.321Z","30.979772","4",NULL
"11134","2018-05-15T18:08:33.106Z","30.735916","2",NULL
"11135","2018-05-15T18:06:24.578Z","30.528125","5",NULL
"11136","2018-05-15T18:06:24.230Z","32.739442","6",NULL
"11137","2018-05-15T18:08:14.524Z","29.711219","3",NULL
"11138","2018-05-15T18:08:14.332Z","32.834664","4",NULL
"11139","2018-05-15T18:08:33.083Z","30.405249","1",NULL
"11140","2018-05-15T18:06:24.835Z","30.686124","5",NULL
"11141","2018-05-15T18:08:14.608Z","29.767402","3",NULL
"11142","2018-05-15T18:06:24.438Z","32.502621","6",NULL
"11143","2018-05-15T18:08:33.140Z","30.649185","2",NULL
"11144","2018-05-15T18:08:33.392Z","29.959543","1",NULL
"11145","2018-05-15T18:08:14.504Z","32.718253","4",NULL
"11146","2018-05-15T18:08:14.843Z","30.111632","3",NULL
"11147","2018-05-15T18:08:33.394Z","30.29021","2",NULL
"11148","2018-05-15T18:06:24.506Z","32.48212","6",NULL
"11149","2018-05-15T18:06:25.078Z","30.660918","5",NULL
"11150","2018-05-15T18:08:14.575Z","32.713886","4",NULL
"11151","2018-05-15T18:08:33.453Z","30.161633","1",NULL
"11152","2018-05-15T18:08:15.046Z","30.253301","3",NULL
"11153","2018-05-15T18:06:24.915Z","32.151124","6",NULL
"11154","2018-05-15T18:06:26.909Z","30.506648","5",NULL
"11155","2018-05-15T18:08:33.455Z","30.200633","2",NULL
"11156","2018-05-15T18:08:33.593Z","30.57662","1",NULL
"11157","2018-05-15T18:08:14.647Z","32.520069","4",NULL
"11158","2018-05-15T18:06:25.139Z","32.125918","6",NULL
"11159","2018-05-15T18:06:26.973Z","30.260149","5",NULL
"11160","2018-05-15T18:08:33.595Z","30.11562","2",NULL
"11161","2018-05-15T18:08:15.236Z","30.252119","3",NULL
"11162","2018-05-15T18:06:26.922Z","30.638315","6",NULL
"11163","2018-05-15T18:08:14.893Z","32.447632","4",NULL
"11164","2018-05-15T18:08:33.756Z","31.192223","1",NULL
"11165","2018-05-15T18:08:33.815Z","29.89789","2",NULL
"11166","2018-05-15T18:06:27.007Z","30.212605","5",NULL
"11167","2018-05-15T18:08:15.314Z","30.823443","3",NULL
"11168","2018-05-15T18:08:15.180Z","32.130968","4",NULL
"11169","2018-05-15T18:06:26.975Z","30.391816","6",NULL
"11170","2018-05-15T18:08:33.848Z","31.489235","1",NULL
"11171","2018-05-15T18:08:15.318Z","30.810803","3",NULL
"11172","2018-05-15T18:06:27.097Z","30.167294","5",NULL
"11173","2018-05-15T18:08:33.998Z","29.7002","2",NULL
"11174","2018-05-15T18:08:15.286Z","32.129786","4",NULL
"11175","2018-05-15T18:06:27.040Z","30.052605","6",NULL
"11176","2018-05-15T18:08:33.973Z","31.369533","1",NULL
"11177","2018-05-15T18:08:15.323Z","30.801056","3",NULL
"11178","2018-05-15T18:08:34.146Z","29.565726","2",NULL
"11179","2018-05-15T18:06:27.260Z","29.893383","5",NULL
"11180","2018-05-15T18:08:15.316Z","31.82611","4",NULL
"11181","2018-05-15T18:08:34.112Z","31.235059","1",NULL
"11182","2018-05-15T18:06:27.117Z","30.007294","6",NULL
"11183","2018-05-15T18:08:35.082Z","28.729967","2",NULL
"11184","2018-05-15T18:08:15.608Z","30.516157","3",NULL
"11185","2018-05-15T18:06:27.336Z","29.779685","5",NULL
"11186","2018-05-15T18:08:15.319Z","31.81347","4",NULL
"11187","2018-05-15T18:06:27.270Z","29.733383","6",NULL
"11188","2018-05-15T18:08:35.058Z","30.3993","1",NULL
"11189","2018-05-15T18:08:35.603Z","30.394974","2",NULL
"11190","2018-05-15T18:06:27.545Z","29.602886","5",NULL
"11191","2018-05-15T18:08:15.877Z","30.254842","3",NULL
"11192","2018-05-15T18:06:27.555Z","31.405553","6",NULL
"11193","2018-05-15T18:08:15.612Z","31.518824","4",NULL
"11194","2018-05-15T18:08:35.516Z","30.101641","1",NULL
"11195","2018-05-15T18:08:35.622Z","30.105503","2",NULL
"11196","2018-05-15T18:06:27.582Z","29.587453","5",NULL
"11197","2018-05-15T18:08:16.587Z","29.563964","3",NULL
"11198","2018-05-15T18:06:27.602Z","31.39012","6",NULL
"11199","2018-05-15T18:08:15.880Z","31.257509","4",NULL
"11200","2018-05-15T18:08:35.895Z","29.59179","1",NULL
"11201","2018-05-15T18:08:35.907Z","29.885123","2",NULL
"11202","2018-05-15T18:06:27.890Z","29.371142","5",NULL
"11203","2018-05-15T18:08:16.823Z","30.170405","3",NULL
"11204","2018-05-15T18:06:27.635Z","31.316582","6",NULL
"11205","2018-05-15T18:08:16.610Z","30.566631","4",NULL
"11206","2018-05-15T18:08:36.002Z","29.59179","1",NULL
"11207","2018-05-15T18:08:36.004Z","29.885123","2",NULL
"11208","2018-05-15T18:06:27.956Z","29.300228","5",NULL
"11209","2018-05-15T18:08:17.442Z","30.607037","3",NULL
"11210","2018-05-15T18:06:27.893Z","31.048809","6",NULL
"11211","2018-05-15T18:08:16.825Z","32.260738","4",NULL
"11212","2018-05-15T18:08:36.167Z","29.633457","1",NULL
"11213","2018-05-15T18:08:36.184Z","29.885123","2",NULL
"11214","2018-05-15T18:06:28.684Z","28.783273","5",NULL
"11215","2018-05-15T18:08:17.502Z","30.556115","3",NULL
"11216","2018-05-15T18:08:36.267Z","30.21679","1",NULL
"11217","2018-05-15T18:06:27.967Z","30.977895","6",NULL
"11218","2018-05-15T18:08:16.902Z","32.254045","4",NULL
"11219","2018-05-15T18:06:28.719Z","28.738667","5",NULL
"11220","2018-05-15T18:08:36.278Z","29.885123","2",NULL
"11221","2018-05-15T18:08:17.590Z","30.545278","3",NULL
"11222","2018-05-15T18:08:36.394Z","31.59179","1",NULL
"11223","2018-05-15T18:06:28.703Z","30.252607","6",NULL
"11224","2018-05-15T18:08:17.498Z","31.739037","4",NULL
"11225","2018-05-15T18:08:36.567Z","29.885123","2",NULL
"11226","2018-05-15T18:08:17.693Z","30.536411","3",NULL
"11227","2018-05-15T18:06:29.050Z","29.305782","5",NULL
"11228","2018-05-15T18:06:28.721Z","30.208001","6",NULL
"11229","2018-05-15T18:08:36.558Z","31.59179","1",NULL
"11230","2018-05-15T18:08:17.518Z","31.688115","4",NULL
"11231","2018-05-15T18:08:37.462Z","31.84779","2",NULL
"11232","2018-05-15T18:08:17.739Z","30.531784","3",NULL
"11233","2018-05-15T18:06:29.127Z","29.305782","5",NULL
"11234","2018-05-15T18:06:29.090Z","30.191782","6",NULL
"11235","2018-05-15T18:08:37.698Z","31.59179","1",NULL
"11236","2018-05-15T18:08:17.691Z","31.510611","4",NULL
"11237","2018-05-15T18:08:37.739Z","31.84779","2",NULL
"11238","2018-05-15T18:08:18.041Z","30.348024","3",NULL
"11239","2018-05-15T18:06:29.652Z","29.764115","5",NULL
"11240","2018-05-15T18:08:38.130Z","31.835283","2",NULL
"11241","2018-05-15T18:08:17.708Z","31.501744","4",NULL
"11242","2018-05-15T18:06:29.128Z","30.191782","6",NULL
"11243","2018-05-15T18:08:38.114Z","31.62095","1",NULL
"11244","2018-05-15T18:08:18.108Z","30.236035","3",NULL
"11245","2018-05-15T18:06:29.714Z","30.389115","5",NULL
"11246","2018-05-15T18:08:38.206Z","31.620425","2",NULL
"11247","2018-05-15T18:06:29.555Z","32.154448","6",NULL
"11248","2018-05-15T18:08:18.068Z","31.188357","4",NULL
"11249","2018-05-15T18:08:38.151Z","31.406092","1",NULL
"11250","2018-05-15T18:08:18.406Z","30.668913","3",NULL
"11251","2018-05-15T18:06:29.750Z","30.389115","5",NULL
"11252","2018-05-15T18:06:29.662Z","32.154448","6",NULL
"11253","2018-05-15T18:08:18.113Z","31.076368","4",NULL
"11254","2018-05-15T18:08:38.453Z","31.679378","1",NULL
"11255","2018-05-15T18:08:38.455Z","31.310378","2",NULL
"11256","2018-05-15T18:08:18.424Z","30.667902","3",NULL
"11257","2018-05-15T18:06:29.950Z","32.389115","5",NULL
"11258","2018-05-15T18:08:18.408Z","30.800913","4",NULL
"11259","2018-05-15T18:08:38.466Z","31.625728","1",NULL
"11260","2018-05-15T18:06:29.748Z","32.154448","6",NULL
"11261","2018-05-15T18:08:38.486Z","31.256728","2",NULL
"11262","2018-05-15T18:06:30.020Z","32.389115","5",NULL
"11263","2018-05-15T18:08:19.372Z","31.504761","3",NULL
"11264","2018-05-15T18:08:18.464Z","30.799902","4",NULL
"11265","2018-05-15T18:08:38.565Z","32.87878","1",NULL
"11266","2018-05-15T18:08:38.641Z","31.13478","2",NULL
"11267","2018-05-15T18:06:30.018Z","32.154448","6",NULL
"11268","2018-05-15T18:08:19.425Z","31.504761","3",NULL
"11269","2018-05-15T18:06:30.376Z","32.722448","5",NULL
"11270","2018-05-15T18:08:19.397Z","30.470094","4",NULL
"11271","2018-05-15T18:06:30.379Z","32.154448","6",NULL
"11272","2018-05-15T18:08:38.825Z","30.889988","2",NULL
"11273","2018-05-15T18:08:38.766Z","32.669546","1",NULL
"11274","2018-05-15T18:06:30.664Z","34.389115","5",NULL
"11275","2018-05-15T18:08:19.461Z","31.504761","3",NULL
"11276","2018-05-15T18:06:30.795Z","32.154448","6",NULL
"11277","2018-05-15T18:08:38.965Z","30.727171","2",NULL
"11278","2018-05-15T18:08:38.815Z","32.633988","1",NULL
"11279","2018-05-15T18:08:19.434Z","30.470094","4",NULL
"11280","2018-05-15T18:06:30.758Z","34.389115","5",NULL
"11281","2018-05-15T18:08:19.921Z","31.504761","3",NULL
"11282","2018-05-15T18:08:39.227Z","30.462119","2",NULL
"11283","2018-05-15T18:08:19.590Z","32.432761","4",NULL
"11284","2018-05-15T18:06:32.326Z","32.152195","6",NULL
"11285","2018-05-15T18:08:38.952Z","32.471171","1",NULL
"11286","2018-05-15T18:06:32.282Z","34.386862","5",NULL
"11287","2018-05-15T18:08:20.057Z","31.838094","3",NULL
"11288","2018-05-15T18:08:40.001Z","29.739235","2",NULL
"11289","2018-05-15T18:06:32.883Z","31.577115","6",NULL
"11290","2018-05-15T18:08:19.931Z","32.432761","4",NULL
"11291","2018-05-15T18:08:39.222Z","32.206119","1",NULL
"11292","2018-05-15T18:08:20.388Z","32.921428","3",NULL
"11293","2018-05-15T18:06:32.870Z","33.811782","5",NULL
"11294","2018-05-15T18:08:40.262Z","31.378768","2",NULL
"11295","2018-05-15T18:06:33.368Z","31.148329","6",NULL
"11296","2018-05-15T18:08:20.063Z","32.432761","4",NULL
"11297","2018-05-15T18:08:39.983Z","31.483235","1",NULL
"11298","2018-05-15T18:08:20.579Z","33.504761","3",NULL
"11299","2018-05-15T18:06:33.363Z","33.382996","5",NULL
"11300","2018-05-15T18:08:40.417Z","31.332992","2",NULL
"11301","2018-05-15T18:06:33.417Z","31.006171","6",NULL
"11302","2018-05-15T18:08:20.409Z","32.432761","4",NULL
"11303","2018-05-15T18:08:40.365Z","31.114325","1",NULL
"11304","2018-05-15T18:08:20.667Z","33.504761","3",NULL
"11305","2018-05-15T18:06:33.414Z","35.115838","5",NULL
"11306","2018-05-15T18:06:33.803Z","30.798304","6",NULL
"11307","2018-05-15T18:08:40.734Z","30.885062","1",NULL
"11308","2018-05-15T18:08:20.629Z","32.432761","4",NULL
"11309","2018-05-15T18:08:40.765Z","31.103729","2",NULL
"11310","2018-05-15T18:06:33.552Z","35.191427","5",NULL
"11311","2018-05-15T18:08:20.925Z","33.588094","3",NULL
"11312","2018-05-15T18:08:40.914Z","30.587609","1",NULL
"11313","2018-05-15T18:06:34.058Z","30.516455","6",NULL
"11314","2018-05-15T18:08:20.943Z","32.432761","4",NULL
"11315","2018-05-15T18:08:40.958Z","30.806276","2",NULL
"11316","2018-05-15T18:06:33.665Z","35.032971","5",NULL
"11317","2018-05-15T18:08:21.462Z","34.838094","3",NULL
"11318","2018-05-15T18:08:41.518Z","30.999936","1",NULL
"11319","2018-05-15T18:06:34.160Z","30.51535","6",NULL
"11320","2018-05-15T18:08:21.521Z","32.432761","4",NULL
"11321","2018-05-15T18:08:41.541Z","30.551936","2",NULL
"11322","2018-05-15T18:06:33.999Z","34.751122","5",NULL
"11323","2018-05-15T18:08:21.624Z","35.421428","3",NULL
"11324","2018-05-15T18:08:41.543Z","30.998955","1",NULL
"11325","2018-05-15T18:06:34.611Z","30.150415","6",NULL
"11326","2018-05-15T18:08:41.558Z","30.550955","2",NULL
"11327","2018-05-15T18:08:21.626Z","34.395428","4",NULL
"11328","2018-05-15T18:06:34.104Z","34.750017","5",NULL
"11329","2018-05-15T18:08:21.732Z","35.464227","3",NULL
"11330","2018-05-15T18:08:21.659Z","34.395428","4",NULL
"11331","2018-05-15T18:06:34.713Z","29.773615","6",NULL
"11332","2018-05-15T18:08:41.741Z","30.023721","2",NULL
"11333","2018-05-15T18:08:41.706Z","31.346721","1",NULL
"11334","2018-05-15T18:08:21.829Z","35.440353","3",NULL
"11335","2018-05-15T18:06:34.608Z","34.385082","5",NULL
"11336","2018-05-15T18:08:21.832Z","34.33102","4",NULL
"11337","2018-05-15T18:08:41.809Z","30.01995","2",NULL
"11338","2018-05-15T18:08:41.743Z","31.34295","1",NULL
"11339","2018-05-15T18:06:35.312Z","29.210269","6",NULL
"11340","2018-05-15T18:08:21.880Z","35.337464","3",NULL
"11341","2018-05-15T18:06:34.681Z","34.008282","5",NULL
"11342","2018-05-15T18:08:42.288Z","29.445106","2",NULL
"11343","2018-05-15T18:08:42.261Z","31.226439","1",NULL
"11344","2018-05-15T18:06:35.412Z","30.980518","6",NULL
"11345","2018-05-15T18:08:21.891Z","34.228131","4",NULL
"11346","2018-05-15T18:06:35.249Z","33.444936","5",NULL
"11347","2018-05-15T18:08:22.112Z","35.091367","3",NULL
"11348","2018-05-15T18:08:22.133Z","33.982034","4",NULL
"11349","2018-05-15T18:06:35.527Z","30.876364","6",NULL
"11350","2018-05-15T18:08:42.296Z","29.445106","2",NULL
"11351","2018-05-15T18:08:42.295Z","31.226439","1",NULL
"11352","2018-05-15T18:06:35.521Z","33.148364","5",NULL
"11353","2018-05-15T18:08:22.367Z","34.838973","3",NULL
"11354","2018-05-15T18:08:42.306Z","31.226439","1",NULL
"11355","2018-05-15T18:08:22.397Z","33.72964","4",NULL
"11356","2018-05-15T18:06:35.599Z","30.804146","6",NULL
"11357","2018-05-15T18:08:42.355Z","29.445106","2",NULL
"11358","2018-05-15T18:08:22.608Z","34.58626","3",NULL
"11359","2018-05-15T18:06:35.598Z","33.076146","5",NULL
"11360","2018-05-15T18:08:22.693Z","33.476927","4",NULL
"11361","2018-05-15T18:06:35.635Z","32.709599","6",NULL
"11362","2018-05-15T18:08:42.485Z","31.407772","2",NULL
"11363","2018-05-15T18:08:42.354Z","31.226439","1",NULL
"11364","2018-05-15T18:06:35.853Z","32.801782","5",NULL
"11365","2018-05-15T18:08:22.915Z","34.323356","3",NULL
"11366","2018-05-15T18:08:22.932Z","33.214023","4",NULL
"11367","2018-05-15T18:08:42.751Z","31.226439","1",NULL
"11368","2018-05-15T18:08:42.767Z","31.407772","2",NULL
"11369","2018-05-15T18:06:35.857Z","32.492449","6",NULL
"11370","2018-05-15T18:06:36.024Z","32.637016","5",NULL
"11371","2018-05-15T18:08:23.405Z","33.822806","3",NULL
"11372","2018-05-15T18:08:43.205Z","31.385161","2",NULL
"11373","2018-05-15T18:08:23.426Z","32.713473","4",NULL
"11374","2018-05-15T18:06:36.026Z","32.327683","6",NULL
"11375","2018-05-15T18:08:43.184Z","31.328828","1",NULL
"11376","2018-05-15T18:08:24.270Z","33.023376","3",NULL
"11377","2018-05-15T18:06:36.531Z","32.135832","5",NULL
"11378","2018-05-15T18:06:36.533Z","31.826499","6",NULL
"11379","2018-05-15T18:08:43.289Z","31.356464","2",NULL
"11380","2018-05-15T18:08:24.290Z","31.914043","4",NULL
"11381","2018-05-15T18:08:43.219Z","31.300131","1",NULL
"11382","2018-05-15T18:06:36.810Z","31.881397","5",NULL
"11383","2018-05-15T18:08:24.726Z","32.53393","3",NULL
"11384","2018-05-15T18:06:36.858Z","31.572064","6",NULL
"11385","2018-05-15T18:08:43.507Z","31.82402","1",NULL
"11386","2018-05-15T18:08:24.748Z","31.424597","4",NULL
"11387","2018-05-15T18:08:43.577Z","31.088686","2",NULL
"11388","2018-05-15T18:08:25.108Z","32.085267","3",NULL
"11389","2018-05-15T18:06:37.034Z","31.629006","5",NULL
"11390","2018-05-15T18:06:37.052Z","31.319673","6",NULL
"11391","2018-05-15T18:08:43.794Z","32.004716","1",NULL
"11392","2018-05-15T18:08:25.114Z","30.975934","4",NULL
"11393","2018-05-15T18:08:43.811Z","30.769382","2",NULL
"11394","2018-05-15T18:08:25.358Z","31.83532","3",NULL
"11395","2018-05-15T18:06:38.189Z","30.885985","5",NULL
"11396","2018-05-15T18:06:38.223Z","30.576652","6",NULL
"11397","2018-05-15T18:08:43.924Z","32.002413","1",NULL
"11398","2018-05-15T18:08:25.360Z","30.725987","4",NULL
"11399","2018-05-15T18:08:43.967Z","30.767079","2",NULL
"11400","2018-05-15T18:06:38.408Z","31.094318","5",NULL
"11401","2018-05-15T18:08:25.617Z","31.580316","3",NULL
"11402","2018-05-15T18:06:38.468Z","30.576652","6",NULL
"11403","2018-05-15T18:08:44.583Z","32.046203","1",NULL
"11404","2018-05-15T18:08:25.628Z","30.470983","4",NULL
"11405","2018-05-15T18:08:44.604Z","30.227536","2",NULL
"11406","2018-05-15T18:06:38.533Z","32.885985","5",NULL
"11407","2018-05-15T18:08:25.839Z","31.356275","3",NULL
"11408","2018-05-15T18:08:25.855Z","30.246942","4",NULL
"11409","2018-05-15T18:06:38.664Z","30.576652","6",NULL
"11410","2018-05-15T18:08:44.613Z","30.051857","2",NULL
"11411","2018-05-15T18:08:44.609Z","31.870524","1",NULL
"11412","2018-05-15T18:08:26.607Z","31.356275","3",NULL
"11413","2018-05-15T18:06:38.660Z","32.885985","5",NULL
"11414","2018-05-15T18:08:44.791Z","31.666417","1",NULL
"11415","2018-05-15T18:08:44.885Z","29.84775","2",NULL
"11416","2018-05-15T18:06:39.300Z","30.574048","6",NULL
"11417","2018-05-15T18:08:26.612Z","30.246942","4",NULL
"11418","2018-05-15T18:06:39.282Z","32.883381","5",NULL
"11419","2018-05-15T18:08:26.700Z","31.356275","3",NULL
"11420","2018-05-15T18:06:39.672Z","30.382447","6",NULL
"11421","2018-05-15T18:08:44.939Z","31.662286","1",NULL
"11422","2018-05-15T18:08:26.702Z","32.209608","4",NULL
"11423","2018-05-15T18:08:44.971Z","29.843619","2",NULL
"11424","2018-05-15T18:08:27.163Z","31.522942","3",NULL
"11425","2018-05-15T18:06:39.609Z","32.69178","5",NULL
"11426","2018-05-15T18:06:39.913Z","30.070242","6",NULL
"11427","2018-05-15T18:08:45.032Z","31.533908","1",NULL
"11428","2018-05-15T18:08:26.727Z","32.209608","4",NULL
"11429","2018-05-15T18:08:45.805Z","28.709702","2",NULL
"11430","2018-05-15T18:06:39.862Z","32.379575","5",NULL
"11431","2018-05-15T18:08:27.276Z","33.278124","3",NULL
"11432","2018-05-15T18:06:40.587Z","29.372574","6",NULL
"11433","2018-05-15T18:08:45.801Z","30.528369","1",NULL
"11434","2018-05-15T18:08:46.007Z","30.463594","2",NULL
"11435","2018-05-15T18:08:27.211Z","32.209608","4",NULL
"11436","2018-05-15T18:08:27.292Z","33.262686","3",NULL
"11437","2018-05-15T18:06:40.569Z","31.681907","5",NULL
"11438","2018-05-15T18:06:41.180Z","30.717173","6",NULL
"11439","2018-05-15T18:08:46.354Z","30.037426","1",NULL
"11440","2018-05-15T18:08:27.281Z","32.131457","4",NULL
"11441","2018-05-15T18:08:46.369Z","30.181426","2",NULL
"11442","2018-05-15T18:06:41.255Z","31.008519","5",NULL
"11443","2018-05-15T18:08:27.400Z","33.230191","3",NULL
"11444","2018-05-15T18:06:41.300Z","30.661852","6",NULL
"11445","2018-05-15T18:08:46.390Z","30.036441","1",NULL
"11446","2018-05-15T18:08:46.431Z","30.180441","2",NULL
"11447","2018-05-15T18:08:27.412Z","32.083524","4",NULL
"11448","2018-05-15T18:08:27.617Z","33.02448","3",NULL
"11449","2018-05-15T18:06:41.372Z","31.007539","5",NULL
"11450","2018-05-15T18:06:41.390Z","30.660872","6",NULL
"11451","2018-05-15T18:08:46.894Z","29.566758","1",NULL
"11452","2018-05-15T18:08:27.625Z","31.877813","4",NULL
"11453","2018-05-15T18:08:46.908Z","29.710758","2",NULL
"11454","2018-05-15T18:06:41.448Z","31.239129","5",NULL
"11455","2018-05-15T18:08:28.115Z","32.52465","3",NULL
"11456","2018-05-15T18:06:41.437Z","32.418378","6",NULL
"11457","2018-05-15T18:08:48.047Z","29.013457","1",NULL
"11458","2018-05-15T18:08:48.051Z","28.449124","2",NULL
"11459","2018-05-15T18:08:28.124Z","31.377983","4",NULL
"11460","2018-05-15T18:06:41.490Z","31.989511","5",NULL
"11461","2018-05-15T18:08:28.698Z","31.943598","3",NULL
"11462","2018-05-15T18:08:48.053Z","29.013457","1",NULL
"11463","2018-05-15T18:06:41.450Z","32.396796","6",NULL
"11464","2018-05-15T18:08:28.700Z","30.796931","4",NULL
"11465","2018-05-15T18:08:48.055Z","28.449124","2",NULL
"11466","2018-05-15T18:06:41.566Z","32.706928","5",NULL
"11467","2018-05-15T18:08:28.808Z","33.820723","3",NULL
"11468","2018-05-15T18:08:28.799Z","32.646279","4",NULL
"11469","2018-05-15T18:08:48.057Z","29.013457","1",NULL
"11470","2018-05-15T18:06:41.493Z","32.355511","6",NULL
"11471","2018-05-15T18:08:48.058Z","28.449124","2",NULL
"11472","2018-05-15T18:06:41.778Z","32.451709","5",NULL
"11473","2018-05-15T18:08:28.841Z","33.787831","3",NULL
"11474","2018-05-15T18:06:41.780Z","32.067709","6",NULL
"11475","2018-05-15T18:08:48.197Z","30.411791","2",NULL
"11476","2018-05-15T18:08:48.100Z","30.305124","1",NULL
"11477","2018-05-15T18:08:28.811Z","32.636723","4",NULL
"11478","2018-05-15T18:06:41.863Z","32.414329","5",NULL
"11479","2018-05-15T18:08:29.111Z","33.524174","3",NULL
"11480","2018-05-15T18:08:48.625Z","30.305124","1",NULL
"11481","2018-05-15T18:06:41.886Z","32.030329","6",NULL
"11482","2018-05-15T18:08:29.139Z","32.340174","4",NULL
"11483","2018-05-15T18:08:48.644Z","30.411791","2",NULL
"11484","2018-05-15T18:06:42.027Z","32.20298","5",NULL
"11485","2018-05-15T18:08:29.158Z","33.470887","3",NULL
"11486","2018-05-15T18:06:42.029Z","31.81898","6",NULL
"11487","2018-05-15T18:08:29.160Z","32.286887","4",NULL
"11488","2018-05-15T18:08:48.659Z","30.305124","1",NULL
"11489","2018-05-15T18:08:48.687Z","30.411791","2",NULL
"11490","2018-05-15T18:06:42.278Z","31.954374","5",NULL
"11491","2018-05-15T18:08:29.609Z","33.025195","3",NULL
"11492","2018-05-15T18:08:49.066Z","30.411791","2",NULL
"11493","2018-05-15T18:08:29.616Z","31.841195","4",NULL
"11494","2018-05-15T18:08:49.029Z","30.596791","1",NULL
"11495","2018-05-15T18:06:42.280Z","31.570374","6",NULL
"11496","2018-05-15T18:06:42.962Z","31.320662","5",NULL
"11497","2018-05-15T18:08:29.859Z","32.774173","3",NULL
"11498","2018-05-15T18:06:42.970Z","30.936662","6",NULL
"11499","2018-05-15T18:08:49.345Z","31.008941","1",NULL
"11500","2018-05-15T18:08:29.860Z","31.590173","4",NULL
"11501","2018-05-15T18:08:49.349Z","30.282275","2",NULL
"11502","2018-05-15T18:06:43.282Z","30.98621","5",NULL
"11503","2018-05-15T18:08:30.357Z","32.275664","3",NULL
"11504","2018-05-15T18:06:43.289Z","30.60221","6",NULL
"11505","2018-05-15T18:08:49.352Z","30.954087","1",NULL
"11506","2018-05-15T18:08:49.354Z","30.227421","2",NULL
"11507","2018-05-15T18:08:30.359Z","31.091664","4",NULL
"11508","2018-05-15T18:06:43.688Z","31.74478","5",NULL
"11509","2018-05-15T18:08:30.611Z","32.019912","3",NULL
"11510","2018-05-15T18:06:43.447Z","32.375482","6",NULL
"11511","2018-05-15T18:08:30.638Z","30.835912","4",NULL
"11512","2018-05-15T18:08:49.381Z","30.072445","2",NULL
"11513","2018-05-15T18:08:49.378Z","31.965778","1",NULL
"11514","2018-05-15T18:06:43.703Z","31.722825","5",NULL
"11515","2018-05-15T18:08:30.860Z","31.773187","3",NULL
"11516","2018-05-15T18:08:49.384Z","31.963984","1",NULL
"11517","2018-05-15T18:08:49.506Z","29.980867","2",NULL
"11518","2018-05-15T18:06:43.700Z","32.198447","6",NULL
"11519","2018-05-15T18:08:30.862Z","30.589187","4",NULL
"11520","2018-05-15T18:08:31.418Z","31.302372","3",NULL
"11521","2018-05-15T18:06:43.713Z","32.532843","5",NULL
"11522","2018-05-15T18:08:49.842Z","29.66366","2",NULL
"11523","2018-05-15T18:08:31.436Z","30.118372","4",NULL
"11524","2018-05-15T18:08:49.469Z","31.8742","1",NULL
"11525","2018-05-15T18:06:43.704Z","32.176492","6",NULL
"11526","2018-05-15T18:08:31.603Z","31.901262","3",NULL
"11527","2018-05-15T18:06:43.923Z","32.325364","5",NULL
"11528","2018-05-15T18:08:31.606Z","29.842262","4",NULL
"11529","2018-05-15T18:08:49.851Z","29.662596","2",NULL
"11530","2018-05-15T18:08:49.813Z","31.59866","1",NULL
"11531","2018-05-15T18:06:44.108Z","31.904031","6",NULL
"11532","2018-05-15T18:06:44.192Z","32.086047","5",NULL
"11533","2018-05-15T18:08:31.642Z","33.017633","3",NULL
"11534","2018-05-15T18:08:31.644Z","29.833633","4",NULL
"11535","2018-05-15T18:08:50.136Z","29.38511","2",NULL
"11536","2018-05-15T18:08:49.846Z","31.597596","1",NULL
"11537","2018-05-15T18:06:44.218Z","31.664714","6",NULL
"11538","2018-05-15T18:08:31.673Z","32.957126","3",NULL
"11539","2018-05-15T18:06:44.526Z","31.728815","5",NULL
"11540","2018-05-15T18:06:44.528Z","31.307482","6",NULL
"11541","2018-05-15T18:08:50.387Z","29.151488","2",NULL
"11542","2018-05-15T18:08:49.885Z","33.456186","1",NULL
"11543","2018-05-15T18:08:31.889Z","29.579856","4",NULL
"11544","2018-05-15T18:06:44.776Z","31.4809","5",NULL
"11545","2018-05-15T18:08:31.877Z","32.763856","3",NULL
"11546","2018-05-15T18:08:31.965Z","29.496375","4",NULL
"11547","2018-05-15T18:08:50.746Z","28.733757","2",NULL
"11548","2018-05-15T18:08:50.092Z","33.278443","1",NULL
"11549","2018-05-15T18:06:44.778Z","31.059567","6",NULL
"11550","2018-05-15T18:08:31.950Z","32.680375","3",NULL
"11551","2018-05-15T18:06:45.221Z","31.047625","5",NULL
"11552","2018-05-15T18:08:32.371Z","29.090436","4",NULL
"11553","2018-05-15T18:08:50.973Z","28.484303","2",NULL
"11554","2018-05-15T18:08:50.333Z","33.044821","1",NULL
"11555","2018-05-15T18:06:45.223Z","30.626292","6",NULL
"11556","2018-05-15T18:06:45.835Z","30.63628","5",NULL
"11557","2018-05-15T18:08:32.359Z","32.274436","3",NULL
"11558","2018-05-15T18:06:45.845Z","32.177613","6",NULL
"11559","2018-05-15T18:08:50.721Z","32.62709","1",NULL
"11560","2018-05-15T18:08:32.929Z","28.580373","4",NULL
"11561","2018-05-15T18:08:51.510Z","27.984462","2",NULL
"11562","2018-05-15T18:08:32.906Z","31.764373","3",NULL
"11563","2018-05-15T18:06:45.928Z","30.63628","5",NULL
"11564","2018-05-15T18:08:50.970Z","32.377636","1",NULL
"11565","2018-05-15T18:08:51.726Z","27.733273","2",NULL
"11566","2018-05-15T18:08:33.035Z","28.41384","4",NULL
"11567","2018-05-15T18:06:45.861Z","32.177613","6",NULL
"11568","2018-05-15T18:08:33.033Z","31.59784","3",NULL
"11569","2018-05-15T18:06:46.043Z","32.63628","5",NULL
"11570","2018-05-15T18:08:51.471Z","31.877795","1",NULL
"11571","2018-05-15T18:08:52.244Z","27.241694","2",NULL
"11572","2018-05-15T18:08:33.359Z","28.081992","4",NULL
"11573","2018-05-15T18:06:45.930Z","32.177613","6",NULL
"11574","2018-05-15T18:08:33.357Z","31.265992","3",NULL
"11575","2018-05-15T18:06:46.101Z","32.63628","5",NULL
"11576","2018-05-15T18:08:51.722Z","31.626606","1",NULL
"11577","2018-05-15T18:06:46.121Z","32.177613","6",NULL
"11578","2018-05-15T18:08:34.303Z","27.206339","4",NULL
"11579","2018-05-15T18:08:52.474Z","26.977985","2",NULL
"11580","2018-05-15T18:08:34.288Z","30.390339","3",NULL
"11581","2018-05-15T18:06:48.109Z","32.63628","5",NULL
"11582","2018-05-15T18:08:52.226Z","31.135027","1",NULL
"11583","2018-05-15T18:08:34.759Z","28.639854","4",NULL
"11584","2018-05-15T18:06:47.946Z","34.14028","6",NULL
"11585","2018-05-15T18:08:52.802Z","26.72383","2",NULL
"11586","2018-05-15T18:08:35.165Z","28.472044","4",NULL
"11587","2018-05-15T18:08:52.472Z","30.871318","1",NULL
"11588","2018-05-15T18:08:35.129Z","29.693377","3",NULL
"11589","2018-05-15T18:06:49.822Z","32.455336","5",NULL
"11590","2018-05-15T18:06:48.113Z","34.14028","6",NULL
"11591","2018-05-15T18:08:53.278Z","26.315099","2",NULL
"11592","2018-05-15T18:08:35.334Z","28.433628","4",NULL
"11593","2018-05-15T18:08:35.282Z","29.654961","3",NULL
"11594","2018-05-15T18:06:50.625Z","31.805554","5",NULL
"11595","2018-05-15T18:08:52.725Z","30.617163","1",NULL
"11596","2018-05-15T18:08:53.542Z","26.052014","2",NULL
"11597","2018-05-15T18:06:49.880Z","33.959336","6",NULL
"11598","2018-05-15T18:08:53.551Z","26.046262","2",NULL
"11599","2018-05-15T18:08:35.628Z","29.897271","4",NULL
"11600","2018-05-15T18:08:35.614Z","29.447605","3",NULL
"11601","2018-05-15T18:06:51.021Z","31.437944","5",NULL
"11602","2018-05-15T18:08:53.252Z","30.291765","1",NULL
"11603","2018-05-15T18:06:50.647Z","33.309554","6",NULL
"11604","2018-05-15T18:08:53.615Z","25.871032","2",NULL
"11605","2018-05-15T18:08:35.710Z","29.863704","4",NULL
"11606","2018-05-15T18:08:35.705Z","29.414038","3",NULL
"11607","2018-05-15T18:06:51.540Z","30.999903","5",NULL
"11608","2018-05-15T18:08:53.525Z","30.945347","1",NULL
"11609","2018-05-15T18:06:51.168Z","32.941944","6",NULL
"11610","2018-05-15T18:08:53.756Z","25.729919","2",NULL
"11611","2018-05-15T18:08:35.922Z","29.46496","3",NULL
"11612","2018-05-15T18:08:53.546Z","30.939595","1",NULL
"11613","2018-05-15T18:06:51.745Z","30.79916","5",NULL
"11614","2018-05-15T18:08:35.762Z","29.757561","4",NULL
"11615","2018-05-15T18:06:51.648Z","32.503903","6",NULL
"11616","2018-05-15T18:08:53.908Z","25.542455","2",NULL
"11617","2018-05-15T18:08:36.078Z","29.741393","3",NULL
"11618","2018-05-15T18:08:35.939Z","29.581293","4",NULL
"11619","2018-05-15T18:08:53.578Z","31.597698","1",NULL
"11620","2018-05-15T18:06:51.961Z","30.73689","5",NULL
"11621","2018-05-15T18:06:51.877Z","32.17816","6",NULL
"11622","2018-05-15T18:08:53.997Z","25.479906","2",NULL
"11623","2018-05-15T18:08:36.703Z","29.746167","3",NULL
"11624","2018-05-15T18:08:53.628Z","31.718895","1",NULL
"11625","2018-05-15T18:06:52.292Z","31.164564","5",NULL
"11626","2018-05-15T18:08:36.087Z","29.357726","4",NULL
"11627","2018-05-15T18:06:52.060Z","32.11589","6",NULL
"11628","2018-05-15T18:08:36.976Z","30.246167","3",NULL
"11629","2018-05-15T18:08:54.234Z","25.229792","2",NULL
"11630","2018-05-15T18:06:52.337Z","31.080159","5",NULL
"11631","2018-05-15T18:08:36.714Z","28.9875","4",NULL
"11632","2018-05-15T18:08:53.719Z","31.623252","1",NULL
"11633","2018-05-15T18:06:52.324Z","31.710231","6",NULL
"11634","2018-05-15T18:08:37.027Z","30.246167","3",NULL
"11635","2018-05-15T18:06:52.882Z","31.883765","5",NULL
"11636","2018-05-15T18:08:53.904Z","31.435788","1",NULL
"11637","2018-05-15T18:08:54.737Z","24.756954","2",NULL
"11638","2018-05-15T18:08:37.000Z","28.9875","4",NULL
"11639","2018-05-15T18:06:52.369Z","31.625826","6",NULL
"11640","2018-05-15T18:06:52.914Z","31.525973","5",NULL
"11641","2018-05-15T18:08:53.983Z","31.373239","1",NULL
"11642","2018-05-15T18:08:37.076Z","30.246167","3",NULL
"11643","2018-05-15T18:08:37.042Z","28.9875","4",NULL
"11644","2018-05-15T18:08:54.984Z","24.476904","2",NULL
"11645","2018-05-15T18:06:52.898Z","31.387765","6",NULL
"11646","2018-05-15T18:06:52.992Z","31.446225","5",NULL
"11647","2018-05-15T18:08:54.222Z","31.123125","1",NULL
"11648","2018-05-15T18:08:37.267Z","30.246167","3",NULL
"11649","2018-05-15T18:08:37.177Z","30.950167","4",NULL
"11650","2018-05-15T18:08:55.480Z","23.980113","2",NULL
"11651","2018-05-15T18:06:52.920Z","31.029973","6",NULL
"11652","2018-05-15T18:06:53.550Z","31.004844","5",NULL
"11653","2018-05-15T18:08:54.729Z","30.650287","1",NULL
"11654","2018-05-15T18:08:37.366Z","30.662834","3",NULL
"11655","2018-05-15T18:08:37.277Z","30.950167","4",NULL
"11656","2018-05-15T18:08:55.872Z","23.720821","2",NULL
"11657","2018-05-15T18:06:53.552Z","30.508844","6",NULL
"11658","2018-05-15T18:08:54.982Z","30.370237","1",NULL
"11659","2018-05-15T18:06:53.616Z","30.939545","5",NULL
"11660","2018-05-15T18:08:37.400Z","30.950167","4",NULL
"11661","2018-05-15T18:08:56.222Z","23.229126","2",NULL
"11662","2018-05-15T18:08:37.868Z","32.0795","3",NULL
"11663","2018-05-15T18:06:53.635Z","30.443545","6",NULL
"11664","2018-05-15T18:08:56.527Z","22.928806","2",NULL
"11665","2018-05-15T18:08:37.666Z","32.912834","4",NULL
"11666","2018-05-15T18:06:53.870Z","30.527224","5",NULL
"11667","2018-05-15T18:08:55.472Z","29.873446","1",NULL
"11668","2018-05-15T18:08:37.891Z","32.246167","3",NULL
"11669","2018-05-15T18:06:53.895Z","30.031224","6",NULL
"11670","2018-05-15T18:08:56.949Z","24.891472","2",NULL
"11671","2018-05-15T18:08:37.886Z","32.912834","4",NULL
"11672","2018-05-15T18:08:38.258Z","32.246167","3",NULL
"11673","2018-05-15T18:08:55.757Z","29.614154","1",NULL
"11674","2018-05-15T18:06:54.056Z","30.307052","5",NULL
"11675","2018-05-15T18:06:54.071Z","31.773719","6",NULL
"11676","2018-05-15T18:08:38.504Z","34.246167","3",NULL
"11677","2018-05-15T18:08:56.220Z","29.122459","1",NULL
"11678","2018-05-15T18:06:54.076Z","30.287955","5",NULL
"11679","2018-05-15T18:08:56.973Z","26.854139","2",NULL
"11680","2018-05-15T18:08:38.259Z","32.912834","4",NULL
"11681","2018-05-15T18:06:54.089Z","31.754622","6",NULL
"11682","2018-05-15T18:06:54.633Z","29.929817","5",NULL
"11683","2018-05-15T18:08:56.525Z","28.822139","1",NULL
"11684","2018-05-15T18:08:57.220Z","26.854139","2",NULL
"11685","2018-05-15T18:08:39.104Z","34.246167","3",NULL
"11686","2018-05-15T18:08:39.114Z","32.912834","4",NULL
"11687","2018-05-15T18:06:54.199Z","31.743261","6",NULL
"11688","2018-05-15T18:08:56.970Z","28.822139","1",NULL
"11689","2018-05-15T18:08:39.457Z","32.884738","4",NULL
"11690","2018-05-15T18:06:54.639Z","29.734314","5",NULL
"11691","2018-05-15T18:08:57.314Z","26.854139","2",NULL
"11692","2018-05-15T18:08:39.448Z","34.218071","3",NULL
"11693","2018-05-15T18:06:54.636Z","31.396484","6",NULL
"11694","2018-05-15T18:08:39.627Z","32.625032","4",NULL
"11695","2018-05-15T18:08:57.313Z","28.822139","1",NULL
"11696","2018-05-15T18:08:39.622Z","33.958365","3",NULL
"11697","2018-05-15T18:08:58.275Z","26.854139","2",NULL
"11698","2018-05-15T18:06:54.764Z","30.630014","5",NULL
"11699","2018-05-15T18:06:54.640Z","31.200981","6",NULL
"11700","2018-05-15T18:08:58.202Z","30.572139","1",NULL
"11701","2018-05-15T18:08:39.985Z","32.371724","4",NULL
"11702","2018-05-15T18:08:58.542Z","26.854139","2",NULL
"11703","2018-05-15T18:08:39.945Z","33.705057","3",NULL
"11704","2018-05-15T18:06:54.812Z","30.616601","5",NULL
"11705","2018-05-15T18:06:54.801Z","31.096681","6",NULL
"11706","2018-05-15T18:06:55.011Z","31.059793","5",NULL
"11707","2018-05-15T18:08:59.224Z","26.757274","2",NULL
"11708","2018-05-15T18:08:40.385Z","31.868611","4",NULL
"11709","2018-05-15T18:08:58.309Z","30.822139","1",NULL
"11710","2018-05-15T18:08:40.369Z","33.201944","3",NULL
"11711","2018-05-15T18:06:54.848Z","31.083268","6",NULL
"11712","2018-05-15T18:08:40.898Z","31.381162","4",NULL
"11713","2018-05-15T18:08:58.475Z","30.822139","1",NULL
"11714","2018-05-15T18:08:40.880Z","32.714495","3",NULL
"11715","2018-05-15T18:09:00.549Z","25.911005","2",NULL
"11716","2018-05-15T18:06:55.156Z","31.145285","5",NULL
"11717","2018-05-15T18:06:55.053Z","30.818127","6",NULL
"11718","2018-05-15T18:08:59.221Z","30.725274","1",NULL
"11719","2018-05-15T18:08:41.495Z","30.758852","4",NULL
"11720","2018-05-15T18:09:01.444Z","25.040038","2",NULL
"11721","2018-05-15T18:08:41.493Z","32.092185","3",NULL
"11722","2018-05-15T18:06:56.130Z","31.063491","5",NULL
"11723","2018-05-15T18:06:56.132Z","30.530158","6",NULL
"11724","2018-05-15T18:08:42.111Z","32.223197","4",NULL
"11725","2018-05-15T18:09:00.474Z","29.879005","1",NULL
"11726","2018-05-15T18:09:01.665Z","26.27426","2",NULL
"11727","2018-05-15T18:08:42.077Z","31.593864","3",NULL
"11728","2018-05-15T18:06:56.161Z","31.063491","5",NULL
"11729","2018-05-15T18:06:56.162Z","30.530158","6",NULL
"11730","2018-05-15T18:08:42.144Z","32.143912","4",NULL
"11731","2018-05-15T18:09:02.267Z","26.052313","2",NULL
"11732","2018-05-15T18:06:56.178Z","30.530158","6",NULL
"11733","2018-05-15T18:08:42.244Z","31.438249","3",NULL
"11734","2018-05-15T18:09:01.321Z","29.008038","1",NULL
"11735","2018-05-15T18:06:56.163Z","31.063491","5",NULL
"11736","2018-05-15T18:08:42.250Z","31.984249","4",NULL
"11737","2018-05-15T18:06:56.309Z","32.492824","6",NULL
"11738","2018-05-15T18:09:02.284Z","25.890828","2",NULL
"11739","2018-05-15T18:08:42.259Z","31.433002","3",NULL
"11740","2018-05-15T18:09:02.263Z","28.099313","1",NULL
"11741","2018-05-15T18:06:56.307Z","31.063491","5",NULL
"11742","2018-05-15T18:08:42.264Z","31.979002","4",NULL
"11743","2018-05-15T18:08:42.340Z","33.238149","3",NULL
"11744","2018-05-15T18:06:56.588Z","33.021824","5",NULL
"11745","2018-05-15T18:09:02.674Z","27.372781","2",NULL
"11746","2018-05-15T18:06:56.318Z","32.492824","6",NULL
"11747","2018-05-15T18:09:02.269Z","27.937828","1",NULL
"11748","2018-05-15T18:08:42.456Z","31.759171","4",NULL
"11749","2018-05-15T18:06:56.623Z","32.492824","6",NULL
"11750","2018-05-15T18:08:42.655Z","31.602701","4",NULL
"11751","2018-05-15T18:09:02.767Z","27.25631","2",NULL
"11752","2018-05-15T18:09:02.671Z","28.082115","1",NULL
"11753","2018-05-15T18:06:56.647Z","33.063491","5",NULL
"11754","2018-05-15T18:08:42.453Z","33.129838","3",NULL
"11755","2018-05-15T18:06:56.883Z","32.492824","6",NULL
"11756","2018-05-15T18:08:42.860Z","31.350207","4",NULL
"11757","2018-05-15T18:09:02.788Z","27.225632","2",NULL
"11758","2018-05-15T18:09:02.741Z","27.965644","1",NULL
"11759","2018-05-15T18:06:56.862Z","33.063491","5",NULL
"11760","2018-05-15T18:08:42.627Z","32.973368","3",NULL
"11761","2018-05-15T18:06:57.924Z","34.455491","6",NULL
"11762","2018-05-15T18:09:02.843Z","27.079868","2",NULL
"11763","2018-05-15T18:08:43.385Z","30.850965","4",NULL
"11764","2018-05-15T18:09:02.833Z","28.080868","1",NULL
"11765","2018-05-15T18:06:57.914Z","33.063491","5",NULL
"11766","2018-05-15T18:08:42.858Z","32.720874","3",NULL
"11767","2018-05-15T18:06:58.038Z","34.446104","6",NULL
"11768","2018-05-15T18:09:02.895Z","27.072914","2",NULL
"11769","2018-05-15T18:08:44.638Z","29.647196","4",NULL
"11770","2018-05-15T18:09:02.879Z","28.073914","1",NULL
"11771","2018-05-15T18:06:58.052Z","34.433777","6",NULL
"11772","2018-05-15T18:06:58.027Z","33.054104","5",NULL
"11773","2018-05-15T18:08:43.375Z","32.221632","3",NULL
"11774","2018-05-15T18:09:03.006Z","28.950549","2",NULL
"11775","2018-05-15T18:08:44.744Z","31.4858","4",NULL
"11776","2018-05-15T18:09:03.075Z","28.874999","1",NULL
"11777","2018-05-15T18:06:58.332Z","32.800273","5",NULL
"11778","2018-05-15T18:06:58.348Z","34.192273","6",NULL
"11779","2018-05-15T18:08:44.598Z","31.017863","3",NULL
"11780","2018-05-15T18:09:03.114Z","28.794999","2",NULL
"11781","2018-05-15T18:08:44.943Z","31.348391","4",NULL
"11782","2018-05-15T18:09:03.129Z","28.87094","1",NULL
"11783","2018-05-15T18:06:58.767Z","33.905281","6",NULL
"11784","2018-05-15T18:06:58.584Z","32.513281","5",NULL
"11785","2018-05-15T18:09:03.150Z","28.79094","2",NULL
"11786","2018-05-15T18:08:44.939Z","30.923058","3",NULL
"11787","2018-05-15T18:08:45.079Z","31.148334","4",NULL
"11788","2018-05-15T18:09:03.183Z","28.793315","1",NULL
"11789","2018-05-15T18:06:59.061Z","33.426441","6",NULL
"11790","2018-05-15T18:08:45.134Z","31.140206","4",NULL
"11791","2018-05-15T18:08:45.076Z","31.431334","3",NULL
"11792","2018-05-15T18:06:59.056Z","32.034441","5",NULL
"11793","2018-05-15T18:09:03.410Z","28.534344","2",NULL
"11794","2018-05-15T18:09:03.383Z","28.614344","1",NULL
"11795","2018-05-15T18:06:59.452Z","33.170402","6",NULL
"11796","2018-05-15T18:06:59.440Z","31.778402","5",NULL
"11797","2018-05-15T18:08:45.111Z","31.423206","3",NULL
"11798","2018-05-15T18:08:45.315Z","30.87753","4",NULL
"11799","2018-05-15T18:09:03.523Z","28.426867","2",NULL
"11800","2018-05-15T18:09:03.473Z","28.506867","1",NULL
"11801","2018-05-15T18:06:59.906Z","31.304692","5",NULL
"11802","2018-05-15T18:06:59.979Z","32.696692","6",NULL
"11803","2018-05-15T18:08:45.548Z","30.823385","4",NULL
"11804","2018-05-15T18:08:45.273Z","32.320658","3",NULL
"11805","2018-05-15T18:09:03.643Z","28.341063","2",NULL
"11806","2018-05-15T18:09:03.605Z","28.421063","1",NULL
"11807","2018-05-15T18:07:00.524Z","30.593773","5",NULL
"11808","2018-05-15T18:09:03.984Z","28.341063","2",NULL
"11809","2018-05-15T18:08:45.299Z","32.28553","3",NULL
"11810","2018-05-15T18:08:45.708Z","30.573204","4",NULL
"11811","2018-05-15T18:07:00.547Z","31.985773","6",NULL
"11812","2018-05-15T18:09:03.969Z","28.421063","1",NULL
"11813","2018-05-15T18:07:01.060Z","30.112317","5",NULL
"11814","2018-05-15T18:09:05.131Z","30.30373","2",NULL
"11815","2018-05-15T18:08:45.532Z","32.231385","3",NULL
"11816","2018-05-15T18:08:45.758Z","30.484129","4",NULL
"11817","2018-05-15T18:07:00.974Z","33.475071","6",NULL
"11818","2018-05-15T18:09:05.404Z","28.421063","1",NULL
"11819","2018-05-15T18:08:46.578Z","30.484129","4",NULL
"11820","2018-05-15T18:07:01.068Z","33.466984","6",NULL
"11821","2018-05-15T18:08:45.694Z","31.981204","3",NULL
"11822","2018-05-15T18:09:05.442Z","30.30373","2",NULL
"11823","2018-05-15T18:07:01.076Z","30.074981","5",NULL
"11824","2018-05-15T18:09:05.491Z","28.421063","1",NULL
"11825","2018-05-15T18:08:45.750Z","31.892129","3",NULL
"11826","2018-05-15T18:07:01.083Z","33.429648","6",NULL
"11827","2018-05-15T18:07:01.160Z","30.568029","5",NULL
"11828","2018-05-15T18:09:05.508Z","32.266396","2",NULL
"11829","2018-05-15T18:08:46.867Z","32.446796","4",NULL
"11830","2018-05-15T18:09:05.971Z","28.315128","1",NULL
"11831","2018-05-15T18:07:01.178Z","31.919054","5",NULL
"11832","2018-05-15T18:07:01.162Z","33.297696","6",NULL
"11833","2018-05-15T18:08:46.563Z","31.892129","3",NULL
"11834","2018-05-15T18:09:05.566Z","32.266396","2",NULL
"11835","2018-05-15T18:08:47.089Z","32.446796","4",NULL
"11836","2018-05-15T18:09:06.228Z","28.057139","1",NULL
"11837","2018-05-15T18:07:01.275Z","31.82215","5",NULL
"11838","2018-05-15T18:08:47.393Z","32.446796","4",NULL
"11839","2018-05-15T18:08:47.031Z","31.892129","3",NULL
"11840","2018-05-15T18:09:05.973Z","32.160461","2",NULL
"11841","2018-05-15T18:07:01.277Z","33.176817","6",NULL
"11842","2018-05-15T18:09:06.491Z","27.790196","1",NULL
"11843","2018-05-15T18:07:01.407Z","31.686477","5",NULL
"11844","2018-05-15T18:08:47.422Z","34.409462","4",NULL
"11845","2018-05-15T18:09:06.247Z","31.902472","2",NULL
"11846","2018-05-15T18:07:01.410Z","33.041144","6",NULL
"11847","2018-05-15T18:08:47.325Z","32.850462","3",NULL
"11848","2018-05-15T18:07:01.533Z","31.571902","5",NULL
"11849","2018-05-15T18:09:07.810Z","26.55301","1",NULL
"11850","2018-05-15T18:08:47.447Z","34.409462","4",NULL
"11851","2018-05-15T18:07:01.546Z","32.926569","6",NULL
"11852","2018-05-15T18:09:06.494Z","31.635529","2",NULL
"11853","2018-05-15T18:08:47.438Z","33.517129","3",NULL
"11854","2018-05-15T18:08:47.770Z","34.409462","4",NULL
"11855","2018-05-15T18:09:08.423Z","25.988051","1",NULL
"11856","2018-05-15T18:07:02.035Z","31.065805","5",NULL
"11857","2018-05-15T18:07:02.036Z","32.420472","6",NULL
"11858","2018-05-15T18:09:07.815Z","30.398343","2",NULL
"11859","2018-05-15T18:08:47.601Z","33.892129","3",NULL
"11860","2018-05-15T18:09:08.427Z","25.891984","1",NULL
"11861","2018-05-15T18:07:03.393Z","30.44272","5",NULL
"11862","2018-05-15T18:08:49.108Z","34.390866","4",NULL
"11863","2018-05-15T18:09:08.425Z","31.796051","2",NULL
"11864","2018-05-15T18:07:03.402Z","31.797387","6",NULL
"11865","2018-05-15T18:08:47.750Z","33.892129","3",NULL
"11866","2018-05-15T18:08:49.411Z","34.227143","4",NULL
"11867","2018-05-15T18:07:03.463Z","32.44272","5",NULL
"11868","2018-05-15T18:09:08.625Z","25.799151","1",NULL
"11869","2018-05-15T18:09:08.435Z","31.699984","2",NULL
"11870","2018-05-15T18:07:03.459Z","33.760053","6",NULL
"11871","2018-05-15T18:08:49.106Z","33.873533","3",NULL
"11872","2018-05-15T18:08:49.696Z","33.938236","4",NULL
"11873","2018-05-15T18:09:08.763Z","26.203112","1",NULL
"11874","2018-05-15T18:07:03.507Z","32.44272","5",NULL
"11875","2018-05-15T18:07:03.515Z","33.760053","6",NULL
"11876","2018-05-15T18:09:08.447Z","31.681099","2",NULL
"11877","2018-05-15T18:08:49.362Z","33.70981","3",NULL
"11878","2018-05-15T18:09:08.904Z","26.684057","1",NULL
"11879","2018-05-15T18:08:50.111Z","33.522535","4",NULL
"11880","2018-05-15T18:07:05.942Z","31.733773","5",NULL
"11881","2018-05-15T18:08:49.645Z","33.420903","3",NULL
"11882","2018-05-15T18:09:08.629Z","31.607151","2",NULL
"11883","2018-05-15T18:07:05.967Z","33.051106","6",NULL
"11884","2018-05-15T18:08:50.448Z","33.264983","4",NULL
"11885","2018-05-15T18:07:06.365Z","31.239009","5",NULL
"11886","2018-05-15T18:09:09.259Z","27.13568","1",NULL
"11887","2018-05-15T18:07:06.375Z","32.556342","6",NULL
"11888","2018-05-15T18:08:50.109Z","33.005202","3",NULL
"11889","2018-05-15T18:09:08.770Z","31.386112","2",NULL
"11890","2018-05-15T18:07:06.428Z","31.44243","5",NULL
"11891","2018-05-15T18:08:50.881Z","32.786585","4",NULL
"11892","2018-05-15T18:09:09.323Z","27.023698","1",NULL
"11893","2018-05-15T18:08:50.403Z","32.74765","3",NULL
"11894","2018-05-15T18:07:06.444Z","32.42643","6",NULL
"11895","2018-05-15T18:09:08.951Z","31.283724","2",NULL
"11896","2018-05-15T18:08:51.589Z","32.105584","4",NULL
"11897","2018-05-15T18:07:06.634Z","32.557943","5",NULL
"11898","2018-05-15T18:09:09.528Z","27.219504","1",NULL
"11899","2018-05-15T18:07:06.642Z","32.291943","6",NULL
"11900","2018-05-15T18:09:09.266Z","30.94368","2",NULL
"11901","2018-05-15T18:08:50.856Z","32.269252","3",NULL
"11902","2018-05-15T18:08:51.895Z","31.802524","4",NULL
"11903","2018-05-15T18:09:09.533Z","27.189333","1",NULL
"11904","2018-05-15T18:07:06.951Z","32.662087","5",NULL
"11905","2018-05-15T18:09:09.531Z","30.610837","2",NULL
"11906","2018-05-15T18:07:07.001Z","31.97942","6",NULL
"11907","2018-05-15T18:08:51.578Z","31.588251","3",NULL
"11908","2018-05-15T18:08:52.039Z","31.665269","4",NULL
"11909","2018-05-15T18:07:07.051Z","32.617127","5",NULL
"11910","2018-05-15T18:09:09.580Z","28.701078","1",NULL
"11911","2018-05-15T18:09:09.538Z","30.580666","2",NULL
"11912","2018-05-15T18:08:51.858Z","33.285191","3",NULL
"11913","2018-05-15T18:07:07.114Z","31.93446","6",NULL
"11914","2018-05-15T18:09:09.666Z","28.614986","1",NULL
"11915","2018-05-15T18:08:51.983Z","33.170644","3",NULL
"11916","2018-05-15T18:07:07.236Z","32.300893","5",NULL
"11917","2018-05-15T18:08:52.360Z","31.307872","4",NULL
"11918","2018-05-15T18:09:09.668Z","30.422986","2",NULL
"11919","2018-05-15T18:07:07.278Z","31.599306","6",NULL
"11920","2018-05-15T18:08:52.010Z","33.147936","3",NULL
"11921","2018-05-15T18:07:07.255Z","32.281973","5",NULL
"11922","2018-05-15T18:09:09.743Z","28.556075","1",NULL
"11923","2018-05-15T18:08:52.667Z","31.05988","4",NULL
"11924","2018-05-15T18:09:09.755Z","30.364075","2",NULL
"11925","2018-05-15T18:07:07.883Z","30.973434","6",NULL
"11926","2018-05-15T18:07:07.874Z","31.656101","5",NULL
"11927","2018-05-15T18:08:53.110Z","30.557359","4",NULL
"11928","2018-05-15T18:08:52.358Z","32.790539","3",NULL
"11929","2018-05-15T18:09:10.157Z","28.135387","1",NULL
"11930","2018-05-15T18:09:10.196Z","29.943387","2",NULL
"11931","2018-05-15T18:07:08.494Z","30.569109","6",NULL
"11932","2018-05-15T18:08:53.424Z","30.299788","4",NULL
"11933","2018-05-15T18:07:08.323Z","31.251776","5",NULL
"11934","2018-05-15T18:08:52.624Z","32.542547","3",NULL
"11935","2018-05-15T18:09:10.490Z","28.135387","1",NULL
"11936","2018-05-15T18:09:10.491Z","29.943387","2",NULL
"11937","2018-05-15T18:07:08.959Z","30.055735","6",NULL
"11938","2018-05-15T18:08:53.108Z","32.040026","3",NULL
"11939","2018-05-15T18:09:12.320Z","29.854715","2",NULL
"11940","2018-05-15T18:08:54.154Z","29.535572","4",NULL
"11941","2018-05-15T18:09:12.298Z","28.046715","1",NULL
"11942","2018-05-15T18:07:08.813Z","30.738402","5",NULL
"11943","2018-05-15T18:07:09.095Z","31.719074","6",NULL
"11944","2018-05-15T18:08:54.213Z","31.416137","4",NULL
"11945","2018-05-15T18:08:53.372Z","31.782455","3",NULL
"11946","2018-05-15T18:09:13.525Z","27.253825","1",NULL
"11947","2018-05-15T18:09:13.546Z","29.020158","2",NULL
"11948","2018-05-15T18:07:09.409Z","30.324784","5",NULL
"11949","2018-05-15T18:07:09.449Z","31.604784","6",NULL
"11950","2018-05-15T18:09:13.559Z","27.188677","1",NULL
"11951","2018-05-15T18:08:54.589Z","33.012197","4",NULL
"11952","2018-05-15T18:09:13.699Z","28.95501","2",NULL
"11953","2018-05-15T18:07:09.731Z","30.216688","5",NULL
"11954","2018-05-15T18:08:54.151Z","31.018239","3",NULL
"11955","2018-05-15T18:07:09.765Z","31.496688","6",NULL
"11956","2018-05-15T18:09:13.990Z","28.340113","2",NULL
"11957","2018-05-15T18:07:09.768Z","30.216688","5",NULL
"11958","2018-05-15T18:08:54.238Z","32.921368","3",NULL
"11959","2018-05-15T18:09:13.964Z","27.115446","1",NULL
"11960","2018-05-15T18:08:54.671Z","33.010956","4",NULL
"11961","2018-05-15T18:07:09.841Z","31.496688","6",NULL
"11962","2018-05-15T18:08:54.573Z","32.56953","3",NULL
"11963","2018-05-15T18:07:09.946Z","30.633355","5",NULL
"11964","2018-05-15T18:08:54.724Z","32.842109","4",NULL
"11965","2018-05-15T18:09:14.059Z","27.114242","1",NULL
"11966","2018-05-15T18:09:14.067Z","28.338909","2",NULL
"11967","2018-05-15T18:07:09.968Z","31.496688","6",NULL
"11968","2018-05-15T18:08:54.628Z","32.568289","3",NULL
"11969","2018-05-15T18:07:10.071Z","30.966688","5",NULL
"11970","2018-05-15T18:08:54.843Z","32.825999","4",NULL
"11971","2018-05-15T18:09:14.220Z","28.02737","2",NULL
"11972","2018-05-15T18:09:14.216Z","27.09437","1",NULL
"11973","2018-05-15T18:07:10.094Z","31.496688","6",NULL
"11974","2018-05-15T18:08:54.790Z","32.383332","3",NULL
"11975","2018-05-15T18:08:54.982Z","32.680788","4",NULL
"11976","2018-05-15T18:09:14.490Z","27.214715","1",NULL
"11977","2018-05-15T18:07:10.754Z","31.550021","5",NULL
"11978","2018-05-15T18:09:14.495Z","27.814382","2",NULL
"11979","2018-05-15T18:07:10.764Z","31.496688","6",NULL
"11980","2018-05-15T18:09:14.717Z","27.484532","1",NULL
"11981","2018-05-15T18:08:55.395Z","32.194344","4",NULL
"11982","2018-05-15T18:07:11.086Z","32.216688","5",NULL
"11983","2018-05-15T18:08:54.916Z","32.238121","3",NULL
"11984","2018-05-15T18:09:14.719Z","27.500865","2",NULL
"11985","2018-05-15T18:07:11.130Z","31.496688","6",NULL
"11986","2018-05-15T18:09:14.726Z","27.478639","1",NULL
"11987","2018-05-15T18:08:55.932Z","31.700866","4",NULL
"11988","2018-05-15T18:08:55.384Z","31.751677","3",NULL
"11989","2018-05-15T18:09:14.730Z","27.494972","2",NULL
"11990","2018-05-15T18:07:11.330Z","32.216688","5",NULL
"11991","2018-05-15T18:09:14.749Z","27.65156","1",NULL
"11992","2018-05-15T18:07:11.644Z","31.496688","6",NULL
"11993","2018-05-15T18:08:55.872Z","31.258199","3",NULL
"11994","2018-05-15T18:09:14.751Z","27.45956","2",NULL
"11995","2018-05-15T18:08:57.217Z","31.17482","4",NULL
"11996","2018-05-15T18:07:11.616Z","33.758355","5",NULL
"11997","2018-05-15T18:07:11.913Z","31.496688","6",NULL
"11998","2018-05-15T18:09:14.777Z","27.649494","1",NULL
"11999","2018-05-15T18:07:11.791Z","34.216688","5",NULL
"12000","2018-05-15T18:08:57.472Z","33.137486","4",NULL
"12001","2018-05-15T18:09:14.838Z","27.391378","2",NULL
"12002","2018-05-15T18:08:57.195Z","30.732153","3",NULL
"12003","2018-05-15T18:07:13.120Z","33.459355","6",NULL
"12004","2018-05-15T18:09:14.830Z","27.583378","1",NULL
"12005","2018-05-15T18:09:15.000Z","27.262566","2",NULL
"12006","2018-05-15T18:07:11.907Z","34.216688","5",NULL
"12007","2018-05-15T18:08:57.695Z","33.137486","4",NULL
"12008","2018-05-15T18:08:57.689Z","31.64882","3",NULL
"12009","2018-05-15T18:09:14.911Z","29.48566","1",NULL
"12010","2018-05-15T18:07:13.154Z","33.459355","6",NULL
"12011","2018-05-15T18:09:15.171Z","27.118114","2",NULL
"12012","2018-05-15T18:07:13.118Z","34.216688","5",NULL
"12013","2018-05-15T18:08:57.708Z","32.732153","3",NULL
"12014","2018-05-15T18:08:57.856Z","33.137486","4",NULL
"12015","2018-05-15T18:09:14.988Z","29.579566","1",NULL
"12016","2018-05-15T18:07:13.334Z","33.451131","6",NULL
"12017","2018-05-15T18:08:57.851Z","32.732153","3",NULL
"12018","2018-05-15T18:09:02.884Z","33.126438","4",NULL
"12019","2018-05-15T18:09:15.316Z","26.890517","2",NULL
"12020","2018-05-15T18:07:13.301Z","34.208464","5",NULL
"12021","2018-05-15T18:09:15.135Z","30.351781","1",NULL
"12022","2018-05-15T18:07:13.525Z","33.233385","6",NULL
"12023","2018-05-15T18:09:15.491Z","26.736911","2",NULL
"12024","2018-05-15T18:07:13.519Z","33.990718","5",NULL
"12025","2018-05-15T18:09:03.133Z","32.903175","4",NULL
"12026","2018-05-15T18:09:02.872Z","32.721105","3",NULL
"12027","2018-05-15T18:09:15.312Z","31.082517","1",NULL
"12028","2018-05-15T18:07:13.858Z","32.980786","6",NULL
"12029","2018-05-15T18:09:16.033Z","26.47243","2",NULL
"12030","2018-05-15T18:07:13.799Z","33.738119","5",NULL
"12031","2018-05-15T18:09:03.486Z","32.585696","4",NULL
"12032","2018-05-15T18:09:03.131Z","32.497842","3",NULL
"12033","2018-05-15T18:07:14.111Z","32.712165","6",NULL
"12034","2018-05-15T18:09:15.327Z","31.08127","1",NULL
"12035","2018-05-15T18:09:16.290Z","26.079373","2",NULL
"12036","2018-05-15T18:07:14.060Z","33.469498","5",NULL
"12037","2018-05-15T18:09:03.463Z","32.180363","3",NULL
"12038","2018-05-15T18:09:04.094Z","32.022602","4",NULL
"12039","2018-05-15T18:09:15.471Z","30.928911","1",NULL
"12040","2018-05-15T18:07:14.527Z","32.230745","6",NULL
"12041","2018-05-15T18:09:16.763Z","25.534264","2",NULL
"12042","2018-05-15T18:09:04.423Z","31.750975","4",NULL
"12043","2018-05-15T18:07:14.520Z","32.988078","5",NULL
"12044","2018-05-15T18:09:04.069Z","31.617269","3",NULL
"12045","2018-05-15T18:09:15.976Z","30.66443","1",NULL
"12046","2018-05-15T18:07:14.793Z","31.965505","6",NULL
"12047","2018-05-15T18:09:17.304Z","25.463615","2",NULL
"12048","2018-05-15T18:09:04.439Z","31.663867","4",NULL
"12049","2018-05-15T18:07:14.792Z","32.722838","5",NULL
"12050","2018-05-15T18:09:04.420Z","32.220642","3",NULL
"12051","2018-05-15T18:07:15.369Z","31.384486","6",NULL
"12052","2018-05-15T18:09:16.240Z","30.271373","1",NULL
"12053","2018-05-15T18:09:17.414Z","25.463615","2",NULL
"12054","2018-05-15T18:09:04.643Z","31.434691","4",NULL
"12055","2018-05-15T18:07:15.366Z","32.141819","5",NULL
"12056","2018-05-15T18:09:04.431Z","32.133534","3",NULL
"12057","2018-05-15T18:09:16.760Z","29.726264","1",NULL
"12058","2018-05-15T18:07:15.434Z","33.296965","6",NULL
"12059","2018-05-15T18:07:15.412Z","32.091632","5",NULL
"12060","2018-05-15T18:09:19.580Z","25.199211","2",NULL
"12061","2018-05-15T18:09:04.781Z","31.272046","4",NULL
"12062","2018-05-15T18:09:04.559Z","33.043824","3",NULL
"12063","2018-05-15T18:07:15.496Z","33.295578","6",NULL
"12064","2018-05-15T18:09:17.262Z","29.655615","1",NULL
"12065","2018-05-15T18:07:15.769Z","31.742371","5",NULL
"12066","2018-05-15T18:09:04.610Z","33.029358","3",NULL
"12067","2018-05-15T18:09:20.790Z","24.690642","2",NULL
"12068","2018-05-15T18:09:05.152Z","30.890728","4",NULL
"12069","2018-05-15T18:07:15.772Z","32.947704","6",NULL
"12070","2018-05-15T18:09:17.410Z","29.655615","1",NULL
"12071","2018-05-15T18:07:16.019Z","31.487418","5",NULL
"12072","2018-05-15T18:09:05.615Z","30.393638","4",NULL
"12073","2018-05-15T18:09:20.930Z","24.544546","2",NULL
"12074","2018-05-15T18:09:04.779Z","32.866713","3",NULL
"12075","2018-05-15T18:07:16.021Z","32.692751","6",NULL
"12076","2018-05-15T18:09:19.559Z","29.391211","1",NULL
"12077","2018-05-15T18:07:16.281Z","31.234112","5",NULL
"12078","2018-05-15T18:09:05.112Z","32.485395","3",NULL
"12079","2018-05-15T18:09:21.280Z","23.621579","2",NULL
"12080","2018-05-15T18:09:06.144Z","29.874872","4",NULL
"12081","2018-05-15T18:07:16.291Z","32.439445","6",NULL
"12082","2018-05-15T18:09:20.655Z","29.007642","1",NULL
"12083","2018-05-15T18:09:05.613Z","31.988305","3",NULL
"12084","2018-05-15T18:09:06.792Z","31.29772","4",NULL
"12085","2018-05-15T18:09:21.339Z","23.583744","2",NULL
"12086","2018-05-15T18:07:16.774Z","30.738217","5",NULL
"12087","2018-05-15T18:07:16.776Z","31.94355","6",NULL
"12088","2018-05-15T18:09:20.839Z","28.861546","1",NULL
"12089","2018-05-15T18:09:06.127Z","31.469539","3",NULL
"12090","2018-05-15T18:09:06.891Z","31.296633","4",NULL
"12091","2018-05-15T18:09:21.927Z","24.952254","2",NULL
"12092","2018-05-15T18:07:17.047Z","31.687019","6",NULL
"12093","2018-05-15T18:07:17.045Z","30.481686","5",NULL
"12094","2018-05-15T18:09:21.252Z","28.605246","1",NULL
"12095","2018-05-15T18:09:21.319Z","28.567411","1",NULL
"12096","2018-05-15T18:09:06.934Z","31.172455","4",NULL
"12097","2018-05-15T18:07:17.761Z","30.940951","6",NULL
"12098","2018-05-15T18:09:22.343Z","24.883146","2",NULL
"12099","2018-05-15T18:09:06.789Z","30.92972","3",NULL
"12100","2018-05-15T18:07:17.759Z","29.735618","5",NULL
"12101","2018-05-15T18:09:21.855Z","28.26492","1",NULL
"12102","2018-05-15T18:09:07.436Z","30.874996","4",NULL
"12103","2018-05-15T18:09:06.849Z","30.928633","3",NULL
"12104","2018-05-15T18:09:22.379Z","24.857655","2",NULL
"12105","2018-05-15T18:07:18.340Z","32.352863","6",NULL
"12106","2018-05-15T18:07:18.316Z","29.184863","5",NULL
"12107","2018-05-15T18:09:21.995Z","28.195812","1",NULL
"12108","2018-05-15T18:09:22.552Z","26.114618","2",NULL
"12109","2018-05-15T18:07:18.342Z","32.345999","6",NULL
"12110","2018-05-15T18:09:07.370Z","30.756996","3",NULL
"12111","2018-05-15T18:07:18.397Z","29.099592","5",NULL
"12112","2018-05-15T18:09:07.535Z","30.838155","4",NULL
"12113","2018-05-15T18:09:23.149Z","27.280879","1",NULL
"12114","2018-05-15T18:09:23.154Z","25.639212","2",NULL
"12115","2018-05-15T18:07:18.430Z","31.064249","5",NULL
"12116","2018-05-15T18:09:07.513Z","30.720155","3",NULL
"12117","2018-05-15T18:07:18.405Z","32.267592","6",NULL
"12118","2018-05-15T18:09:07.975Z","31.948659","4",NULL
"12119","2018-05-15T18:09:23.202Z","25.613001","2",NULL
"12120","2018-05-15T18:09:23.156Z","27.254668","1",NULL
"12121","2018-05-15T18:07:18.497Z","32.189928","6",NULL
"12122","2018-05-15T18:09:08.051Z","30.568354","3",NULL
"12123","2018-05-15T18:09:08.060Z","31.940688","4",NULL
"12124","2018-05-15T18:07:18.479Z","31.021928","5",NULL
"12125","2018-05-15T18:09:23.570Z","25.290487","2",NULL
"12126","2018-05-15T18:09:23.554Z","27.557154","1",NULL
"12127","2018-05-15T18:07:18.569Z","31.021928","5",NULL
"12128","2018-05-15T18:09:08.068Z","30.567296","3",NULL
"12129","2018-05-15T18:09:08.075Z","31.93963","4",NULL
"12130","2018-05-15T18:07:18.570Z","32.189928","6",NULL
"12131","2018-05-15T18:09:23.602Z","25.260737","2",NULL
"12132","2018-05-15T18:09:23.600Z","27.527404","1",NULL
"12133","2018-05-15T18:07:18.789Z","31.021928","5",NULL
"12134","2018-05-15T18:09:08.080Z","31.248746","3",NULL
"12135","2018-05-15T18:09:08.083Z","31.912746","4",NULL
"12136","2018-05-15T18:07:18.790Z","32.189928","6",NULL
"12137","2018-05-15T18:09:23.628Z","27.375468","1",NULL
"12138","2018-05-15T18:09:23.846Z","24.98281","2",NULL
"12139","2018-05-15T18:09:08.151Z","31.205993","3",NULL
"12140","2018-05-15T18:09:08.153Z","31.869993","4",NULL
"12141","2018-05-15T18:07:20.787Z","32.093548","6",NULL
"12142","2018-05-15T18:07:20.785Z","30.925548","5",NULL
"12143","2018-05-15T18:09:23.858Z","24.98281","2",NULL
"12144","2018-05-15T18:09:23.844Z","27.249477","1",NULL
"12145","2018-05-15T18:09:08.264Z","31.440392","3",NULL
"12146","2018-05-15T18:07:20.822Z","34.056215","6",NULL
"12147","2018-05-15T18:09:08.296Z","31.771059","4",NULL
"12148","2018-05-15T18:07:20.882Z","32.909225","5",NULL
"12149","2018-05-15T18:09:23.856Z","27.249477","1",NULL
"12150","2018-05-15T18:09:08.315Z","31.440392","3",NULL
"12151","2018-05-15T18:09:24.076Z","26.945477","2",NULL
"12152","2018-05-15T18:09:08.351Z","31.771059","4",NULL
"12153","2018-05-15T18:07:21.022Z","33.914447","6",NULL
"12154","2018-05-15T18:07:21.019Z","32.78378","5",NULL
"12155","2018-05-15T18:09:24.031Z","27.249477","1",NULL
"12156","2018-05-15T18:09:24.086Z","26.945477","2",NULL
"12157","2018-05-15T18:09:08.347Z","31.440392","3",NULL
"12158","2018-05-15T18:07:21.056Z","33.892664","6",NULL
"12159","2018-05-15T18:09:09.212Z","31.771059","4",NULL
"12160","2018-05-15T18:07:21.054Z","32.761997","5",NULL
"12161","2018-05-15T18:09:24.213Z","28.041144","1",NULL
"12162","2018-05-15T18:09:09.148Z","31.440392","3",NULL
"12163","2018-05-15T18:09:24.290Z","26.945477","2",NULL
"12164","2018-05-15T18:09:09.623Z","33.733725","4",NULL
"12165","2018-05-15T18:07:21.530Z","32.262867","5",NULL
"12166","2018-05-15T18:07:21.532Z","33.393534","6",NULL
"12167","2018-05-15T18:09:24.429Z","29.249477","1",NULL
"12168","2018-05-15T18:09:09.760Z","31.440392","3",NULL
"12169","2018-05-15T18:09:24.446Z","26.945477","2",NULL
"12170","2018-05-15T18:07:22.040Z","31.767053","5",NULL
"12171","2018-05-15T18:07:22.047Z","32.89772","6",NULL
"12172","2018-05-15T18:09:09.787Z","33.733725","4",NULL
"12173","2018-05-15T18:09:24.453Z","29.249477","1",NULL
"12174","2018-05-15T18:09:24.854Z","26.945477","2",NULL
"12175","2018-05-15T18:09:09.843Z","31.732059","3",NULL
"12176","2018-05-15T18:07:22.284Z","31.516969","5",NULL
"12177","2018-05-15T18:09:09.867Z","33.733725","4",NULL
"12178","2018-05-15T18:07:22.286Z","32.647636","6",NULL
"12179","2018-05-15T18:09:25.115Z","26.945477","2",NULL
"12180","2018-05-15T18:09:09.945Z","33.440392","3",NULL
"12181","2018-05-15T18:09:24.831Z","30.70781","1",NULL
"12182","2018-05-15T18:07:23.146Z","31.94092","6",NULL
"12183","2018-05-15T18:09:10.101Z","33.733725","4",NULL
"12184","2018-05-15T18:07:23.098Z","30.810253","5",NULL
"12185","2018-05-15T18:09:10.099Z","33.440392","3",NULL
"12186","2018-05-15T18:09:26.222Z","26.818274","2",NULL
"12187","2018-05-15T18:09:24.987Z","31.249477","1",NULL
"12188","2018-05-15T18:07:23.736Z","30.383439","5",NULL
"12189","2018-05-15T18:09:10.357Z","33.578315","4",NULL
"12190","2018-05-15T18:07:23.759Z","31.514106","6",NULL
"12191","2018-05-15T18:09:26.627Z","26.536407","2",NULL
"12192","2018-05-15T18:07:23.882Z","29.9641","5",NULL
"12193","2018-05-15T18:09:25.113Z","31.249477","1",NULL
"12194","2018-05-15T18:09:10.355Z","33.284982","3",NULL
"12195","2018-05-15T18:09:10.623Z","33.325566","4",NULL
"12196","2018-05-15T18:07:23.914Z","31.094767","6",NULL
"12197","2018-05-15T18:09:11.108Z","33.071227","4",NULL
"12198","2018-05-15T18:07:23.936Z","30.066319","5",NULL
"12199","2018-05-15T18:09:27.325Z","25.719934","2",NULL
"12200","2018-05-15T18:09:10.607Z","33.032233","3",NULL
"12201","2018-05-15T18:09:26.220Z","31.122274","1",NULL
"12202","2018-05-15T18:07:24.000Z","30.988653","6",NULL
"12203","2018-05-15T18:07:24.130Z","30.497359","5",NULL
"12204","2018-05-15T18:09:26.613Z","30.840407","1",NULL
"12205","2018-05-15T18:09:11.456Z","32.52092","4",NULL
"12206","2018-05-15T18:09:11.098Z","32.777894","3",NULL
"12207","2018-05-15T18:09:27.750Z","27.324942","2",NULL
"12208","2018-05-15T18:07:24.132Z","30.836359","6",NULL
"12209","2018-05-15T18:07:24.195Z","31.447177","5",NULL
"12210","2018-05-15T18:09:11.471Z","32.476582","4",NULL
"12211","2018-05-15T18:09:27.761Z","27.315344","2",NULL
"12212","2018-05-15T18:09:11.446Z","32.227587","3",NULL
"12213","2018-05-15T18:09:27.318Z","30.023934","1",NULL
"12214","2018-05-15T18:07:24.198Z","30.744511","6",NULL
"12215","2018-05-15T18:09:11.878Z","32.094756","4",NULL
"12216","2018-05-15T18:09:27.698Z","30.166275","1",NULL
"12217","2018-05-15T18:07:24.200Z","31.59955","5",NULL
"12218","2018-05-15T18:09:11.469Z","32.183249","3",NULL
"12219","2018-05-15T18:09:27.766Z","27.296548","2",NULL
"12220","2018-05-15T18:07:24.507Z","30.421089","6",NULL
"12221","2018-05-15T18:07:24.505Z","31.290422","5",NULL
"12222","2018-05-15T18:09:28.360Z","28.650973","2",NULL
"12223","2018-05-15T18:09:12.121Z","31.839063","4",NULL
"12224","2018-05-15T18:09:11.854Z","31.801423","3",NULL
"12225","2018-05-15T18:09:27.755Z","30.156677","1",NULL
"12226","2018-05-15T18:07:24.551Z","30.406522","6",NULL
"12227","2018-05-15T18:07:24.523Z","31.275855","5",NULL
"12228","2018-05-15T18:09:28.419Z","28.629159","2",NULL
"12229","2018-05-15T18:09:28.354Z","30.15464","1",NULL
"12230","2018-05-15T18:09:12.619Z","31.34134","4",NULL
"12231","2018-05-15T18:09:12.118Z","31.54573","3",NULL
"12232","2018-05-15T18:07:24.776Z","30.156354","6",NULL
"12233","2018-05-15T18:09:13.173Z","30.846608","4",NULL
"12234","2018-05-15T18:07:24.774Z","31.025687","5",NULL
"12235","2018-05-15T18:09:28.416Z","30.132826","1",NULL
"12236","2018-05-15T18:09:28.489Z","28.603937","2",NULL
"12237","2018-05-15T18:09:12.617Z","31.048007","3",NULL
"12238","2018-05-15T18:07:25.252Z","29.757514","6",NULL
"12239","2018-05-15T18:09:14.020Z","29.93459","4",NULL
"12240","2018-05-15T18:09:13.127Z","30.553275","3",NULL
"12241","2018-05-15T18:07:25.249Z","30.626847","5",NULL
"12242","2018-05-15T18:09:28.732Z","28.322811","2",NULL
"12243","2018-05-15T18:09:28.674Z","30.701478","1",NULL
"12244","2018-05-15T18:07:25.636Z","31.72018","6",NULL
"12245","2018-05-15T18:09:14.064Z","31.845746","4",NULL
"12246","2018-05-15T18:07:25.661Z","30.626847","5",NULL
"12247","2018-05-15T18:09:28.777Z","28.306869","2",NULL
"12248","2018-05-15T18:09:28.744Z","30.685536","1",NULL
"12249","2018-05-15T18:09:14.017Z","29.641257","3",NULL
"12250","2018-05-15T18:07:25.662Z","31.72018","6",NULL
"12251","2018-05-15T18:09:14.383Z","31.606882","4",NULL
"12252","2018-05-15T18:09:28.982Z","28.022699","2",NULL
"12253","2018-05-15T18:09:14.273Z","31.403514","3",NULL
"12254","2018-05-15T18:07:25.707Z","32.626847","5",NULL
"12255","2018-05-15T18:09:28.792Z","30.657855","1",NULL
"12256","2018-05-15T18:07:26.090Z","31.72018","6",NULL
"12257","2018-05-15T18:09:28.993Z","28.00207","2",NULL
"12258","2018-05-15T18:09:14.319Z","31.350882","3",NULL
"12259","2018-05-15T18:07:26.033Z","32.626847","5",NULL
"12260","2018-05-15T18:09:28.957Z","30.526366","1",NULL
"12261","2018-05-15T18:09:14.790Z","31.251826","4",NULL
"12262","2018-05-15T18:07:26.240Z","33.682847","6",NULL
"12263","2018-05-15T18:09:14.788Z","30.995826","3",NULL
"12264","2018-05-15T18:09:28.985Z","30.505737","1",NULL
"12265","2018-05-15T18:07:26.357Z","32.626847","5",NULL
"12266","2018-05-15T18:09:15.061Z","31.235772","4",NULL
"12267","2018-05-15T18:09:29.329Z","27.730015","2",NULL
"12268","2018-05-15T18:07:26.372Z","33.682847","6",NULL
"12269","2018-05-15T18:09:15.427Z","31.235772","4",NULL
"12270","2018-05-15T18:09:29.021Z","32.312893","1",NULL
"12271","2018-05-15T18:07:27.312Z","32.482538","5",NULL
"12272","2018-05-15T18:09:29.909Z","27.090617","2",NULL
"12273","2018-05-15T18:09:15.038Z","30.979772","3",NULL
"12274","2018-05-15T18:07:27.336Z","33.538538","6",NULL
"12275","2018-05-15T18:09:29.326Z","32.108682","1",NULL
"12276","2018-05-15T18:07:27.870Z","31.928724","5",NULL
"12277","2018-05-15T18:09:30.158Z","26.910842","2",NULL
"12278","2018-05-15T18:09:15.407Z","32.979772","3",NULL
"12279","2018-05-15T18:09:15.942Z","31.178425","4",NULL
"12280","2018-05-15T18:07:27.925Z","32.984724","6",NULL
"12281","2018-05-15T18:07:28.856Z","31.167604","5",NULL
"12282","2018-05-15T18:09:16.453Z","30.589586","4",NULL
"12283","2018-05-15T18:09:29.859Z","31.469284","1",NULL
"12284","2018-05-15T18:09:15.457Z","32.979772","3",NULL
"12285","2018-05-15T18:09:30.408Z","26.613386","2",NULL
"12286","2018-05-15T18:07:29.274Z","30.861146","5",NULL
"12287","2018-05-15T18:07:28.953Z","32.223604","6",NULL
"12288","2018-05-15T18:09:15.871Z","32.922425","3",NULL
"12289","2018-05-15T18:09:30.545Z","26.575119","2",NULL
"12290","2018-05-15T18:09:16.906Z","30.262748","4",NULL
"12291","2018-05-15T18:09:30.139Z","31.289509","1",NULL
"12292","2018-05-15T18:07:29.340Z","31.708813","6",NULL
"12293","2018-05-15T18:07:29.389Z","30.736761","5",NULL
"12294","2018-05-15T18:09:17.164Z","32.020739","4",NULL
"12295","2018-05-15T18:09:16.449Z","32.333586","3",NULL
"12296","2018-05-15T18:09:30.401Z","30.992053","1",NULL
"12297","2018-05-15T18:09:30.719Z","26.575119","2",NULL
"12298","2018-05-15T18:07:29.545Z","31.091719","5",NULL
"12299","2018-05-15T18:07:29.413Z","31.584428","6",NULL
"12300","2018-05-15T18:09:16.816Z","32.006748","3",NULL
"12301","2018-05-15T18:09:31.234Z","28.537786","2",NULL
"12302","2018-05-15T18:09:17.268Z","32.0193","4",NULL
"12303","2018-05-15T18:09:30.543Z","30.953786","1",NULL
"12304","2018-05-15T18:09:17.111Z","31.802072","3",NULL
"12305","2018-05-15T18:07:29.858Z","31.03605","5",NULL
"12306","2018-05-15T18:07:29.633Z","31.314386","6",NULL
"12307","2018-05-15T18:09:31.444Z","28.537786","2",NULL
"12308","2018-05-15T18:09:30.681Z","30.953786","1",NULL
"12309","2018-05-15T18:09:17.272Z","31.910925","4",NULL
"12310","2018-05-15T18:09:17.238Z","31.800633","3",NULL
"12311","2018-05-15T18:07:29.891Z","31.050383","6",NULL
"12312","2018-05-15T18:07:29.926Z","31.034785","5",NULL
"12313","2018-05-15T18:09:31.443Z","30.953786","1",NULL
"12314","2018-05-15T18:09:31.584Z","30.500453","2",NULL
"12315","2018-05-15T18:09:17.540Z","31.518033","4",NULL
"12316","2018-05-15T18:09:31.612Z","32.953786","1",NULL
"12317","2018-05-15T18:09:17.538Z","31.299366","3",NULL
"12318","2018-05-15T18:07:31.317Z","30.288806","5",NULL
"12319","2018-05-15T18:07:29.949Z","31.049118","6",NULL
"12320","2018-05-15T18:09:31.764Z","30.500453","2",NULL
"12321","2018-05-15T18:09:17.870Z","31.181535","4",NULL
"12322","2018-05-15T18:09:31.736Z","32.953786","1",NULL
"12323","2018-05-15T18:09:17.856Z","30.962868","3",NULL
"12324","2018-05-15T18:07:31.365Z","30.282405","5",NULL
"12325","2018-05-15T18:07:31.363Z","29.803139","6",NULL
"12326","2018-05-15T18:09:32.452Z","32.463119","2",NULL
"12327","2018-05-15T18:09:18.363Z","30.681098","4",NULL
"12328","2018-05-15T18:09:32.512Z","32.953786","1",NULL
"12329","2018-05-15T18:09:18.360Z","30.462431","3",NULL
"12330","2018-05-15T18:07:31.464Z","29.796738","6",NULL
"12331","2018-05-15T18:07:31.812Z","30.609795","5",NULL
"12332","2018-05-15T18:09:32.515Z","34.425786","2",NULL
"12333","2018-05-15T18:09:32.762Z","32.953786","1",NULL
"12334","2018-05-15T18:09:19.510Z","29.830092","4",NULL
"12335","2018-05-15T18:07:31.885Z","30.609795","5",NULL
"12336","2018-05-15T18:07:31.883Z","29.665795","6",NULL
"12337","2018-05-15T18:09:19.503Z","29.611425","3",NULL
"12338","2018-05-15T18:09:34.218Z","32.94184","1",NULL
"12339","2018-05-15T18:09:32.589Z","34.425786","2",NULL
"12340","2018-05-15T18:09:19.867Z","31.362496","4",NULL
"12341","2018-05-15T18:07:31.932Z","30.609795","5",NULL
"12342","2018-05-15T18:09:19.815Z","29.22283","3",NULL
"12343","2018-05-15T18:07:31.931Z","29.665795","6",NULL
"12344","2018-05-15T18:09:32.773Z","34.425786","2",NULL
"12345","2018-05-15T18:09:19.911Z","31.332507","4",NULL
"12346","2018-05-15T18:09:34.732Z","32.475963","1",NULL
"12347","2018-05-15T18:07:32.211Z","30.609795","5",NULL
"12348","2018-05-15T18:09:19.905Z","29.192841","3",NULL
"12349","2018-05-15T18:07:32.221Z","31.628462","6",NULL
"12350","2018-05-15T18:09:19.940Z","31.175747","4",NULL
"12351","2018-05-15T18:09:34.269Z","34.41384","2",NULL
"12352","2018-05-15T18:09:34.980Z","32.213941","1",NULL
"12353","2018-05-15T18:07:32.232Z","30.609795","5",NULL
"12354","2018-05-15T18:09:20.128Z","29.438498","3",NULL
"12355","2018-05-15T18:07:32.255Z","31.628462","6",NULL
"12356","2018-05-15T18:09:20.131Z","30.953164","4",NULL
"12357","2018-05-15T18:09:34.832Z","33.947963","2",NULL
"12358","2018-05-15T18:09:35.470Z","31.712988","1",NULL
"12359","2018-05-15T18:07:32.395Z","30.609795","5",NULL
"12360","2018-05-15T18:09:20.136Z","29.3738","3",NULL
"12361","2018-05-15T18:07:32.276Z","31.628462","6",NULL
"12362","2018-05-15T18:09:20.187Z","30.888466","4",NULL
"12363","2018-05-15T18:09:34.997Z","33.685941","2",NULL
"12364","2018-05-15T18:09:35.732Z","31.455861","1",NULL
"12365","2018-05-15T18:07:32.540Z","30.818128","5",NULL
"12366","2018-05-15T18:09:20.437Z","29.667036","3",NULL
"12367","2018-05-15T18:07:32.399Z","31.628462","6",NULL
"12368","2018-05-15T18:09:35.485Z","33.184988","2",NULL
"12369","2018-05-15T18:09:20.441Z","30.598369","4",NULL
"12370","2018-05-15T18:09:36.218Z","30.966064","1",NULL
"12371","2018-05-15T18:07:32.840Z","31.401462","5",NULL
"12372","2018-05-15T18:09:20.443Z","29.631614","3",NULL
"12373","2018-05-15T18:07:32.552Z","31.628462","6",NULL
"12374","2018-05-15T18:09:36.480Z","30.719512","1",NULL
"12375","2018-05-15T18:09:35.779Z","32.927861","2",NULL
"12376","2018-05-15T18:07:32.975Z","32.526462","5",NULL
"12377","2018-05-15T18:09:20.446Z","30.562947","4",NULL
"12378","2018-05-15T18:09:20.668Z","30.157126","3",NULL
"12379","2018-05-15T18:07:32.860Z","31.628462","6",NULL
"12380","2018-05-15T18:09:37.624Z","29.732246","1",NULL
"12381","2018-05-15T18:07:32.981Z","32.609795","5",NULL
"12382","2018-05-15T18:09:20.747Z","30.338459","4",NULL
"12383","2018-05-15T18:09:36.229Z","32.438064","2",NULL
"12384","2018-05-15T18:09:20.754Z","30.148133","3",NULL
"12385","2018-05-15T18:07:32.977Z","33.591128","6",NULL
"12386","2018-05-15T18:09:38.354Z","29.01154","1",NULL
"12387","2018-05-15T18:09:36.482Z","32.191512","2",NULL
"12388","2018-05-15T18:09:20.823Z","30.142645","3",NULL
"12389","2018-05-15T18:09:20.771Z","30.329466","4",NULL
"12390","2018-05-15T18:07:33.078Z","34.609795","5",NULL
"12391","2018-05-15T18:07:32.988Z","33.591128","6",NULL
"12392","2018-05-15T18:09:38.593Z","28.617138","1",NULL
"12393","2018-05-15T18:09:37.626Z","31.204246","2",NULL
"12394","2018-05-15T18:09:21.143Z","30.023389","4",NULL
"12395","2018-05-15T18:07:33.255Z","34.594904","5",NULL
"12396","2018-05-15T18:09:21.113Z","30.258723","3",NULL
"12397","2018-05-15T18:07:33.258Z","33.576237","6",NULL
"12398","2018-05-15T18:09:38.398Z","30.48354","2",NULL
"12399","2018-05-15T18:07:33.322Z","34.592032","5",NULL
"12400","2018-05-15T18:09:38.631Z","28.597587","1",NULL
"12401","2018-05-15T18:09:21.198Z","29.97518","4",NULL
"12402","2018-05-15T18:09:21.173Z","30.210514","3",NULL
"12403","2018-05-15T18:07:33.368Z","33.573365","6",NULL
"12404","2018-05-15T18:07:33.641Z","34.378019","5",NULL
"12405","2018-05-15T18:09:38.669Z","28.727824","1",NULL
"12406","2018-05-15T18:09:38.626Z","32.051805","2",NULL
"12407","2018-05-15T18:09:22.170Z","29.135828","4",NULL
"12408","2018-05-15T18:09:22.154Z","30.121162","3",NULL
"12409","2018-05-15T18:07:33.651Z","33.359352","6",NULL
"12410","2018-05-15T18:09:22.236Z","30.095164","3",NULL
"12411","2018-05-15T18:09:22.246Z","29.10983","4",NULL
"12412","2018-05-15T18:09:38.644Z","32.032254","2",NULL
"12413","2018-05-15T18:07:33.782Z","34.125137","5",NULL
"12414","2018-05-15T18:09:38.784Z","30.457434","1",NULL
"12415","2018-05-15T18:07:33.786Z","33.10647","6",NULL
"12416","2018-05-15T18:09:38.646Z","32.028674","2",NULL
"12417","2018-05-15T18:07:34.096Z","33.861824","5",NULL
"12418","2018-05-15T18:09:38.825Z","30.429741","1",NULL
"12419","2018-05-15T18:09:22.503Z","30.302618","3",NULL
"12420","2018-05-15T18:09:22.526Z","28.775618","4",NULL
"12421","2018-05-15T18:07:34.205Z","32.843157","6",NULL
"12422","2018-05-15T18:09:22.565Z","28.775618","4",NULL
"12423","2018-05-15T18:09:38.982Z","30.20947","1",NULL
"12424","2018-05-15T18:09:22.539Z","30.302618","3",NULL
"12425","2018-05-15T18:09:38.673Z","31.954158","2",NULL
"12426","2018-05-15T18:07:34.360Z","33.545322","5",NULL
"12427","2018-05-15T18:07:34.462Z","32.526655","6",NULL
"12428","2018-05-15T18:09:22.586Z","30.302618","3",NULL
"12429","2018-05-15T18:07:34.930Z","33.146938","5",NULL
"12430","2018-05-15T18:09:38.799Z","31.892101","2",NULL
"12431","2018-05-15T18:09:22.597Z","28.775618","4",NULL
"12432","2018-05-15T18:09:39.032Z","30.194545","1",NULL
"12433","2018-05-15T18:07:34.946Z","32.128271","6",NULL
"12434","2018-05-15T18:07:35.093Z","32.914418","5",NULL
"12435","2018-05-15T18:09:38.840Z","31.864408","2",NULL
"12436","2018-05-15T18:09:22.848Z","30.594285","3",NULL
"12437","2018-05-15T18:09:22.831Z","30.738285","4",NULL
"12438","2018-05-15T18:09:39.793Z","29.458081","1",NULL
"12439","2018-05-15T18:07:35.095Z","31.895751","6",NULL
"12440","2018-05-15T18:07:35.388Z","32.622097","5",NULL
"12441","2018-05-15T18:09:23.074Z","30.717943","4",NULL
"12442","2018-05-15T18:09:23.053Z","30.573943","3",NULL
"12443","2018-05-15T18:09:39.061Z","31.629212","2",NULL
"12444","2018-05-15T18:09:40.173Z","29.019948","1",NULL
"12445","2018-05-15T18:07:35.231Z","33.720613","6",NULL
"12446","2018-05-15T18:09:23.130Z","30.716918","4",NULL
"12447","2018-05-15T18:09:23.114Z","30.572918","3",NULL
"12448","2018-05-15T18:07:35.552Z","32.482909","5",NULL
"12449","2018-05-15T18:09:40.488Z","28.718545","1",NULL
"12450","2018-05-15T18:07:35.407Z","33.566097","6",NULL
"12451","2018-05-15T18:09:23.394Z","30.437756","4",NULL
"12452","2018-05-15T18:07:36.022Z","31.99851","5",NULL
"12453","2018-05-15T18:09:39.839Z","30.892748","2",NULL
"12454","2018-05-15T18:07:36.276Z","31.751504","5",NULL
"12455","2018-05-15T18:07:35.589Z","33.426909","6",NULL
"12456","2018-05-15T18:09:40.906Z","28.293692","1",NULL
"12457","2018-05-15T18:09:23.443Z","30.407811","4",NULL
"12458","2018-05-15T18:09:23.235Z","30.710423","3",NULL
"12459","2018-05-15T18:09:39.981Z","32.604671","2",NULL
"12460","2018-05-15T18:09:23.440Z","30.680478","3",NULL
"12461","2018-05-15T18:09:40.212Z","32.417281","2",NULL
"12462","2018-05-15T18:07:36.523Z","31.503501","5",NULL
"12463","2018-05-15T18:09:23.637Z","30.04294","4",NULL
"12464","2018-05-15T18:07:36.024Z","32.94251","6",NULL
"12465","2018-05-15T18:09:40.928Z","28.459561","1",NULL
"12466","2018-05-15T18:09:23.615Z","31.232273","3",NULL
"12467","2018-05-15T18:09:40.519Z","32.115878","2",NULL
"12468","2018-05-15T18:07:36.284Z","32.695504","6",NULL
"12469","2018-05-15T18:09:40.988Z","30.192828","1",NULL
"12470","2018-05-15T18:09:23.665Z","30.003994","4",NULL
"12471","2018-05-15T18:07:36.773Z","31.256688","5",NULL
"12472","2018-05-15T18:09:23.660Z","31.193327","3",NULL
"12473","2018-05-15T18:09:40.916Z","31.691025","2",NULL
"12474","2018-05-15T18:09:41.164Z","30.016241","1",NULL
"12475","2018-05-15T18:07:36.525Z","32.447501","6",NULL
"12476","2018-05-15T18:09:24.615Z","29.569818","4",NULL
"12477","2018-05-15T18:07:37.035Z","31.007376","5",NULL
"12478","2018-05-15T18:09:40.931Z","31.648561","2",NULL
"12479","2018-05-15T18:09:24.570Z","31.300818","3",NULL
"12480","2018-05-15T18:09:24.659Z","29.522957","4",NULL
"12481","2018-05-15T18:09:41.216Z","29.965989","1",NULL
"12482","2018-05-15T18:07:37.303Z","30.752066","5",NULL
"12483","2018-05-15T18:07:36.775Z","32.200688","6",NULL
"12484","2018-05-15T18:09:41.167Z","31.413574","2",NULL
"12485","2018-05-15T18:09:24.657Z","31.253957","3",NULL
"12486","2018-05-15T18:09:41.722Z","29.463396","1",NULL
"12487","2018-05-15T18:07:37.061Z","31.951376","6",NULL
"12488","2018-05-15T18:07:38.252Z","29.794899","5",NULL
"12489","2018-05-15T18:09:24.822Z","28.925684","4",NULL
"12490","2018-05-15T18:09:41.237Z","31.363322","2",NULL
"12491","2018-05-15T18:09:24.789Z","30.781684","3",NULL
"12492","2018-05-15T18:09:43.111Z","28.146376","1",NULL
"12493","2018-05-15T18:09:24.891Z","28.924769","4",NULL
"12494","2018-05-15T18:07:37.324Z","31.696066","6",NULL
"12495","2018-05-15T18:07:38.663Z","30.662975","5",NULL
"12496","2018-05-15T18:09:41.727Z","30.860729","2",NULL
"12497","2018-05-15T18:09:24.863Z","30.780769","3",NULL
"12498","2018-05-15T18:09:43.481Z","27.832199","1",NULL
"12499","2018-05-15T18:09:25.238Z","30.409237","4",NULL
"12500","2018-05-15T18:07:38.257Z","30.738899","6",NULL
"12501","2018-05-15T18:07:38.707Z","30.661927","5",NULL
"12502","2018-05-15T18:09:43.118Z","29.543709","2",NULL
"12503","2018-05-15T18:09:24.911Z","30.705549","3",NULL
"12504","2018-05-15T18:09:43.500Z","27.832199","1",NULL
"12505","2018-05-15T18:07:38.836Z","31.210421","5",NULL
"12506","2018-05-15T18:07:38.485Z","32.449834","6",NULL
"12507","2018-05-15T18:09:25.254Z","30.358546","4",NULL
"12508","2018-05-15T18:09:25.231Z","30.30257","3",NULL
"12509","2018-05-15T18:09:43.495Z","31.192199","2",NULL
"12510","2018-05-15T18:07:38.943Z","31.109092","5",NULL
"12511","2018-05-15T18:07:38.693Z","32.319642","6",NULL
"12512","2018-05-15T18:09:43.529Z","27.832199","1",NULL
"12513","2018-05-15T18:09:25.313Z","30.328812","4",NULL
"12514","2018-05-15T18:07:39.070Z","31.011706","5",NULL
"12515","2018-05-15T18:09:25.303Z","30.513812","3",NULL
"12516","2018-05-15T18:09:43.515Z","31.192199","2",NULL
"12517","2018-05-15T18:07:39.543Z","30.484697","5",NULL
"12518","2018-05-15T18:07:38.723Z","32.318594","6",NULL
"12519","2018-05-15T18:09:43.745Z","28.290532","1",NULL
"12520","2018-05-15T18:09:25.421Z","30.307809","4",NULL
"12521","2018-05-15T18:07:40.912Z","29.119257","5",NULL
"12522","2018-05-15T18:09:25.350Z","30.492809","3",NULL
"12523","2018-05-15T18:09:43.552Z","31.192199","2",NULL
"12524","2018-05-15T18:07:38.960Z","32.015759","6",NULL
"12525","2018-05-15T18:09:43.924Z","29.832199","1",NULL
"12526","2018-05-15T18:09:25.675Z","30.057976","4",NULL
"12527","2018-05-15T18:07:40.987Z","29.937544","5",NULL
"12528","2018-05-15T18:07:39.080Z","31.918373","6",NULL
"12529","2018-05-15T18:09:25.632Z","30.784642","3",NULL
"12530","2018-05-15T18:09:43.577Z","31.192199","2",NULL
"12531","2018-05-15T18:09:43.967Z","29.832199","1",NULL
"12532","2018-05-15T18:07:41.071Z","30.952243","5",NULL
"12533","2018-05-15T18:09:25.759Z","30.050591","4",NULL
"12534","2018-05-15T18:07:39.546Z","31.391364","6",NULL
"12535","2018-05-15T18:09:45.688Z","30.040532","1",NULL
"12536","2018-05-15T18:09:25.732Z","30.777257","3",NULL
"12537","2018-05-15T18:09:43.760Z","31.192199","2",NULL
"12538","2018-05-15T18:07:41.140Z","30.920349","5",NULL
"12539","2018-05-15T18:07:40.930Z","30.025924","6",NULL
"12540","2018-05-15T18:09:26.090Z","29.801845","4",NULL
"12541","2018-05-15T18:09:45.794Z","30.957199","1",NULL
"12542","2018-05-15T18:07:41.304Z","30.698375","5",NULL
"12543","2018-05-15T18:09:25.960Z","31.195178","3",NULL
"12544","2018-05-15T18:09:43.970Z","31.192199","2",NULL
"12545","2018-05-15T18:07:41.008Z","31.89021","6",NULL
"12546","2018-05-15T18:09:46.146Z","31.832199","1",NULL
"12547","2018-05-15T18:09:26.400Z","29.478199","4",NULL
"12548","2018-05-15T18:07:41.824Z","30.482879","5",NULL
"12549","2018-05-15T18:09:26.322Z","31.371532","3",NULL
"12550","2018-05-15T18:07:41.062Z","31.821576","6",NULL
"12551","2018-05-15T18:09:45.720Z","33.154866","2",NULL
"12552","2018-05-15T18:09:46.292Z","32.040532","1",NULL
"12553","2018-05-15T18:07:41.957Z","30.059572","5",NULL
"12554","2018-05-15T18:09:27.191Z","28.698549","4",NULL
"12555","2018-05-15T18:09:27.146Z","30.591882","3",NULL
"12556","2018-05-15T18:07:41.161Z","31.789682","6",NULL
"12557","2018-05-15T18:09:46.377Z","33.832199","1",NULL
"12558","2018-05-15T18:09:45.739Z","33.154866","2",NULL
"12559","2018-05-15T18:07:42.274Z","29.7321","5",NULL
"12560","2018-05-15T18:09:27.230Z","30.509148","3",NULL
"12561","2018-05-15T18:09:27.270Z","28.615815","4",NULL
"12562","2018-05-15T18:09:46.456Z","33.832199","1",NULL
"12563","2018-05-15T18:09:45.803Z","33.154866","2",NULL
"12564","2018-05-15T18:07:41.307Z","31.567708","6",NULL
"12565","2018-05-15T18:07:42.615Z","29.391469","5",NULL
"12566","2018-05-15T18:09:47.478Z","33.811841","1",NULL
"12567","2018-05-15T18:09:27.308Z","30.450978","3",NULL
"12568","2018-05-15T18:09:27.898Z","28.031101","4",NULL
"12569","2018-05-15T18:07:41.884Z","31.352212","6",NULL
"12570","2018-05-15T18:09:46.332Z","33.154866","2",NULL
"12571","2018-05-15T18:07:43.521Z","28.707466","5",NULL
"12572","2018-05-15T18:09:47.860Z","33.529549","1",NULL
"12573","2018-05-15T18:09:27.858Z","29.924434","3",NULL
"12574","2018-05-15T18:07:41.990Z","30.928905","6",NULL
"12575","2018-05-15T18:09:28.021Z","29.748192","4",NULL
"12576","2018-05-15T18:09:46.480Z","33.154866","2",NULL
"12577","2018-05-15T18:07:43.726Z","29.7354","5",NULL
"12578","2018-05-15T18:09:27.975Z","30.012192","3",NULL
"12579","2018-05-15T18:07:42.306Z","30.601433","6",NULL
"12580","2018-05-15T18:09:48.376Z","33.040025","1",NULL
"12581","2018-05-15T18:09:28.068Z","29.745021","4",NULL
"12582","2018-05-15T18:09:28.059Z","30.009021","3",NULL
"12583","2018-05-15T18:09:47.503Z","33.134508","2",NULL
"12584","2018-05-15T18:07:43.755Z","29.729282","5",NULL
"12585","2018-05-15T18:09:48.755Z","32.581622","1",NULL
"12586","2018-05-15T18:07:42.617Z","30.260802","6",NULL
"12587","2018-05-15T18:09:28.608Z","29.091525","4",NULL
"12588","2018-05-15T18:09:47.915Z","32.852216","2",NULL
"12589","2018-05-15T18:07:43.836Z","30.198542","5",NULL
"12590","2018-05-15T18:09:28.778Z","29.890292","3",NULL
"12591","2018-05-15T18:09:48.965Z","32.331318","1",NULL
"12592","2018-05-15T18:07:43.543Z","29.576799","6",NULL
"12593","2018-05-15T18:09:48.407Z","32.362692","2",NULL
"12594","2018-05-15T18:09:28.804Z","29.042958","4",NULL
"12595","2018-05-15T18:09:28.841Z","29.867654","3",NULL
"12596","2018-05-15T18:09:49.612Z","31.684481","1",NULL
"12597","2018-05-15T18:07:43.888Z","30.132447","5",NULL
"12598","2018-05-15T18:09:28.864Z","29.02032","4",NULL
"12599","2018-05-15T18:07:43.739Z","29.229733","6",NULL
"12600","2018-05-15T18:09:48.763Z","31.904289","2",NULL
"12601","2018-05-15T18:09:29.347Z","29.53424","3",NULL
"12602","2018-05-15T18:09:50.010Z","31.380909","1",NULL
"12603","2018-05-15T18:07:44.054Z","29.997621","5",NULL
"12604","2018-05-15T18:09:29.590Z","29.85588","3",NULL
"12605","2018-05-15T18:07:43.762Z","29.223615","6",NULL
"12606","2018-05-15T18:09:48.967Z","31.653985","2",NULL
"12607","2018-05-15T18:09:29.349Z","28.353573","4",NULL
"12608","2018-05-15T18:07:44.240Z","29.884689","5",NULL
"12609","2018-05-15T18:09:50.350Z","31.01001","1",NULL
"12610","2018-05-15T18:09:29.611Z","28.175213","4",NULL
"12611","2018-05-15T18:09:49.615Z","31.007148","2",NULL
"12612","2018-05-15T18:07:43.935Z","29.00178","6",NULL
"12613","2018-05-15T18:09:29.629Z","29.810636","3",NULL
"12614","2018-05-15T18:09:50.492Z","30.832245","1",NULL
"12615","2018-05-15T18:07:44.522Z","29.884689","5",NULL
"12616","2018-05-15T18:07:44.091Z","28.866954","6",NULL
"12617","2018-05-15T18:09:49.876Z","32.740602","2",NULL
"12618","2018-05-15T18:09:29.661Z","28.129969","4",NULL
"12619","2018-05-15T18:09:30.159Z","29.515068","3",NULL
"12620","2018-05-15T18:07:46.622Z","30.384689","5",NULL
"12621","2018-05-15T18:09:50.690Z","31.421988","1",NULL
"12622","2018-05-15T18:09:30.168Z","29.547068","4",NULL
"12623","2018-05-15T18:09:30.189Z","29.515068","3",NULL
"12624","2018-05-15T18:09:50.012Z","32.666242","2",NULL
"12625","2018-05-15T18:07:44.290Z","28.754022","6",NULL
"12626","2018-05-15T18:09:50.911Z","32.157808","1",NULL
"12627","2018-05-15T18:07:46.781Z","31.468022","5",NULL
"12628","2018-05-15T18:07:44.523Z","28.754022","6",NULL
"12629","2018-05-15T18:09:30.231Z","29.515068","3",NULL
"12630","2018-05-15T18:09:30.207Z","29.547068","4",NULL
"12631","2018-05-15T18:09:50.411Z","32.295343","2",NULL
"12632","2018-05-15T18:07:46.815Z","31.884689","5",NULL
"12633","2018-05-15T18:09:51.068Z","32.227352","1",NULL
"12634","2018-05-15T18:09:50.514Z","32.117578","2",NULL
"12635","2018-05-15T18:09:30.244Z","29.547068","4",NULL
"12636","2018-05-15T18:09:30.304Z","29.515068","3",NULL
"12637","2018-05-15T18:07:46.412Z","30.716689","6",NULL
"12638","2018-05-15T18:09:51.180Z","32.195047","1",NULL
"12639","2018-05-15T18:07:47.014Z","32.384689","5",NULL
"12640","2018-05-15T18:09:30.406Z","29.598401","3",NULL
"12641","2018-05-15T18:07:46.651Z","30.716689","6",NULL
"12642","2018-05-15T18:09:30.302Z","29.547068","4",NULL
"12643","2018-05-15T18:09:50.722Z","31.915654","2",NULL
"12644","2018-05-15T18:07:47.137Z","33.884689","5",NULL
"12645","2018-05-15T18:09:51.228Z","32.144074","1",NULL
"12646","2018-05-15T18:09:50.913Z","31.776474","2",NULL
"12647","2018-05-15T18:07:46.660Z","32.679356","6",NULL
"12648","2018-05-15T18:09:30.412Z","29.547068","4",NULL
"12649","2018-05-15T18:09:30.490Z","30.181735","3",NULL
"12650","2018-05-15T18:09:51.396Z","31.919781","1",NULL
"12651","2018-05-15T18:07:47.255Z","33.884689","5",NULL
"12652","2018-05-15T18:09:31.417Z","31.098401","3",NULL
"12653","2018-05-15T18:09:30.554Z","29.547068","4",NULL
"12654","2018-05-15T18:07:46.789Z","32.679356","6",NULL
"12655","2018-05-15T18:09:51.181Z","31.48038","2",NULL
"12656","2018-05-15T18:07:48.284Z","33.782421","5",NULL
"12657","2018-05-15T18:09:51.723Z","31.580106","1",NULL
"12658","2018-05-15T18:09:51.310Z","31.429407","2",NULL
"12659","2018-05-15T18:07:47.040Z","32.679356","6",NULL
"12660","2018-05-15T18:09:31.596Z","31.348401","3",NULL
"12661","2018-05-15T18:09:31.448Z","31.509735","4",NULL
"12662","2018-05-15T18:07:48.522Z","33.532756","5",NULL
"12663","2018-05-15T18:09:52.936Z","30.43047","1",NULL
"12664","2018-05-15T18:09:51.458Z","31.205114","2",NULL
"12665","2018-05-15T18:09:31.471Z","31.509735","4",NULL
"12666","2018-05-15T18:07:47.256Z","32.679356","6",NULL
"12667","2018-05-15T18:09:31.617Z","31.515068","3",NULL
"12668","2018-05-15T18:09:53.702Z","29.926082","1",NULL
"12669","2018-05-15T18:07:48.796Z","33.280248","5",NULL
"12670","2018-05-15T18:09:31.715Z","31.598401","3",NULL
"12671","2018-05-15T18:07:48.327Z","32.577088","6",NULL
"12672","2018-05-15T18:09:31.616Z","31.509735","4",NULL
"12673","2018-05-15T18:09:51.726Z","30.865439","2",NULL
"12674","2018-05-15T18:09:53.794Z","29.74935","1",NULL
"12675","2018-05-15T18:07:49.271Z","32.790304","5",NULL
"12676","2018-05-15T18:09:31.768Z","31.509735","4",NULL
"12677","2018-05-15T18:09:31.851Z","33.515068","3",NULL
"12678","2018-05-15T18:09:52.964Z","29.715803","2",NULL
"12679","2018-05-15T18:07:48.524Z","32.327423","6",NULL
"12680","2018-05-15T18:07:49.687Z","32.53751","5",NULL
"12681","2018-05-15T18:09:54.139Z","29.496155","1",NULL
"12682","2018-05-15T18:09:31.891Z","33.515068","3",NULL
"12683","2018-05-15T18:07:48.798Z","32.074915","6",NULL
"12684","2018-05-15T18:09:53.708Z","31.174082","2",NULL
"12685","2018-05-15T18:09:31.859Z","31.509735","4",NULL
"12686","2018-05-15T18:07:49.785Z","32.276237","5",NULL
"12687","2018-05-15T18:09:54.152Z","29.492603","1",NULL
"12688","2018-05-15T18:09:32.093Z","35.373773","3",NULL
"12689","2018-05-15T18:09:32.135Z","31.49344","4",NULL
"12690","2018-05-15T18:07:49.281Z","31.584971","6",NULL
"12691","2018-05-15T18:09:53.803Z","30.99735","2",NULL
"12692","2018-05-15T18:07:50.720Z","31.386134","5",NULL
"12693","2018-05-15T18:09:54.292Z","30.019852","1",NULL
"12694","2018-05-15T18:09:32.199Z","35.442117","3",NULL
"12695","2018-05-15T18:09:32.408Z","31.419693","4",NULL
"12696","2018-05-15T18:07:49.699Z","31.332177","6",NULL
"12697","2018-05-15T18:09:53.846Z","30.873436","2",NULL
"12698","2018-05-15T18:09:32.272Z","35.425026","3",NULL
"12699","2018-05-15T18:09:54.298Z","30.019852","1",NULL
"12700","2018-05-15T18:07:50.840Z","31.223193","5",NULL
"12701","2018-05-15T18:09:54.150Z","30.494155","2",NULL
"12702","2018-05-15T18:09:32.717Z","31.044916","4",NULL
"12703","2018-05-15T18:07:49.795Z","31.070904","6",NULL
"12704","2018-05-15T18:09:32.640Z","35.050249","3",NULL
"12705","2018-05-15T18:09:54.301Z","30.019852","1",NULL
"12706","2018-05-15T18:07:50.849Z","31.222221","5",NULL
"12707","2018-05-15T18:07:50.748Z","30.180801","6",NULL
"12708","2018-05-15T18:09:54.184Z","30.490603","2",NULL
"12709","2018-05-15T18:09:33.010Z","30.761716","4",NULL
"12710","2018-05-15T18:09:32.987Z","34.767049","3",NULL
"12711","2018-05-15T18:07:50.886Z","33.172662","5",NULL
"12712","2018-05-15T18:09:54.539Z","31.144852","1",NULL
"12713","2018-05-15T18:09:33.539Z","30.282282","4",NULL
"12714","2018-05-15T18:09:54.294Z","30.392852","2",NULL
"12715","2018-05-15T18:07:50.842Z","31.980526","6",NULL
"12716","2018-05-15T18:09:33.485Z","34.287615","3",NULL
"12717","2018-05-15T18:09:54.619Z","31.144852","1",NULL
"12718","2018-05-15T18:07:51.114Z","32.9446","5",NULL
"12719","2018-05-15T18:09:33.928Z","29.776314","4",NULL
"12720","2018-05-15T18:09:54.300Z","30.392852","2",NULL
"12721","2018-05-15T18:07:50.852Z","31.979554","6",NULL
"12722","2018-05-15T18:09:33.925Z","33.781647","3",NULL
"12723","2018-05-15T18:09:55.197Z","31.144852","1",NULL
"12724","2018-05-15T18:07:51.318Z","32.780919","5",NULL
"12725","2018-05-15T18:07:50.856Z","31.960072","6",NULL
"12726","2018-05-15T18:09:54.316Z","30.392852","2",NULL
"12727","2018-05-15T18:09:34.172Z","29.699757","4",NULL
"12728","2018-05-15T18:09:55.326Z","31.269852","1",NULL
"12729","2018-05-15T18:07:51.773Z","32.279678","5",NULL
"12730","2018-05-15T18:09:34.052Z","33.70509","3",NULL
"12731","2018-05-15T18:07:51.117Z","31.701933","6",NULL
"12732","2018-05-15T18:09:34.266Z","29.393196","4",NULL
"12733","2018-05-15T18:09:54.561Z","30.392852","2",NULL
"12734","2018-05-15T18:07:52.271Z","31.825","5",NULL
"12735","2018-05-15T18:09:34.256Z","33.398529","3",NULL
"12736","2018-05-15T18:09:55.617Z","33.144852","1",NULL
"12737","2018-05-15T18:07:51.387Z","31.538252","6",NULL
"12738","2018-05-15T18:09:34.617Z","29.031704","4",NULL
"12739","2018-05-15T18:09:55.206Z","32.355519","2",NULL
"12740","2018-05-15T18:07:53.108Z","31.07471","5",NULL
"12741","2018-05-15T18:09:55.790Z","33.144852","1",NULL
"12742","2018-05-15T18:09:34.604Z","33.037037","3",NULL
"12743","2018-05-15T18:09:34.872Z","28.789104","4",NULL
"12744","2018-05-15T18:09:55.233Z","32.355519","2",NULL
"12745","2018-05-15T18:07:51.832Z","31.037011","6",NULL
"12746","2018-05-15T18:07:53.262Z","30.859894","5",NULL
"12747","2018-05-15T18:09:56.099Z","33.144852","1",NULL
"12748","2018-05-15T18:09:34.854Z","32.794437","3",NULL
"12749","2018-05-15T18:09:35.358Z","28.302346","4",NULL
"12750","2018-05-15T18:07:52.272Z","30.582333","6",NULL
"12751","2018-05-15T18:09:55.328Z","32.355519","2",NULL
"12752","2018-05-15T18:09:56.275Z","33.561519","1",NULL
"12753","2018-05-15T18:07:53.278Z","30.838102","5",NULL
"12754","2018-05-15T18:09:35.353Z","32.307679","3",NULL
"12755","2018-05-15T18:09:35.606Z","28.0529","4",NULL
"12756","2018-05-15T18:09:55.620Z","32.355519","2",NULL
"12757","2018-05-15T18:07:53.122Z","29.832043","6",NULL
"12758","2018-05-15T18:09:35.604Z","32.058233","3",NULL
"12759","2018-05-15T18:09:56.441Z","35.144852","1",NULL
"12760","2018-05-15T18:07:53.502Z","31.385986","5",NULL
"12761","2018-05-15T18:09:35.858Z","27.80356","4",NULL
"12762","2018-05-15T18:09:56.123Z","32.355519","2",NULL
"12763","2018-05-15T18:07:53.271Z","31.579894","6",NULL
"12764","2018-05-15T18:09:56.568Z","35.144852","1",NULL
"12765","2018-05-15T18:09:35.854Z","31.808893","3",NULL
"12766","2018-05-15T18:07:53.555Z","32.533927","5",NULL
"12767","2018-05-15T18:09:36.444Z","27.217706","4",NULL
"12768","2018-05-15T18:07:53.282Z","31.558102","6",NULL
"12769","2018-05-15T18:09:56.348Z","32.355519","2",NULL
"12770","2018-05-15T18:09:57.281Z","35.144852","1",NULL
"12771","2018-05-15T18:09:36.439Z","31.223039","3",NULL
"12772","2018-05-15T18:07:53.650Z","32.493352","5",NULL
"12773","2018-05-15T18:09:36.876Z","26.91868","4",NULL
"12774","2018-05-15T18:09:56.570Z","32.355519","2",NULL
"12775","2018-05-15T18:07:53.306Z","31.550389","6",NULL
"12776","2018-05-15T18:09:36.845Z","31.049013","3",NULL
"12777","2018-05-15T18:07:53.804Z","32.286927","5",NULL
"12778","2018-05-15T18:09:36.921Z","26.817534","4",NULL
"12779","2018-05-15T18:09:57.327Z","35.143049","1",NULL
"12780","2018-05-15T18:09:57.229Z","34.318185","2",NULL
"12781","2018-05-15T18:07:53.505Z","31.314319","6",NULL
"12782","2018-05-15T18:09:37.116Z","26.656948","4",NULL
"12783","2018-05-15T18:07:54.278Z","31.812073","5",NULL
"12784","2018-05-15T18:09:36.878Z","30.947867","3",NULL
"12785","2018-05-15T18:09:57.719Z","34.812487","1",NULL
"12786","2018-05-15T18:07:53.560Z","33.216594","6",NULL
"12787","2018-05-15T18:09:57.298Z","34.318185","2",NULL
"12788","2018-05-15T18:09:37.284Z","26.405662","4",NULL
"12789","2018-05-15T18:09:58.244Z","34.310361","1",NULL
"12790","2018-05-15T18:09:37.076Z","31.578948","3",NULL
"12791","2018-05-15T18:07:54.771Z","31.32757","5",NULL
"12792","2018-05-15T18:07:53.713Z","33.176019","6",NULL
"12793","2018-05-15T18:09:57.329Z","34.316382","2",NULL
"12794","2018-05-15T18:09:37.262Z","31.910995","3",NULL
"12795","2018-05-15T18:07:55.868Z","30.424942","5",NULL
"12796","2018-05-15T18:09:37.520Z","26.178817","4",NULL
"12797","2018-05-15T18:09:58.716Z","33.815577","1",NULL
"12798","2018-05-15T18:07:53.805Z","32.969594","6",NULL
"12799","2018-05-15T18:09:57.728Z","33.98582","2",NULL
"12800","2018-05-15T18:09:37.342Z","32.298545","3",NULL
"12801","2018-05-15T18:09:59.020Z","33.570442","1",NULL
"12802","2018-05-15T18:09:37.542Z","26.136217","4",NULL
"12803","2018-05-15T18:07:56.122Z","30.424942","5",NULL
"12804","2018-05-15T18:07:54.290Z","32.49474","6",NULL
"12805","2018-05-15T18:09:58.277Z","33.483694","2",NULL
"12806","2018-05-15T18:09:37.518Z","32.18415","3",NULL
"12807","2018-05-15T18:09:37.857Z","25.784881","4",NULL
"12808","2018-05-15T18:09:59.321Z","33.2981","1",NULL
"12809","2018-05-15T18:07:56.242Z","30.716609","5",NULL
"12810","2018-05-15T18:09:58.723Z","32.98891","2",NULL
"12811","2018-05-15T18:07:54.773Z","32.010237","6",NULL
"12812","2018-05-15T18:09:37.522Z","32.14155","3",NULL
"12813","2018-05-15T18:09:38.203Z","25.532408","4",NULL
"12814","2018-05-15T18:07:56.490Z","31.924942","5",NULL
"12815","2018-05-15T18:09:59.914Z","32.67932","1",NULL
"12816","2018-05-15T18:07:55.934Z","31.107609","6",NULL
"12817","2018-05-15T18:09:59.093Z","32.743775","2",NULL
"12818","2018-05-15T18:09:37.853Z","31.790214","3",NULL
"12819","2018-05-15T18:09:39.170Z","24.691123","4",NULL
"12820","2018-05-15T18:10:00.215Z","32.310359","1",NULL
"12821","2018-05-15T18:07:56.625Z","32.424942","5",NULL
"12822","2018-05-15T18:09:59.340Z","32.471433","2",NULL
"12823","2018-05-15T18:07:56.138Z","31.107609","6",NULL
"12824","2018-05-15T18:09:38.106Z","31.537741","3",NULL
"12825","2018-05-15T18:09:39.383Z","24.342577","4",NULL
"12826","2018-05-15T18:10:00.465Z","32.059303","1",NULL
"12827","2018-05-15T18:07:56.705Z","32.424942","5",NULL
"12828","2018-05-15T18:07:56.315Z","33.070275","6",NULL
"12829","2018-05-15T18:09:59.920Z","31.852653","2",NULL
"12830","2018-05-15T18:07:58.039Z","34.424942","5",NULL
"12831","2018-05-15T18:09:39.640Z","24.032116","4",NULL
"12832","2018-05-15T18:10:00.738Z","31.803932","1",NULL
"12833","2018-05-15T18:09:39.098Z","30.696456","3",NULL
"12834","2018-05-15T18:07:56.375Z","33.070275","6",NULL
"12835","2018-05-15T18:10:00.217Z","31.483692","2",NULL
"12836","2018-05-15T18:09:39.971Z","23.775635","4",NULL
"12837","2018-05-15T18:07:58.190Z","34.424942","5",NULL
"12838","2018-05-15T18:09:39.308Z","30.34791","3",NULL
"12839","2018-05-15T18:10:01.215Z","31.307218","1",NULL
"12840","2018-05-15T18:07:56.549Z","33.070275","6",NULL
"12841","2018-05-15T18:10:00.468Z","31.232636","2",NULL
"12842","2018-05-15T18:10:01.719Z","30.811318","1",NULL
"12843","2018-05-15T18:07:59.589Z","34.308069","5",NULL
"12844","2018-05-15T18:09:39.629Z","30.037449","3",NULL
"12845","2018-05-15T18:09:40.355Z","23.303683","4",NULL
"12846","2018-05-15T18:10:00.742Z","30.977265","2",NULL
"12847","2018-05-15T18:07:56.743Z","33.070275","6",NULL
"12848","2018-05-15T18:08:00.411Z","33.436534","5",NULL
"12849","2018-05-15T18:10:02.823Z","29.829856","1",NULL
"12850","2018-05-15T18:09:39.888Z","29.780968","3",NULL
"12851","2018-05-15T18:09:40.655Z","23.051048","4",NULL
"12852","2018-05-15T18:10:01.218Z","30.480551","2",NULL
"12853","2018-05-15T18:07:58.192Z","33.070275","6",NULL
"12854","2018-05-15T18:08:00.781Z","33.051711","5",NULL
"12855","2018-05-15T18:10:03.516Z","29.057831","1",NULL
"12856","2018-05-15T18:09:40.352Z","29.309016","3",NULL
"12857","2018-05-15T18:09:41.179Z","24.505274","4",NULL
"12858","2018-05-15T18:10:01.729Z","29.984651","2",NULL
"12859","2018-05-15T18:07:59.632Z","32.953402","6",NULL
"12860","2018-05-15T18:10:03.601Z","29.604172","1",NULL
"12861","2018-05-15T18:08:01.274Z","32.536199","5",NULL
"12862","2018-05-15T18:09:41.240Z","24.372173","4",NULL
"12863","2018-05-15T18:09:40.624Z","29.056381","3",NULL
"12864","2018-05-15T18:08:00.438Z","32.081867","6",NULL
"12865","2018-05-15T18:10:02.836Z","29.003189","2",NULL
"12866","2018-05-15T18:08:01.522Z","32.280838","5",NULL
"12867","2018-05-15T18:09:41.565Z","24.227234","4",NULL
"12868","2018-05-15T18:10:03.694Z","29.603283","1",NULL
"12869","2018-05-15T18:09:41.134Z","28.547941","3",NULL
"12870","2018-05-15T18:08:02.022Z","31.778887","5",NULL
"12871","2018-05-15T18:08:00.788Z","31.697044","6",NULL
"12872","2018-05-15T18:10:03.526Z","28.231164","2",NULL
"12873","2018-05-15T18:10:03.959Z","30.26453","1",NULL
"12874","2018-05-15T18:09:41.546Z","28.269901","3",NULL
"12875","2018-05-15T18:09:41.702Z","23.952917","4",NULL
"12876","2018-05-15T18:08:02.270Z","31.526494","5",NULL
"12877","2018-05-15T18:10:03.603Z","30.115172","2",NULL
"12878","2018-05-15T18:08:01.320Z","31.181532","6",NULL
"12879","2018-05-15T18:10:04.026Z","30.263439","1",NULL
"12880","2018-05-15T18:09:41.945Z","25.698028","4",NULL
"12881","2018-05-15T18:09:41.690Z","27.995584","3",NULL
"12882","2018-05-15T18:08:03.370Z","30.479904","5",NULL
"12883","2018-05-15T18:10:03.778Z","30.114283","2",NULL
"12884","2018-05-15T18:08:01.545Z","30.926171","6",NULL
"12885","2018-05-15T18:08:03.885Z","29.931556","5",NULL
"12886","2018-05-15T18:09:41.936Z","27.778028","3",NULL
"12887","2018-05-15T18:10:04.103Z","30.431202","1",NULL
"12888","2018-05-15T18:09:41.954Z","25.684173","4",NULL
"12889","2018-05-15T18:08:04.008Z","29.926869","5",NULL
"12890","2018-05-15T18:08:02.025Z","30.42422","6",NULL
"12891","2018-05-15T18:10:03.782Z","30.064552","2",NULL
"12892","2018-05-15T18:09:41.960Z","25.640414","4",NULL
"12893","2018-05-15T18:09:41.952Z","27.764173","3",NULL
"12894","2018-05-15T18:10:04.118Z","30.41426","1",NULL
"12895","2018-05-15T18:09:42.740Z","27.098321","3",NULL
"12896","2018-05-15T18:10:03.990Z","29.77553","2",NULL
"12897","2018-05-15T18:08:04.020Z","29.926869","5",NULL
"12898","2018-05-15T18:08:02.272Z","30.171827","6",NULL
"12899","2018-05-15T18:09:42.798Z","25.018321","4",NULL
"12900","2018-05-15T18:10:04.215Z","30.32029","1",NULL
"12901","2018-05-15T18:09:42.961Z","27.196163","3",NULL
"12902","2018-05-15T18:10:04.055Z","29.774439","2",NULL
"12903","2018-05-15T18:08:04.263Z","30.801869","5",NULL
"12904","2018-05-15T18:08:03.372Z","29.125237","6",NULL
"12905","2018-05-15T18:10:04.956Z","29.753514","1",NULL
"12906","2018-05-15T18:09:42.851Z","26.71899","4",NULL
"12907","2018-05-15T18:09:42.965Z","27.117308","3",NULL
"12908","2018-05-15T18:10:04.124Z","29.55026","2",NULL
"12909","2018-05-15T18:08:03.803Z","30.6679","6",NULL
"12910","2018-05-15T18:08:04.303Z","30.801869","5",NULL
"12911","2018-05-15T18:09:42.963Z","26.662163","4",NULL
"12912","2018-05-15T18:10:05.461Z","29.753514","1",NULL
"12913","2018-05-15T18:09:42.971Z","26.583308","4",NULL
"12914","2018-05-15T18:08:04.423Z","31.926869","5",NULL
"12915","2018-05-15T18:10:04.232Z","29.45629","2",NULL
"12916","2018-05-15T18:08:03.887Z","30.539556","6",NULL
"12917","2018-05-15T18:09:42.993Z","28.66239","3",NULL
"12918","2018-05-15T18:10:06.541Z","30.378514","1",NULL
"12919","2018-05-15T18:09:43.003Z","26.545057","4",NULL
"12920","2018-05-15T18:09:43.047Z","28.628952","3",NULL
"12921","2018-05-15T18:08:04.497Z","31.926869","5",NULL
"12922","2018-05-15T18:08:04.010Z","30.534869","6",NULL
"12923","2018-05-15T18:10:05.015Z","28.889514","2",NULL
"12924","2018-05-15T18:10:06.639Z","31.753514","1",NULL
"12925","2018-05-15T18:09:43.147Z","28.535677","3",NULL
"12926","2018-05-15T18:09:43.257Z","26.418344","4",NULL
"12927","2018-05-15T18:08:05.818Z","31.926869","5",NULL
"12928","2018-05-15T18:10:05.466Z","30.852181","2",NULL
"12929","2018-05-15T18:08:04.048Z","30.534869","6",NULL
"12930","2018-05-15T18:10:06.719Z","31.753514","1",NULL
"12931","2018-05-15T18:09:43.442Z","26.100901","4",NULL
"12932","2018-05-15T18:09:43.440Z","28.218234","3",NULL
"12933","2018-05-15T18:08:04.301Z","32.497536","6",NULL
"12934","2018-05-15T18:08:05.864Z","32.718536","5",NULL
"12935","2018-05-15T18:10:05.474Z","30.852181","2",NULL
"12936","2018-05-15T18:10:08.442Z","31.753514","1",NULL
"12937","2018-05-15T18:09:44.196Z","26.100901","4",NULL
"12938","2018-05-15T18:08:04.304Z","32.497536","6",NULL
"12939","2018-05-15T18:08:06.114Z","33.354913","5",NULL
"12940","2018-05-15T18:09:44.176Z","28.218234","3",NULL
"12941","2018-05-15T18:10:06.273Z","32.814847","2",NULL
"12942","2018-05-15T18:10:08.933Z","32.045181","1",NULL
"12943","2018-05-15T18:08:04.305Z","32.497536","6",NULL
"12944","2018-05-15T18:09:44.531Z","28.063567","4",NULL
"12945","2018-05-15T18:09:44.625Z","28.259901","3",NULL
"12946","2018-05-15T18:10:06.551Z","32.814847","2",NULL
"12947","2018-05-15T18:08:06.218Z","33.726795","5",NULL
"12948","2018-05-15T18:10:09.108Z","33.753514","1",NULL
"12949","2018-05-15T18:10:06.731Z","32.814847","2",NULL
"12950","2018-05-15T18:08:06.250Z","33.715662","5",NULL
"12951","2018-05-15T18:09:44.635Z","28.063567","4",NULL
"12952","2018-05-15T18:09:44.753Z","30.218234","3",NULL
"12953","2018-05-15T18:08:04.439Z","32.497536","6",NULL
"12954","2018-05-15T18:10:09.164Z","33.753514","1",NULL
"12955","2018-05-15T18:09:44.773Z","30.026234","4",NULL
"12956","2018-05-15T18:08:06.623Z","33.36438","5",NULL
"12957","2018-05-15T18:10:08.170Z","34.777514","2",NULL
"12958","2018-05-15T18:09:45.270Z","30.218234","3",NULL
"12959","2018-05-15T18:08:05.571Z","34.460202","6",NULL
"12960","2018-05-15T18:10:11.755Z","33.739062","1",NULL
"12961","2018-05-15T18:08:07.235Z","32.73747","5",NULL
"12962","2018-05-15T18:10:08.443Z","34.777514","2",NULL
"12963","2018-05-15T18:09:45.275Z","30.026234","4",NULL
"12964","2018-05-15T18:09:45.833Z","31.676567","3",NULL
"12965","2018-05-15T18:08:05.835Z","34.460202","6",NULL
"12966","2018-05-15T18:10:12.271Z","33.232085","1",NULL
"12967","2018-05-15T18:08:07.685Z","32.267097","5",NULL
"12968","2018-05-15T18:09:45.870Z","31.988901","4",NULL
"12969","2018-05-15T18:10:08.987Z","34.777514","2",NULL
"12970","2018-05-15T18:09:45.924Z","32.218234","3",NULL
"12971","2018-05-15T18:08:05.890Z","34.460202","6",NULL
"12972","2018-05-15T18:10:12.849Z","32.713659","1",NULL
"12973","2018-05-15T18:08:08.058Z","31.932123","5",NULL
"12974","2018-05-15T18:10:09.176Z","34.777514","2",NULL
"12975","2018-05-15T18:09:46.711Z","32.218234","3",NULL
"12976","2018-05-15T18:08:06.138Z","34.388246","6",NULL
"12977","2018-05-15T18:09:45.891Z","31.988901","4",NULL
"12978","2018-05-15T18:10:13.217Z","32.256285","1",NULL
"12979","2018-05-15T18:08:06.254Z","34.248995","6",NULL
"12980","2018-05-15T18:09:46.723Z","31.988901","4",NULL
"12981","2018-05-15T18:10:11.775Z","34.763062","2",NULL
"12982","2018-05-15T18:09:47.039Z","32.218234","3",NULL
"12983","2018-05-15T18:08:08.543Z","31.429987","5",NULL
"12984","2018-05-15T18:08:06.642Z","33.897713","6",NULL
"12985","2018-05-15T18:10:13.470Z","32.009709","1",NULL
"12986","2018-05-15T18:09:46.908Z","33.951567","4",NULL
"12987","2018-05-15T18:08:08.829Z","31.17856","5",NULL
"12988","2018-05-15T18:09:47.155Z","34.218234","3",NULL
"12989","2018-05-15T18:10:12.287Z","34.256085","2",NULL
"12990","2018-05-15T18:10:13.964Z","31.514661","1",NULL
"12991","2018-05-15T18:08:07.237Z","33.270803","6",NULL
"12992","2018-05-15T18:08:09.272Z","30.676601","5",NULL
"12993","2018-05-15T18:09:47.207Z","34.218234","3",NULL
"12994","2018-05-15T18:09:47.052Z","33.951567","4",NULL
"12995","2018-05-15T18:10:12.857Z","33.737659","2",NULL
"12996","2018-05-15T18:10:14.295Z","31.261752","1",NULL
"12997","2018-05-15T18:08:07.687Z","32.80043","6",NULL
"12998","2018-05-15T18:10:13.238Z","33.280285","2",NULL
"12999","2018-05-15T18:09:47.213Z","33.951567","4",NULL
"13000","2018-05-15T18:08:09.773Z","30.189025","5",NULL
"13001","2018-05-15T18:09:47.563Z","34.112778","3",NULL
"13002","2018-05-15T18:10:14.706Z","30.781492","1",NULL
"13003","2018-05-15T18:08:08.060Z","32.465456","6",NULL
"13004","2018-05-15T18:08:09.886Z","30.079689","5",NULL
"13005","2018-05-15T18:09:47.941Z","33.770995","3",NULL
"13006","2018-05-15T18:09:47.810Z","33.846111","4",NULL
"13007","2018-05-15T18:10:13.484Z","33.033709","2",NULL
"13008","2018-05-15T18:10:15.119Z","30.411027","1",NULL
"13009","2018-05-15T18:08:08.546Z","31.96332","6",NULL
"13010","2018-05-15T18:08:10.815Z","30.079689","5",NULL
"13011","2018-05-15T18:10:13.966Z","32.538661","2",NULL
"13012","2018-05-15T18:09:47.977Z","33.504328","4",NULL
"13013","2018-05-15T18:09:48.376Z","33.326973","3",NULL
"13014","2018-05-15T18:10:15.203Z","30.271769","1",NULL
"13015","2018-05-15T18:08:08.849Z","31.711893","6",NULL
"13016","2018-05-15T18:10:14.302Z","32.285752","2",NULL
"13017","2018-05-15T18:09:48.395Z","33.060306","4",NULL
"13018","2018-05-15T18:08:11.208Z","30.329689","5",NULL
"13019","2018-05-15T18:09:48.949Z","32.813831","3",NULL
"13020","2018-05-15T18:10:15.369Z","30.169461","1",NULL
"13021","2018-05-15T18:08:09.273Z","31.209934","6",NULL
"13022","2018-05-15T18:08:11.389Z","32.079689","5",NULL
"13023","2018-05-15T18:09:49.355Z","32.336873","3",NULL
"13024","2018-05-15T18:10:14.713Z","31.805492","2",NULL
"13025","2018-05-15T18:09:48.978Z","32.547164","4",NULL
"13026","2018-05-15T18:10:15.629Z","31.846756","1",NULL
"13027","2018-05-15T18:08:09.775Z","30.722358","6",NULL
"13028","2018-05-15T18:08:11.509Z","32.079689","5",NULL
"13029","2018-05-15T18:10:15.051Z","33.423928","2",NULL
"13030","2018-05-15T18:09:49.359Z","32.070206","4",NULL
"13031","2018-05-15T18:09:49.887Z","31.827326","3",NULL
"13032","2018-05-15T18:10:15.719Z","31.762895","1",NULL
"13033","2018-05-15T18:08:09.887Z","30.613022","6",NULL
"13034","2018-05-15T18:10:15.134Z","33.397694","2",NULL
"13035","2018-05-15T18:09:50.354Z","31.335168","3",NULL
"13036","2018-05-15T18:09:49.915Z","31.560659","4",NULL
"13037","2018-05-15T18:08:13.534Z","34.079689","5",NULL
"13038","2018-05-15T18:10:15.900Z","31.651823","1",NULL
"13039","2018-05-15T18:08:10.828Z","30.613022","6",NULL
"13040","2018-05-15T18:08:13.556Z","34.079689","5",NULL
"13041","2018-05-15T18:09:50.356Z","31.068501","4",NULL
"13042","2018-05-15T18:09:50.612Z","31.065355","3",NULL
"13043","2018-05-15T18:10:15.237Z","33.258436","2",NULL
"13044","2018-05-15T18:10:15.994Z","31.651823","1",NULL
"13045","2018-05-15T18:08:11.156Z","32.575689","6",NULL
"13046","2018-05-15T18:08:14.033Z","33.884428","5",NULL
"13047","2018-05-15T18:10:15.374Z","33.156128","2",NULL
"13048","2018-05-15T18:09:50.900Z","30.802698","3",NULL
"13049","2018-05-15T18:09:50.623Z","30.798688","4",NULL
"13050","2018-05-15T18:10:16.240Z","31.651823","1",NULL
"13051","2018-05-15T18:08:11.256Z","32.575689","6",NULL
"13052","2018-05-15T18:09:50.963Z","30.536031","4",NULL
"13053","2018-05-15T18:10:15.724Z","32.749562","2",NULL
"13054","2018-05-15T18:09:52.109Z","30.024489","3",NULL
"13055","2018-05-15T18:08:14.520Z","33.389678","5",NULL
"13056","2018-05-15T18:10:18.185Z","31.651823","1",NULL
"13057","2018-05-15T18:08:11.511Z","32.575689","6",NULL
"13058","2018-05-15T18:08:15.369Z","32.576743","5",NULL
"13059","2018-05-15T18:10:15.951Z","32.63849","2",NULL
"13060","2018-05-15T18:09:52.866Z","30.024489","3",NULL
"13061","2018-05-15T18:09:52.138Z","29.757822","4",NULL
"13062","2018-05-15T18:10:18.277Z","33.651823","1",NULL
"13063","2018-05-15T18:08:13.289Z","34.538356","6",NULL
"13064","2018-05-15T18:10:16.000Z","32.63849","2",NULL
"13065","2018-05-15T18:08:15.771Z","32.134113","5",NULL
"13066","2018-05-15T18:09:52.141Z","31.720489","4",NULL
"13067","2018-05-15T18:09:52.976Z","30.482822","3",NULL
"13068","2018-05-15T18:08:13.569Z","34.538356","6",NULL
"13069","2018-05-15T18:10:18.293Z","33.651823","1",NULL
"13070","2018-05-15T18:09:53.092Z","32.024489","3",NULL
"13071","2018-05-15T18:10:16.252Z","32.63849","2",NULL
"13072","2018-05-15T18:09:52.868Z","31.720489","4",NULL
"13073","2018-05-15T18:08:16.273Z","31.627483","5",NULL
"13074","2018-05-15T18:10:19.213Z","33.456898","1",NULL
"13075","2018-05-15T18:08:14.043Z","34.343095","6",NULL
"13076","2018-05-15T18:08:16.522Z","31.37647","5",NULL
"13077","2018-05-15T18:09:53.157Z","32.024489","3",NULL
"13078","2018-05-15T18:09:52.869Z","33.683156","4",NULL
"13079","2018-05-15T18:10:18.118Z","34.601156","2",NULL
"13080","2018-05-15T18:08:14.522Z","33.848345","6",NULL
"13081","2018-05-15T18:10:19.907Z","32.865626","1",NULL
"13082","2018-05-15T18:10:18.224Z","34.601156","2",NULL
"13083","2018-05-15T18:09:52.995Z","33.683156","4",NULL
"13084","2018-05-15T18:09:54.472Z","32.004302","3",NULL
"13085","2018-05-15T18:08:16.770Z","31.126072","5",NULL
"13086","2018-05-15T18:10:20.338Z","32.535037","1",NULL
"13087","2018-05-15T18:08:15.424Z","33.03541","6",NULL
"13088","2018-05-15T18:09:53.169Z","33.683156","4",NULL
"13089","2018-05-15T18:09:54.640Z","32.563328","3",NULL
"13090","2018-05-15T18:10:18.310Z","34.601156","2",NULL
"13091","2018-05-15T18:08:17.289Z","30.625988","5",NULL
"13092","2018-05-15T18:08:15.772Z","32.59278","6",NULL
"13093","2018-05-15T18:10:20.574Z","32.156045","1",NULL
"13094","2018-05-15T18:09:54.740Z","33.183223","3",NULL
"13095","2018-05-15T18:09:54.513Z","33.662969","4",NULL
"13096","2018-05-15T18:10:19.215Z","34.406231","2",NULL
"13097","2018-05-15T18:08:18.266Z","29.791508","5",NULL
"13098","2018-05-15T18:08:16.319Z","32.08615","6",NULL
"13099","2018-05-15T18:10:20.837Z","31.906871","1",NULL
"13100","2018-05-15T18:09:54.918Z","33.511625","3",NULL
"13101","2018-05-15T18:09:54.671Z","33.430328","4",NULL
"13102","2018-05-15T18:10:19.982Z","33.814959","2",NULL
"13103","2018-05-15T18:08:18.649Z","29.411605","5",NULL
"13104","2018-05-15T18:08:16.524Z","31.835137","6",NULL
"13105","2018-05-15T18:10:21.236Z","31.579224","1",NULL
"13106","2018-05-15T18:09:54.952Z","33.482147","3",NULL
"13107","2018-05-15T18:09:54.766Z","33.383557","4",NULL
"13108","2018-05-15T18:10:20.411Z","33.48437","2",NULL
"13109","2018-05-15T18:08:18.701Z","29.395934","5",NULL
"13110","2018-05-15T18:08:16.774Z","31.584739","6",NULL
"13111","2018-05-15T18:10:21.427Z","31.324676","1",NULL
"13112","2018-05-15T18:09:55.250Z","33.276301","3",NULL
"13113","2018-05-15T18:09:55.031Z","33.140814","4",NULL
"13114","2018-05-15T18:10:20.625Z","33.105378","2",NULL
"13115","2018-05-15T18:08:18.824Z","29.80932","5",NULL
"13116","2018-05-15T18:08:17.292Z","31.084655","6",NULL
"13117","2018-05-15T18:09:55.463Z","32.97272","3",NULL
"13118","2018-05-15T18:10:21.920Z","30.812598","1",NULL
"13119","2018-05-15T18:09:55.312Z","32.934968","4",NULL
"13120","2018-05-15T18:10:20.918Z","32.856204","2",NULL
"13121","2018-05-15T18:08:18.969Z","30.142653","5",NULL
"13122","2018-05-15T18:08:18.268Z","30.250175","6",NULL
"13123","2018-05-15T18:09:55.953Z","32.532706","3",NULL
"13124","2018-05-15T18:10:23.304Z","29.612019","1",NULL
"13125","2018-05-15T18:08:19.007Z","31.267653","5",NULL
"13126","2018-05-15T18:09:55.512Z","32.631387","4",NULL
"13127","2018-05-15T18:10:21.268Z","32.528557","2",NULL
"13128","2018-05-15T18:08:18.695Z","29.870272","6",NULL
"13129","2018-05-15T18:09:57.312Z","31.14791","3",NULL
"13130","2018-05-15T18:09:55.998Z","32.191373","4",NULL
"13131","2018-05-15T18:08:19.055Z","31.267653","5",NULL
"13132","2018-05-15T18:10:21.479Z","32.274009","2",NULL
"13133","2018-05-15T18:10:23.518Z","29.41755","1",NULL
"13134","2018-05-15T18:08:18.765Z","29.729601","6",NULL
"13135","2018-05-15T18:10:23.602Z","29.41755","1",NULL
"13136","2018-05-15T18:10:21.944Z","31.761931","2",NULL
"13137","2018-05-15T18:09:57.333Z","30.806577","4",NULL
"13138","2018-05-15T18:09:57.448Z","30.969862","3",NULL
"13139","2018-05-15T18:08:19.101Z","31.267653","5",NULL
"13140","2018-05-15T18:08:18.904Z","29.72632","6",NULL
"13141","2018-05-15T18:08:21.269Z","31.267653","5",NULL
"13142","2018-05-15T18:09:57.479Z","32.591195","4",NULL
"13143","2018-05-15T18:10:23.324Z","30.561352","2",NULL
"13144","2018-05-15T18:10:23.682Z","31.334217","1",NULL
"13145","2018-05-15T18:09:57.482Z","30.956602","3",NULL
"13146","2018-05-15T18:08:18.972Z","29.72632","6",NULL
"13147","2018-05-15T18:09:57.486Z","32.577935","4",NULL
"13148","2018-05-15T18:10:23.554Z","30.366883","2",NULL
"13149","2018-05-15T18:10:23.779Z","31.41755","1",NULL
"13150","2018-05-15T18:09:57.538Z","32.866908","3",NULL
"13151","2018-05-15T18:08:21.352Z","32.225986","5",NULL
"13152","2018-05-15T18:08:19.073Z","29.72632","6",NULL
"13153","2018-05-15T18:10:23.603Z","30.366883","2",NULL
"13154","2018-05-15T18:09:57.494Z","32.576427","4",NULL
"13155","2018-05-15T18:08:19.109Z","29.72632","6",NULL
"13156","2018-05-15T18:08:21.539Z","33.267653","5",NULL
"13157","2018-05-15T18:10:23.860Z","31.41755","1",NULL
"13158","2018-05-15T18:09:57.695Z","32.336264","4",NULL
"13159","2018-05-15T18:10:23.662Z","32.32955","2",NULL
"13160","2018-05-15T18:08:21.555Z","33.267653","5",NULL
"13161","2018-05-15T18:08:21.088Z","31.688986","6",NULL
"13162","2018-05-15T18:09:57.872Z","32.182145","4",NULL
"13163","2018-05-15T18:10:23.725Z","32.32955","2",NULL
"13164","2018-05-15T18:10:24.998Z","31.41755","1",NULL
"13165","2018-05-15T18:08:21.772Z","33.136885","5",NULL
"13166","2018-05-15T18:08:21.271Z","31.688986","6",NULL
"13167","2018-05-15T18:09:57.692Z","32.714931","3",NULL
"13168","2018-05-15T18:09:58.109Z","31.927147","4",NULL
"13169","2018-05-15T18:10:23.863Z","32.32955","2",NULL
"13170","2018-05-15T18:10:25.619Z","33.41755","1",NULL
"13171","2018-05-15T18:09:57.856Z","32.560812","3",NULL
"13172","2018-05-15T18:09:58.406Z","31.639309","4",NULL
"13173","2018-05-15T18:08:22.076Z","32.881943","5",NULL
"13174","2018-05-15T18:08:21.383Z","33.651653","6",NULL
"13175","2018-05-15T18:10:24.791Z","34.292217","2",NULL
"13176","2018-05-15T18:09:58.107Z","32.305814","3",NULL
"13177","2018-05-15T18:10:25.659Z","33.41755","1",NULL
"13178","2018-05-15T18:08:21.445Z","33.651653","6",NULL
"13179","2018-05-15T18:08:22.304Z","32.621253","5",NULL
"13180","2018-05-15T18:09:59.035Z","31.639309","4",NULL
"13181","2018-05-15T18:10:26.994Z","33.41188","1",NULL
"13182","2018-05-15T18:09:58.404Z","32.017976","3",NULL
"13183","2018-05-15T18:10:25.019Z","34.292217","2",NULL
"13184","2018-05-15T18:08:21.556Z","33.651653","6",NULL
"13185","2018-05-15T18:09:59.306Z","33.601976","4",NULL
"13186","2018-05-15T18:08:23.733Z","31.492593","5",NULL
"13187","2018-05-15T18:10:27.464Z","32.947511","1",NULL
"13188","2018-05-15T18:10:25.793Z","34.292217","2",NULL
"13189","2018-05-15T18:09:59.004Z","32.017976","3",NULL
"13190","2018-05-15T18:08:24.223Z","31.052266","5",NULL
"13191","2018-05-15T18:09:59.451Z","33.601976","4",NULL
"13192","2018-05-15T18:08:21.776Z","33.520885","6",NULL
"13193","2018-05-15T18:09:59.444Z","32.142976","3",NULL
"13194","2018-05-15T18:10:27.008Z","34.286547","2",NULL
"13195","2018-05-15T18:10:27.767Z","32.676658","1",NULL
"13196","2018-05-15T18:09:59.491Z","33.601976","4",NULL
"13197","2018-05-15T18:08:22.107Z","33.265943","6",NULL
"13198","2018-05-15T18:08:24.327Z","30.883588","5",NULL
"13199","2018-05-15T18:10:27.470Z","33.822178","2",NULL
"13200","2018-05-15T18:09:59.471Z","33.142976","3",NULL
"13201","2018-05-15T18:10:28.044Z","32.421464","1",NULL
"13202","2018-05-15T18:08:24.391Z","30.852897","5",NULL
"13203","2018-05-15T18:08:22.360Z","33.005253","6",NULL
"13204","2018-05-15T18:09:59.794Z","33.601976","4",NULL
"13205","2018-05-15T18:10:28.616Z","31.86451","1",NULL
"13206","2018-05-15T18:10:27.795Z","33.551325","2",NULL
"13207","2018-05-15T18:09:59.631Z","34.017976","3",NULL
"13208","2018-05-15T18:08:23.736Z","31.876593","6",NULL
"13209","2018-05-15T18:10:00.464Z","33.475337","4",NULL
"13210","2018-05-15T18:08:24.482Z","31.323356","5",NULL
"13211","2018-05-15T18:10:28.087Z","33.296131","2",NULL
"13212","2018-05-15T18:10:29.025Z","31.438618","1",NULL
"13213","2018-05-15T18:09:59.792Z","34.017976","3",NULL
"13214","2018-05-15T18:08:24.253Z","31.436266","6",NULL
"13215","2018-05-15T18:10:00.650Z","33.277368","4",NULL
"13216","2018-05-15T18:08:24.606Z","32.345631","5",NULL
"13217","2018-05-15T18:10:28.619Z","32.739177","2",NULL
"13218","2018-05-15T18:10:30.123Z","30.357864","1",NULL
"13219","2018-05-15T18:08:24.365Z","30.975921","6",NULL
"13220","2018-05-15T18:10:00.415Z","33.891337","3",NULL
"13221","2018-05-15T18:10:00.979Z","32.962799","4",NULL
"13222","2018-05-15T18:08:24.732Z","32.156054","5",NULL
"13223","2018-05-15T18:10:00.644Z","33.693368","3",NULL
"13224","2018-05-15T18:10:30.215Z","30.191977","1",NULL
"13225","2018-05-15T18:08:24.398Z","30.94523","6",NULL
"13226","2018-05-15T18:10:29.060Z","32.313285","2",NULL
"13227","2018-05-15T18:08:24.782Z","32.107258","5",NULL
"13228","2018-05-15T18:10:01.413Z","32.680517","4",NULL
"13229","2018-05-15T18:10:30.136Z","31.232531","2",NULL
"13230","2018-05-15T18:08:24.508Z","30.790689","6",NULL
"13231","2018-05-15T18:10:30.452Z","31.953478","1",NULL
"13232","2018-05-15T18:10:00.976Z","33.378799","3",NULL
"13233","2018-05-15T18:10:01.567Z","32.417334","4",NULL
"13234","2018-05-15T18:08:24.830Z","32.069193","5",NULL
"13235","2018-05-15T18:10:30.217Z","33.02931","2",NULL
"13236","2018-05-15T18:10:30.467Z","31.945778","1",NULL
"13237","2018-05-15T18:10:01.278Z","33.096517","3",NULL
"13238","2018-05-15T18:08:24.675Z","30.729631","6",NULL
"13239","2018-05-15T18:10:01.904Z","32.04641","4",NULL
"13240","2018-05-15T18:08:25.532Z","31.410637","5",NULL
"13241","2018-05-15T18:10:01.508Z","32.833334","3",NULL
"13242","2018-05-15T18:08:24.784Z","30.491258","6",NULL
"13243","2018-05-15T18:10:30.512Z","31.897105","1",NULL
"13244","2018-05-15T18:10:30.258Z","32.985011","2",NULL
"13245","2018-05-15T18:08:25.992Z","30.963536","5",NULL
"13246","2018-05-15T18:10:02.554Z","31.462127","4",NULL
"13247","2018-05-15T18:10:01.875Z","32.46241","3",NULL
"13248","2018-05-15T18:08:24.836Z","30.453193","6",NULL
"13249","2018-05-15T18:10:30.780Z","31.683925","1",NULL
"13250","2018-05-15T18:10:30.472Z","32.783111","2",NULL
"13251","2018-05-15T18:10:02.855Z","31.050787","4",NULL
"13252","2018-05-15T18:08:26.042Z","30.963536","5",NULL
"13253","2018-05-15T18:10:30.517Z","32.734438","2",NULL
"13254","2018-05-15T18:10:31.227Z","31.191403","1",NULL
"13255","2018-05-15T18:08:25.540Z","29.794637","6",NULL
"13256","2018-05-15T18:10:02.506Z","31.878127","3",NULL
"13257","2018-05-15T18:10:03.116Z","30.800151","4",NULL
"13258","2018-05-15T18:08:26.320Z","31.088536","5",NULL
"13259","2018-05-15T18:08:26.015Z","31.310203","6",NULL
"13260","2018-05-15T18:10:31.641Z","30.778594","1",NULL
"13261","2018-05-15T18:10:30.788Z","32.521258","2",NULL
"13262","2018-05-15T18:10:02.852Z","31.466787","3",NULL
"13263","2018-05-15T18:08:26.490Z","31.588536","5",NULL
"13264","2018-05-15T18:08:26.043Z","31.310203","6",NULL
"13265","2018-05-15T18:10:03.690Z","30.294888","4",NULL
"13266","2018-05-15T18:10:31.259Z","32.028736","2",NULL
"13267","2018-05-15T18:10:03.109Z","31.216151","3",NULL
"13268","2018-05-15T18:10:32.307Z","30.150198","1",NULL
"13269","2018-05-15T18:08:26.045Z","31.310203","6",NULL
"13270","2018-05-15T18:10:04.061Z","29.864238","4",NULL
"13271","2018-05-15T18:08:26.867Z","32.296869","5",NULL
"13272","2018-05-15T18:10:03.658Z","30.710888","3",NULL
"13273","2018-05-15T18:10:32.624Z","29.821887","1",NULL
"13274","2018-05-15T18:10:31.656Z","31.615927","2",NULL
"13275","2018-05-15T18:08:26.322Z","31.310203","6",NULL
"13276","2018-05-15T18:08:27.159Z","32.963536","5",NULL
"13277","2018-05-15T18:10:04.344Z","29.560086","4",NULL
"13278","2018-05-15T18:08:26.555Z","31.310203","6",NULL
"13279","2018-05-15T18:10:33.005Z","29.49356","1",NULL
"13280","2018-05-15T18:10:04.058Z","30.280238","3",NULL
"13281","2018-05-15T18:10:32.309Z","30.987531","2",NULL
"13282","2018-05-15T18:10:04.428Z","29.553923","4",NULL
"13283","2018-05-15T18:08:27.175Z","32.963536","5",NULL
"13284","2018-05-15T18:10:33.071Z","29.481298","1",NULL
"13285","2018-05-15T18:08:26.944Z","33.272869","6",NULL
"13286","2018-05-15T18:10:04.125Z","32.194043","3",NULL
"13287","2018-05-15T18:10:32.653Z","30.65922","2",NULL
"13288","2018-05-15T18:08:27.186Z","32.963536","5",NULL
"13289","2018-05-15T18:10:04.683Z","29.303696","4",NULL
"13290","2018-05-15T18:08:27.010Z","33.272869","6",NULL
"13291","2018-05-15T18:10:04.341Z","31.976086","3",NULL
"13292","2018-05-15T18:10:32.816Z","32.400029","2",NULL
"13293","2018-05-15T18:10:33.290Z","29.915192","1",NULL
"13294","2018-05-15T18:08:28.780Z","32.82906","5",NULL
"13295","2018-05-15T18:10:04.786Z","29.171144","4",NULL
"13296","2018-05-15T18:08:27.163Z","33.272869","6",NULL
"13297","2018-05-15T18:10:04.386Z","31.969923","3",NULL
"13298","2018-05-15T18:10:33.059Z","32.29356","2",NULL
"13299","2018-05-15T18:10:33.326Z","29.915192","1",NULL
"13300","2018-05-15T18:10:05.275Z","29.171144","4",NULL
"13301","2018-05-15T18:08:29.271Z","32.338044","5",NULL
"13302","2018-05-15T18:08:27.189Z","33.272869","6",NULL
"13303","2018-05-15T18:10:33.361Z","29.915192","1",NULL
"13304","2018-05-15T18:10:04.644Z","31.719696","3",NULL
"13305","2018-05-15T18:10:33.090Z","32.281298","2",NULL
"13306","2018-05-15T18:08:29.775Z","31.83308","5",NULL
"13307","2018-05-15T18:10:06.532Z","31.133811","4",NULL
"13308","2018-05-15T18:10:04.770Z","31.587144","3",NULL
"13309","2018-05-15T18:10:33.381Z","31.248525","1",NULL
"13310","2018-05-15T18:10:33.293Z","32.048525","2",NULL
"13311","2018-05-15T18:08:28.782Z","33.138393","6",NULL
"13312","2018-05-15T18:10:06.626Z","31.133811","4",NULL
"13313","2018-05-15T18:08:30.531Z","31.082652","5",NULL
"13314","2018-05-15T18:10:33.435Z","31.248525","1",NULL
"13315","2018-05-15T18:10:05.222Z","31.587144","3",NULL
"13316","2018-05-15T18:08:29.275Z","32.647377","6",NULL
"13317","2018-05-15T18:10:33.327Z","32.048525","2",NULL
"13318","2018-05-15T18:10:07.129Z","33.096477","4",NULL
"13319","2018-05-15T18:08:30.891Z","31.303277","5",NULL
"13320","2018-05-15T18:10:33.371Z","32.048525","2",NULL
"13321","2018-05-15T18:08:29.777Z","32.142413","6",NULL
"13322","2018-05-15T18:10:06.502Z","31.587144","3",NULL
"13323","2018-05-15T18:10:33.660Z","31.248525","1",NULL
"13324","2018-05-15T18:10:07.178Z","33.096477","4",NULL
"13325","2018-05-15T18:08:30.926Z","31.282171","5",NULL
"13326","2018-05-15T18:10:07.115Z","33.587144","3",NULL
"13327","2018-05-15T18:08:30.535Z","31.391985","6",NULL
"13328","2018-05-15T18:10:33.383Z","32.048525","2",NULL
"13329","2018-05-15T18:10:35.080Z","31.248525","1",NULL
"13330","2018-05-15T18:08:31.001Z","32.602246","5",NULL
"13331","2018-05-15T18:10:07.353Z","33.061069","4",NULL
"13332","2018-05-15T18:10:07.166Z","33.587144","3",NULL
"13333","2018-05-15T18:08:30.704Z","33.177094","6",NULL
"13334","2018-05-15T18:10:33.662Z","32.048525","2",NULL
"13335","2018-05-15T18:10:35.503Z","31.665192","1",NULL
"13336","2018-05-15T18:10:07.853Z","32.559639","4",NULL
"13337","2018-05-15T18:08:31.025Z","32.580947","5",NULL
"13338","2018-05-15T18:10:07.351Z","33.551736","3",NULL
"13339","2018-05-15T18:10:34.842Z","34.011192","2",NULL
"13340","2018-05-15T18:08:30.919Z","33.075277","6",NULL
"13341","2018-05-15T18:10:35.618Z","33.248525","1",NULL
"13342","2018-05-15T18:10:08.102Z","32.308511","4",NULL
"13343","2018-05-15T18:08:31.281Z","32.336847","5",NULL
"13344","2018-05-15T18:10:35.095Z","34.011192","2",NULL
"13345","2018-05-15T18:10:07.850Z","33.050306","3",NULL
"13346","2018-05-15T18:10:35.759Z","33.248525","1",NULL
"13347","2018-05-15T18:08:30.933Z","33.054171","6",NULL
"13348","2018-05-15T18:08:31.769Z","31.840313","5",NULL
"13349","2018-05-15T18:10:08.406Z","32.005875","4",NULL
"13350","2018-05-15T18:08:31.005Z","32.874246","6",NULL
"13351","2018-05-15T18:10:08.100Z","32.799178","3",NULL
"13352","2018-05-15T18:10:35.521Z","34.011192","2",NULL
"13353","2018-05-15T18:10:37.463Z","33.236269","1",NULL
"13354","2018-05-15T18:08:32.022Z","31.591355","5",NULL
"13355","2018-05-15T18:10:09.270Z","31.182713","4",NULL
"13356","2018-05-15T18:08:32.272Z","31.340785","5",NULL
"13357","2018-05-15T18:10:08.404Z","32.496542","3",NULL
"13358","2018-05-15T18:10:35.761Z","34.011192","2",NULL
"13359","2018-05-15T18:08:31.291Z","32.608847","6",NULL
"13360","2018-05-15T18:10:37.760Z","33.043005","1",NULL
"13361","2018-05-15T18:10:09.406Z","32.971504","4",NULL
"13362","2018-05-15T18:10:37.465Z","33.998936","2",NULL
"13363","2018-05-15T18:10:38.309Z","32.477222","1",NULL
"13364","2018-05-15T18:10:09.228Z","31.67338","3",NULL
"13365","2018-05-15T18:08:33.651Z","30.240026","5",NULL
"13366","2018-05-15T18:08:31.784Z","32.112313","6",NULL
"13367","2018-05-15T18:10:09.491Z","32.920164","4",NULL
"13368","2018-05-15T18:10:37.775Z","33.805672","2",NULL
"13369","2018-05-15T18:10:38.712Z","32.048981","1",NULL
"13370","2018-05-15T18:08:33.875Z","29.774972","5",NULL
"13371","2018-05-15T18:08:32.043Z","31.863355","6",NULL
"13372","2018-05-15T18:10:09.488Z","31.656497","3",NULL
"13373","2018-05-15T18:10:09.707Z","32.747381","4",NULL
"13374","2018-05-15T18:10:09.678Z","32.733714","3",NULL
"13375","2018-05-15T18:10:38.973Z","31.791091","1",NULL
"13376","2018-05-15T18:08:32.278Z","31.612785","6",NULL
"13377","2018-05-15T18:08:33.978Z","29.680954","5",NULL
"13378","2018-05-15T18:10:38.334Z","33.239889","2",NULL
"13379","2018-05-15T18:10:09.784Z","32.74596","4",NULL
"13380","2018-05-15T18:08:33.686Z","30.512026","6",NULL
"13381","2018-05-15T18:10:39.228Z","31.539812","1",NULL
"13382","2018-05-15T18:10:09.759Z","32.732293","3",NULL
"13383","2018-05-15T18:08:34.200Z","30.267598","5",NULL
"13384","2018-05-15T18:10:38.714Z","32.811648","2",NULL
"13385","2018-05-15T18:08:33.885Z","30.046972","6",NULL
"13386","2018-05-15T18:10:10.173Z","32.386894","4",NULL
"13387","2018-05-15T18:10:39.995Z","30.974248","1",NULL
"13388","2018-05-15T18:08:34.316Z","30.463738","5",NULL
"13389","2018-05-15T18:10:38.975Z","32.553758","2",NULL
"13390","2018-05-15T18:10:09.880Z","33.016035","3",NULL
"13391","2018-05-15T18:08:33.991Z","31.915621","6",NULL
"13392","2018-05-15T18:10:10.284Z","32.173478","4",NULL
"13393","2018-05-15T18:10:40.290Z","30.579417","1",NULL
"13394","2018-05-15T18:10:10.091Z","32.914894","3",NULL
"13395","2018-05-15T18:08:34.379Z","31.223576","5",NULL
"13396","2018-05-15T18:10:39.231Z","32.302479","2",NULL
"13397","2018-05-15T18:08:34.020Z","31.858961","6",NULL
"13398","2018-05-15T18:10:10.432Z","32.060726","4",NULL
"13399","2018-05-15T18:10:40.481Z","30.351257","1",NULL
"13400","2018-05-15T18:08:34.528Z","31.079863","5",NULL
"13401","2018-05-15T18:10:10.227Z","32.701478","3",NULL
"13402","2018-05-15T18:10:40.062Z","31.736915","2",NULL
"13403","2018-05-15T18:08:34.222Z","31.710598","6",NULL
"13404","2018-05-15T18:10:10.805Z","31.692751","4",NULL
"13405","2018-05-15T18:08:34.588Z","31.078801","5",NULL
"13406","2018-05-15T18:10:40.360Z","31.342084","2",NULL
"13407","2018-05-15T18:10:40.559Z","32.277356","1",NULL
"13408","2018-05-15T18:10:10.385Z","32.588726","3",NULL
"13409","2018-05-15T18:08:34.341Z","31.573405","6",NULL
"13410","2018-05-15T18:10:11.809Z","30.795174","4",NULL
"13411","2018-05-15T18:10:40.664Z","32.167071","1",NULL
"13412","2018-05-15T18:10:10.704Z","32.220751","3",NULL
"13413","2018-05-15T18:08:36.083Z","29.544117","5",NULL
"13414","2018-05-15T18:10:40.483Z","31.113924","2",NULL
"13415","2018-05-15T18:08:34.531Z","31.31453","6",NULL
"13416","2018-05-15T18:10:11.971Z","32.757841","4",NULL
"13417","2018-05-15T18:10:40.965Z","31.868946","1",NULL
"13418","2018-05-15T18:08:34.642Z","31.313468","6",NULL
"13419","2018-05-15T18:10:11.785Z","31.323174","3",NULL
"13420","2018-05-15T18:10:40.689Z","30.929738","2",NULL
"13421","2018-05-15T18:08:36.609Z","29.347391","5",NULL
"13422","2018-05-15T18:10:12.102Z","32.757841","4",NULL
"13423","2018-05-15T18:10:41.227Z","31.620289","1",NULL
"13424","2018-05-15T18:08:36.115Z","29.778784","6",NULL
"13425","2018-05-15T18:10:40.967Z","30.631613","2",NULL
"13426","2018-05-15T18:08:36.635Z","29.347391","5",NULL
"13427","2018-05-15T18:10:12.098Z","31.531507","3",NULL
"13428","2018-05-15T18:10:12.406Z","32.757841","4",NULL
"13429","2018-05-15T18:10:41.251Z","30.382956","2",NULL
"13430","2018-05-15T18:08:36.611Z","31.544724","6",NULL
"13431","2018-05-15T18:10:12.203Z","33.323174","3",NULL
"13432","2018-05-15T18:08:36.716Z","29.347391","5",NULL
"13433","2018-05-15T18:10:41.469Z","31.37128","1",NULL
"13434","2018-05-15T18:10:14.043Z","32.756969","4",NULL
"13435","2018-05-15T18:08:36.665Z","31.544724","6",NULL
"13436","2018-05-15T18:10:41.494Z","30.133947","2",NULL
"13437","2018-05-15T18:10:12.395Z","33.323174","3",NULL
"13438","2018-05-15T18:08:36.812Z","29.347391","5",NULL
"13439","2018-05-15T18:10:42.267Z","30.619483","1",NULL
"13440","2018-05-15T18:10:14.531Z","32.474927","4",NULL
"13441","2018-05-15T18:08:36.727Z","31.544724","6",NULL
"13442","2018-05-15T18:10:42.276Z","29.38215","2",NULL
"13443","2018-05-15T18:10:14.026Z","33.322302","3",NULL
"13444","2018-05-15T18:08:36.926Z","31.347391","5",NULL
"13445","2018-05-15T18:10:42.742Z","30.09599","1",NULL
"13446","2018-05-15T18:10:42.790Z","28.858657","2",NULL
"13447","2018-05-15T18:10:14.926Z","31.977443","4",NULL
"13448","2018-05-15T18:08:36.737Z","31.544724","6",NULL
"13449","2018-05-15T18:10:14.381Z","33.04026","3",NULL
"13450","2018-05-15T18:08:37.021Z","31.347391","5",NULL
"13451","2018-05-15T18:10:43.128Z","30.472073","2",NULL
"13452","2018-05-15T18:10:43.118Z","29.74674","1",NULL
"13453","2018-05-15T18:10:14.897Z","32.542776","3",NULL
"13454","2018-05-15T18:10:15.350Z","31.4814","4",NULL
"13455","2018-05-15T18:08:36.846Z","31.544724","6",NULL
"13456","2018-05-15T18:08:38.723Z","30.246397","5",NULL
"13457","2018-05-15T18:10:43.179Z","30.459226","2",NULL
"13458","2018-05-15T18:10:43.156Z","29.733893","1",NULL
"13459","2018-05-15T18:10:15.349Z","32.046733","3",NULL
"13460","2018-05-15T18:08:37.040Z","31.544724","6",NULL
"13461","2018-05-15T18:10:15.601Z","31.228925","4",NULL
"13462","2018-05-15T18:10:43.207Z","30.457769","2",NULL
"13463","2018-05-15T18:10:43.462Z","29.800736","1",NULL
"13464","2018-05-15T18:08:39.181Z","29.675044","5",NULL
"13465","2018-05-15T18:10:15.857Z","30.978713","4",NULL
"13466","2018-05-15T18:08:38.795Z","30.44373","6",NULL
"13467","2018-05-15T18:10:15.599Z","31.794258","3",NULL
"13468","2018-05-15T18:10:43.470Z","30.401069","2",NULL
"13469","2018-05-15T18:10:43.509Z","29.800736","1",NULL
"13470","2018-05-15T18:08:39.267Z","29.61933","5",NULL
"13471","2018-05-15T18:10:43.522Z","30.401069","2",NULL
"13472","2018-05-15T18:08:39.235Z","31.835044","6",NULL
"13473","2018-05-15T18:10:17.340Z","29.730011","4",NULL
"13474","2018-05-15T18:10:15.855Z","31.544046","3",NULL
"13475","2018-05-15T18:10:43.534Z","29.800736","1",NULL
"13476","2018-05-15T18:08:39.609Z","29.571056","5",NULL
"13477","2018-05-15T18:10:17.855Z","31.177591","4",NULL
"13478","2018-05-15T18:10:17.253Z","30.295344","3",NULL
"13479","2018-05-15T18:08:39.427Z","31.77933","6",NULL
"13480","2018-05-15T18:10:43.545Z","30.401069","2",NULL
"13481","2018-05-15T18:10:43.594Z","30.509069","1",NULL
"13482","2018-05-15T18:08:39.755Z","29.844076","5",NULL
"13483","2018-05-15T18:10:17.875Z","31.134977","4",NULL
"13484","2018-05-15T18:10:17.852Z","29.780258","3",NULL
"13485","2018-05-15T18:10:43.625Z","30.401069","2",NULL
"13486","2018-05-15T18:08:39.578Z","31.741778","6",NULL
"13487","2018-05-15T18:08:39.802Z","29.79149","5",NULL
"13488","2018-05-15T18:10:43.711Z","31.675736","1",NULL
"13489","2018-05-15T18:10:17.892Z","30.948374","4",NULL
"13490","2018-05-15T18:10:43.811Z","30.401069","2",NULL
"13491","2018-05-15T18:08:39.652Z","31.314389","6",NULL
"13492","2018-05-15T18:10:17.858Z","29.737644","3",NULL
"13493","2018-05-15T18:10:43.809Z","31.675736","1",NULL
"13494","2018-05-15T18:08:39.952Z","30.08841","5",NULL
"13495","2018-05-15T18:08:39.782Z","31.254076","6",NULL
"13496","2018-05-15T18:10:44.755Z","31.801757","2",NULL
"13497","2018-05-15T18:10:18.124Z","29.613066","3",NULL
"13498","2018-05-15T18:10:18.205Z","30.802066","4",NULL
"13499","2018-05-15T18:08:39.824Z","31.20149","6",NULL
"13500","2018-05-15T18:10:45.171Z","31.675736","1",NULL
"13501","2018-05-15T18:08:39.975Z","30.087393","5",NULL
"13502","2018-05-15T18:10:45.210Z","31.801757","2",NULL
"13503","2018-05-15T18:10:18.294Z","30.723743","4",NULL
"13504","2018-05-15T18:10:18.241Z","29.534743","3",NULL
"13505","2018-05-15T18:08:39.954Z","30.99841","6",NULL
"13506","2018-05-15T18:08:40.650Z","30.200028","5",NULL
"13507","2018-05-15T18:10:47.211Z","31.568917","1",NULL
"13508","2018-05-15T18:10:47.216Z","31.694938","2",NULL
"13509","2018-05-15T18:10:18.445Z","29.793903","3",NULL
"13510","2018-05-15T18:10:18.468Z","30.399569","4",NULL
"13511","2018-05-15T18:08:40.005Z","30.997393","6",NULL
"13512","2018-05-15T18:10:47.462Z","31.317209","1",NULL
"13513","2018-05-15T18:08:40.654Z","30.187258","5",NULL
"13514","2018-05-15T18:10:18.554Z","30.398111","4",NULL
"13515","2018-05-15T18:10:47.463Z","31.44323","2",NULL
"13516","2018-05-15T18:10:18.489Z","29.792445","3",NULL
"13517","2018-05-15T18:10:47.967Z","30.813858","1",NULL
"13518","2018-05-15T18:08:40.718Z","30.103873","5",NULL
"13519","2018-05-15T18:08:40.652Z","30.360028","6",NULL
"13520","2018-05-15T18:10:19.332Z","30.09933","3",NULL
"13521","2018-05-15T18:10:47.986Z","30.939879","2",NULL
"13522","2018-05-15T18:10:19.345Z","29.704996","4",NULL
"13523","2018-05-15T18:10:48.463Z","30.317107","1",NULL
"13524","2018-05-15T18:08:41.082Z","29.825645","5",NULL
"13525","2018-05-15T18:08:40.684Z","30.347258","6",NULL
"13526","2018-05-15T18:10:19.353Z","29.704996","4",NULL
"13527","2018-05-15T18:10:19.348Z","30.09933","3",NULL
"13528","2018-05-15T18:10:48.481Z","30.443128","2",NULL
"13529","2018-05-15T18:10:48.961Z","29.815683","1",NULL
"13530","2018-05-15T18:08:41.107Z","29.779574","5",NULL
"13531","2018-05-15T18:08:40.831Z","32.045453","6",NULL
"13532","2018-05-15T18:10:19.363Z","30.09933","3",NULL
"13533","2018-05-15T18:10:49.007Z","29.941704","2",NULL
"13534","2018-05-15T18:10:19.386Z","29.704996","4",NULL
"13535","2018-05-15T18:08:41.555Z","29.489707","5",NULL
"13536","2018-05-15T18:10:49.221Z","29.559174","1",NULL
"13537","2018-05-15T18:08:41.105Z","31.948312","6",NULL
"13538","2018-05-15T18:10:49.223Z","29.685195","2",NULL
"13539","2018-05-15T18:10:19.887Z","29.704996","4",NULL
"13540","2018-05-15T18:10:19.757Z","30.307663","3",NULL
"13541","2018-05-15T18:08:41.579Z","29.381932","5",NULL
"13542","2018-05-15T18:10:49.724Z","29.057074","1",NULL
"13543","2018-05-15T18:08:41.159Z","31.902241","6",NULL
"13544","2018-05-15T18:10:49.730Z","29.183095","2",NULL
"13545","2018-05-15T18:10:19.885Z","30.307663","3",NULL
"13546","2018-05-15T18:10:19.946Z","31.667663","4",NULL
"13547","2018-05-15T18:08:41.832Z","29.427055","5",NULL
"13548","2018-05-15T18:10:50.211Z","28.567107","1",NULL
"13549","2018-05-15T18:08:41.570Z","31.487374","6",NULL
"13550","2018-05-15T18:10:20.253Z","31.667663","4",NULL
"13551","2018-05-15T18:10:20.248Z","30.515996","3",NULL
"13552","2018-05-15T18:10:50.227Z","28.693128","2",NULL
"13553","2018-05-15T18:08:41.593Z","31.379599","6",NULL
"13554","2018-05-15T18:10:50.472Z","28.313385","1",NULL
"13555","2018-05-15T18:08:41.872Z","29.396655","5",NULL
"13556","2018-05-15T18:10:20.429Z","30.807663","3",NULL
"13557","2018-05-15T18:10:20.468Z","31.667663","4",NULL
"13558","2018-05-15T18:10:50.475Z","28.439406","2",NULL
"13559","2018-05-15T18:08:41.847Z","31.258055","6",NULL
"13560","2018-05-15T18:10:50.989Z","27.819087","1",NULL
"13561","2018-05-15T18:08:42.210Z","30.184651","5",NULL
"13562","2018-05-15T18:10:20.884Z","31.667663","4",NULL
"13563","2018-05-15T18:10:51.016Z","27.945108","2",NULL
"13564","2018-05-15T18:10:20.870Z","31.765996","3",NULL
"13565","2018-05-15T18:10:51.235Z","27.56561","1",NULL
"13566","2018-05-15T18:08:42.337Z","30.145784","5",NULL
"13567","2018-05-15T18:08:41.874Z","31.227655","6",NULL
"13568","2018-05-15T18:10:21.066Z","31.667663","4",NULL
"13569","2018-05-15T18:10:51.238Z","27.691631","2",NULL
"13570","2018-05-15T18:10:21.044Z","32.09933","3",NULL
"13571","2018-05-15T18:08:42.479Z","30.381595","5",NULL
"13572","2018-05-15T18:08:42.255Z","30.807318","6",NULL
"13573","2018-05-15T18:10:51.310Z","27.467384","1",NULL
"13574","2018-05-15T18:10:22.254Z","31.527338","4",NULL
"13575","2018-05-15T18:10:21.176Z","32.307663","3",NULL
"13576","2018-05-15T18:10:51.325Z","27.593405","2",NULL
"13577","2018-05-15T18:10:51.804Z","27.467384","1",NULL
"13578","2018-05-15T18:08:42.570Z","30.272993","5",NULL
"13579","2018-05-15T18:08:42.359Z","30.768451","6",NULL
"13580","2018-05-15T18:10:22.241Z","32.375671","3",NULL
"13581","2018-05-15T18:10:22.534Z","31.483033","4",NULL
"13582","2018-05-15T18:10:51.827Z","27.593405","2",NULL
"13583","2018-05-15T18:08:42.550Z","30.504262","6",NULL
"13584","2018-05-15T18:08:42.878Z","30.051806","5",NULL
"13585","2018-05-15T18:10:53.522Z","27.310616","1",NULL
"13586","2018-05-15T18:10:22.337Z","32.331366","3",NULL
"13587","2018-05-15T18:10:53.537Z","27.436637","2",NULL
"13588","2018-05-15T18:10:22.750Z","32.755818","4",NULL
"13589","2018-05-15T18:08:42.918Z","30.174473","6",NULL
"13590","2018-05-15T18:08:42.937Z","30.023745","5",NULL
"13591","2018-05-15T18:10:53.967Z","26.80532","1",NULL
"13592","2018-05-15T18:10:54.029Z","26.931341","2",NULL
"13593","2018-05-15T18:10:22.815Z","32.748632","4",NULL
"13594","2018-05-15T18:10:22.811Z","32.217632","3",NULL
"13595","2018-05-15T18:08:42.940Z","30.146412","6",NULL
"13596","2018-05-15T18:08:43.110Z","30.004727","5",NULL
"13597","2018-05-15T18:10:54.471Z","26.307912","1",NULL
"13598","2018-05-15T18:10:22.849Z","32.738468","4",NULL
"13599","2018-05-15T18:10:54.474Z","26.433933","2",NULL
"13600","2018-05-15T18:10:22.841Z","32.207468","3",NULL
"13601","2018-05-15T18:08:43.151Z","29.999051","5",NULL
"13602","2018-05-15T18:10:54.962Z","25.811649","1",NULL
"13603","2018-05-15T18:08:43.136Z","29.794061","6",NULL
"13604","2018-05-15T18:10:23.147Z","32.472888","4",NULL
"13605","2018-05-15T18:10:23.136Z","32.816888","3",NULL
"13606","2018-05-15T18:10:54.965Z","25.93767","2",NULL
"13607","2018-05-15T18:08:43.705Z","29.93041","5",NULL
"13608","2018-05-15T18:08:43.191Z","29.788385","6",NULL
"13609","2018-05-15T18:10:55.238Z","25.561575","1",NULL
"13610","2018-05-15T18:10:23.195Z","32.396103","4",NULL
"13611","2018-05-15T18:10:55.249Z","25.687596","2",NULL
"13612","2018-05-15T18:10:23.160Z","32.740103","3",NULL
"13613","2018-05-15T18:08:43.726Z","29.929327","5",NULL
"13614","2018-05-15T18:10:55.461Z","25.311567","1",NULL
"13615","2018-05-15T18:08:43.713Z","29.38641","6",NULL
"13616","2018-05-15T18:10:23.440Z","32.171723","4",NULL
"13617","2018-05-15T18:10:23.227Z","33.048053","3",NULL
"13618","2018-05-15T18:10:55.463Z","25.437588","2",NULL
"13619","2018-05-15T18:10:55.882Z","25.035706","1",NULL
"13620","2018-05-15T18:08:43.962Z","29.804168","5",NULL
"13621","2018-05-15T18:08:43.747Z","29.385327","6",NULL
"13622","2018-05-15T18:10:23.469Z","32.127753","4",NULL
"13623","2018-05-15T18:10:23.395Z","32.849056","3",NULL
"13624","2018-05-15T18:10:55.894Z","25.161727","2",NULL
"13625","2018-05-15T18:10:24.100Z","31.469909","4",NULL
"13626","2018-05-15T18:08:44.002Z","29.803168","5",NULL
"13627","2018-05-15T18:08:43.974Z","28.968502","6",NULL
"13628","2018-05-15T18:10:56.231Z","24.553575","1",NULL
"13629","2018-05-15T18:10:23.442Z","32.805086","3",NULL
"13630","2018-05-15T18:10:56.318Z","24.679596","2",NULL
"13631","2018-05-15T18:10:56.713Z","24.064779","1",NULL
"13632","2018-05-15T18:08:44.640Z","29.703534","5",NULL
"13633","2018-05-15T18:08:44.041Z","28.967502","6",NULL
"13634","2018-05-15T18:10:24.164Z","31.458636","4",NULL
"13635","2018-05-15T18:10:56.722Z","24.1908","2",NULL
"13636","2018-05-15T18:10:24.089Z","33.188909","3",NULL
"13637","2018-05-15T18:10:56.969Z","23.813422","1",NULL
"13638","2018-05-15T18:08:44.809Z","29.636497","5",NULL
"13639","2018-05-15T18:08:44.646Z","30.3722","6",NULL
"13640","2018-05-15T18:10:24.215Z","33.267807","4",NULL
"13641","2018-05-15T18:10:56.971Z","23.939443","2",NULL
"13642","2018-05-15T18:10:24.123Z","33.177636","3",NULL
"13643","2018-05-15T18:10:57.467Z","23.313775","1",NULL
"13644","2018-05-15T18:08:44.679Z","30.296564","6",NULL
"13645","2018-05-15T18:08:44.857Z","29.635462","5",NULL
"13646","2018-05-15T18:10:24.352Z","33.148988","4",NULL
"13647","2018-05-15T18:10:57.477Z","23.439796","2",NULL
"13648","2018-05-15T18:10:24.272Z","33.928727","3",NULL
"13649","2018-05-15T18:10:24.462Z","33.089926","4",NULL
"13650","2018-05-15T18:08:44.853Z","30.055163","6",NULL
"13651","2018-05-15T18:08:45.111Z","29.759239","5",NULL
"13652","2018-05-15T18:10:57.855Z","22.928717","1",NULL
"13653","2018-05-15T18:10:24.347Z","33.863655","3",NULL
"13654","2018-05-15T18:10:57.863Z","23.054738","2",NULL
"13655","2018-05-15T18:10:58.229Z","22.928717","1",NULL
"13656","2018-05-15T18:08:45.162Z","29.759239","5",NULL
"13657","2018-05-15T18:10:24.852Z","32.628848","4",NULL
"13658","2018-05-15T18:08:44.940Z","30.054128","6",NULL
"13659","2018-05-15T18:10:58.273Z","23.054738","2",NULL
"13660","2018-05-15T18:10:24.460Z","33.804593","3",NULL
"13661","2018-05-15T18:10:25.164Z","32.378369","4",NULL
"13662","2018-05-15T18:08:45.114Z","29.886239","6",NULL
"13663","2018-05-15T18:10:59.475Z","22.717192","1",NULL
"13664","2018-05-15T18:08:45.809Z","29.800906","5",NULL
"13665","2018-05-15T18:10:59.480Z","22.843213","2",NULL
"13666","2018-05-15T18:10:24.850Z","33.343515","3",NULL
"13667","2018-05-15T18:10:25.608Z","31.878426","4",NULL
"13668","2018-05-15T18:10:59.715Z","22.466682","1",NULL
"13669","2018-05-15T18:08:45.829Z","29.800906","5",NULL
"13670","2018-05-15T18:08:45.172Z","29.886239","6",NULL
"13671","2018-05-15T18:10:59.733Z","22.592703","2",NULL
"13672","2018-05-15T18:10:25.104Z","33.093036","3",NULL
"13673","2018-05-15T18:08:45.812Z","29.886239","6",NULL
"13674","2018-05-15T18:08:45.876Z","29.800906","5",NULL
"13675","2018-05-15T18:10:59.986Z","22.214013","1",NULL
"13676","2018-05-15T18:10:25.920Z","31.628227","4",NULL
"13677","2018-05-15T18:11:00.003Z","22.340034","2",NULL
"13678","2018-05-15T18:10:25.601Z","32.593093","3",NULL
"13679","2018-05-15T18:08:45.877Z","29.886239","6",NULL
"13680","2018-05-15T18:11:00.217Z","21.961115","1",NULL
"13681","2018-05-15T18:08:46.102Z","31.134239","5",NULL
"13682","2018-05-15T18:10:26.370Z","31.157985","4",NULL
"13683","2018-05-15T18:11:00.219Z","22.087136","2",NULL
"13684","2018-05-15T18:10:25.849Z","32.342894","3",NULL
"13685","2018-05-15T18:08:46.025Z","31.848906","6",NULL
"13686","2018-05-15T18:11:00.764Z","21.467967","1",NULL
"13687","2018-05-15T18:08:46.202Z","31.800906","5",NULL
"13688","2018-05-15T18:10:26.692Z","33.120652","4",NULL
"13689","2018-05-15T18:11:00.787Z","21.593988","2",NULL
"13690","2018-05-15T18:10:26.366Z","31.872652","3",NULL
"13691","2018-05-15T18:08:46.110Z","31.848906","6",NULL
"13692","2018-05-15T18:08:46.469Z","33.800906","5",NULL
"13693","2018-05-15T18:11:01.217Z","20.960853","1",NULL
"13694","2018-05-15T18:10:26.819Z","33.120652","4",NULL
"13695","2018-05-15T18:10:26.785Z","32.122652","3",NULL
"13696","2018-05-15T18:11:01.287Z","21.086874","2",NULL
"13697","2018-05-15T18:08:46.592Z","33.800906","5",NULL
"13698","2018-05-15T18:08:46.600Z","31.848906","6",NULL
"13699","2018-05-15T18:10:27.098Z","33.120652","4",NULL
"13700","2018-05-15T18:11:01.471Z","20.704117","1",NULL
"13701","2018-05-15T18:11:01.521Z","20.830138","2",NULL
"13702","2018-05-15T18:08:46.613Z","33.776743","5",NULL
"13703","2018-05-15T18:10:26.908Z","33.872652","3",NULL
"13704","2018-05-15T18:08:46.648Z","31.824743","6",NULL
"13705","2018-05-15T18:10:27.851Z","33.047186","4",NULL
"13706","2018-05-15T18:11:01.961Z","20.214319","1",NULL
"13707","2018-05-15T18:11:01.973Z","20.34034","2",NULL
"13708","2018-05-15T18:08:47.526Z","33.496029","5",NULL
"13709","2018-05-15T18:10:27.093Z","33.872652","3",NULL
"13710","2018-05-15T18:10:28.169Z","32.786383","4",NULL
"13711","2018-05-15T18:11:02.460Z","19.714467","1",NULL
"13712","2018-05-15T18:08:47.679Z","31.502362","6",NULL
"13713","2018-05-15T18:11:02.462Z","19.840488","2",NULL
"13714","2018-05-15T18:08:48.846Z","32.048609","5",NULL
"13715","2018-05-15T18:10:27.849Z","33.799186","3",NULL
"13716","2018-05-15T18:11:02.738Z","19.459988","1",NULL
"13717","2018-05-15T18:10:28.500Z","32.499612","4",NULL
"13718","2018-05-15T18:08:48.922Z","29.804942","6",NULL
"13719","2018-05-15T18:11:02.813Z","19.586009","2",NULL
"13720","2018-05-15T18:10:28.134Z","33.538383","3",NULL
"13721","2018-05-15T18:08:48.966Z","31.995322","5",NULL
"13722","2018-05-15T18:11:02.989Z","19.202098","1",NULL
"13723","2018-05-15T18:10:29.583Z","31.405083","4",NULL
"13724","2018-05-15T18:08:49.026Z","29.751655","6",NULL
"13725","2018-05-15T18:10:28.436Z","33.251612","3",NULL
"13726","2018-05-15T18:08:49.301Z","31.745399","5",NULL
"13727","2018-05-15T18:11:03.017Z","19.328119","2",NULL
"13728","2018-05-15T18:10:30.056Z","33.045712","4",NULL
"13729","2018-05-15T18:11:03.462Z","18.727025","1",NULL
"13730","2018-05-15T18:08:49.333Z","29.251732","6",NULL
"13731","2018-05-15T18:11:03.468Z","18.853046","2",NULL
"13732","2018-05-15T18:10:29.533Z","32.157083","3",NULL
"13733","2018-05-15T18:08:49.434Z","31.707896","5",NULL
"13734","2018-05-15T18:10:30.059Z","33.044348","4",NULL
"13735","2018-05-15T18:11:03.722Z","18.476329","1",NULL
"13736","2018-05-15T18:08:49.454Z","29.214229","6",NULL
"13737","2018-05-15T18:10:30.063Z","32.909764","4",NULL
"13738","2018-05-15T18:10:30.005Z","31.835045","3",NULL
"13739","2018-05-15T18:11:03.724Z","18.60235","2",NULL
"13740","2018-05-15T18:08:49.874Z","31.526892","5",NULL
"13741","2018-05-15T18:08:49.878Z","30.870892","6",NULL
"13742","2018-05-15T18:11:04.214Z","17.979223","1",NULL
"13743","2018-05-15T18:10:30.172Z","32.778209","4",NULL
"13744","2018-05-15T18:08:49.880Z","31.494319","5",NULL
"13745","2018-05-15T18:11:04.233Z","18.105244","2",NULL
"13746","2018-05-15T18:10:30.058Z","31.833681","3",NULL
"13747","2018-05-15T18:08:49.882Z","30.838319","6",NULL
"13748","2018-05-15T18:11:04.483Z","17.708393","1",NULL
"13749","2018-05-15T18:10:30.369Z","32.508797","4",NULL
"13750","2018-05-15T18:10:30.170Z","31.567542","3",NULL
"13751","2018-05-15T18:08:50.017Z","31.262426","5",NULL
"13752","2018-05-15T18:11:04.500Z","17.834414","2",NULL
"13753","2018-05-15T18:08:49.884Z","30.49599","6",NULL
"13754","2018-05-15T18:10:30.927Z","32.010613","4",NULL
"13755","2018-05-15T18:11:04.960Z","17.23458","1",NULL
"13756","2018-05-15T18:10:30.348Z","31.29813","3",NULL
"13757","2018-05-15T18:11:04.963Z","17.360601","2",NULL
"13758","2018-05-15T18:08:50.121Z","31.202081","5",NULL
"13759","2018-05-15T18:10:32.046Z","30.897431","4",NULL
"13760","2018-05-15T18:08:50.074Z","30.43976","6",NULL
"13761","2018-05-15T18:11:05.251Z","16.985647","1",NULL
"13762","2018-05-15T18:10:30.870Z","30.799946","3",NULL
"13763","2018-05-15T18:11:05.259Z","17.111668","2",NULL
"13764","2018-05-15T18:08:50.353Z","31.264835","5",NULL
"13765","2018-05-15T18:08:50.129Z","30.379415","6",NULL
"13766","2018-05-15T18:11:05.479Z","16.734705","1",NULL
"13767","2018-05-15T18:10:32.157Z","32.667715","4",NULL
"13768","2018-05-15T18:11:05.525Z","16.860726","2",NULL
"13769","2018-05-15T18:08:51.007Z","31.208483","5",NULL
"13770","2018-05-15T18:10:32.043Z","29.686764","3",NULL
"13771","2018-05-15T18:11:05.711Z","16.485083","1",NULL
"13772","2018-05-15T18:10:32.476Z","32.61939","4",NULL
"13773","2018-05-15T18:08:50.397Z","30.150502","6",NULL
"13774","2018-05-15T18:11:05.712Z","16.611104","2",NULL
"13775","2018-05-15T18:08:51.086Z","31.204181","5",NULL
"13776","2018-05-15T18:10:32.459Z","29.571057","3",NULL
"13777","2018-05-15T18:11:06.003Z","16.235304","1",NULL
"13778","2018-05-15T18:08:51.026Z","29.46915","6",NULL
"13779","2018-05-15T18:10:32.563Z","32.321636","4",NULL
"13780","2018-05-15T18:08:51.184Z","31.394479","5",NULL
"13781","2018-05-15T18:11:06.014Z","16.361325","2",NULL
"13782","2018-05-15T18:10:32.547Z","30.481636","3",NULL
"13783","2018-05-15T18:08:51.124Z","29.464848","6",NULL
"13784","2018-05-15T18:11:06.466Z","15.726842","1",NULL
"13785","2018-05-15T18:10:32.601Z","32.320604","4",NULL
"13786","2018-05-15T18:08:51.389Z","31.137609","5",NULL
"13787","2018-05-15T18:11:06.483Z","15.852863","2",NULL
"13788","2018-05-15T18:10:32.565Z","30.480604","3",NULL
"13789","2018-05-15T18:08:51.397Z","29.148276","6",NULL
"13790","2018-05-15T18:11:07.029Z","15.235001","1",NULL
"13791","2018-05-15T18:10:32.796Z","32.079641","4",NULL
"13792","2018-05-15T18:11:07.031Z","15.361022","2",NULL
"13793","2018-05-15T18:10:32.677Z","30.974747","3",NULL
"13794","2018-05-15T18:08:51.701Z","30.830456","5",NULL
"13795","2018-05-15T18:11:07.230Z","14.984289","1",NULL
"13796","2018-05-15T18:08:51.732Z","28.841123","6",NULL
"13797","2018-05-15T18:10:32.881Z","31.977823","4",NULL
"13798","2018-05-15T18:11:07.245Z","15.11031","2",NULL
"13799","2018-05-15T18:08:51.742Z","30.802596","5",NULL
"13800","2018-05-15T18:10:32.757Z","30.906308","3",NULL
"13801","2018-05-15T18:11:07.513Z","14.734031","1",NULL
"13802","2018-05-15T18:10:33.190Z","31.729475","4",NULL
"13803","2018-05-15T18:08:51.750Z","28.813263","6",NULL
"13804","2018-05-15T18:11:07.528Z","14.860052","2",NULL
"13805","2018-05-15T18:10:32.867Z","30.80449","3",NULL
"13806","2018-05-15T18:08:51.849Z","30.551952","5",NULL
"13807","2018-05-15T18:11:07.848Z","14.357751","1",NULL
"13808","2018-05-15T18:08:51.862Z","30.483618","6",NULL
"13809","2018-05-15T18:10:34.172Z","30.915917","4",NULL
"13810","2018-05-15T18:11:07.864Z","14.483772","2",NULL
"13811","2018-05-15T18:10:33.100Z","30.556142","3",NULL
"13812","2018-05-15T18:08:51.913Z","30.547099","5",NULL
"13813","2018-05-15T18:11:08.212Z","14.357751","1",NULL
"13814","2018-05-15T18:10:34.458Z","30.915917","4",NULL
"13815","2018-05-15T18:08:51.931Z","30.478765","6",NULL
"13816","2018-05-15T18:11:08.216Z","14.483772","2",NULL
"13817","2018-05-15T18:08:52.106Z","31.013027","5",NULL
"13818","2018-05-15T18:10:34.136Z","29.742584","3",NULL
"13819","2018-05-15T18:11:10.218Z","14.212969","1",NULL
"13820","2018-05-15T18:10:36.846Z","32.878584","4",NULL
"13821","2018-05-15T18:08:51.939Z","30.472611","6",NULL
"13822","2018-05-15T18:11:10.239Z","14.33899","2",NULL
"13823","2018-05-15T18:10:34.319Z","31.742584","3",NULL
"13824","2018-05-15T18:08:52.313Z","32.081658","5",NULL
"13825","2018-05-15T18:11:10.583Z","13.960875","1",NULL
"13826","2018-05-15T18:10:36.858Z","32.878584","4",NULL
"13827","2018-05-15T18:08:52.198Z","30.278027","6",NULL
"13828","2018-05-15T18:11:10.610Z","14.086896","2",NULL
"13829","2018-05-15T18:10:37.020Z","32.878584","4",NULL
"13830","2018-05-15T18:10:34.440Z","31.742584","3",NULL
"13831","2018-05-15T18:08:52.372Z","32.034698","5",NULL
"13832","2018-05-15T18:11:11.310Z","13.317275","1",NULL
"13833","2018-05-15T18:08:52.324Z","30.054991","6",NULL
"13834","2018-05-15T18:08:52.493Z","31.896947","5",NULL
"13835","2018-05-15T18:11:11.445Z","13.443296","2",NULL
"13836","2018-05-15T18:10:36.838Z","31.784251","3",NULL
"13837","2018-05-15T18:10:37.433Z","32.865413","4",NULL
"13838","2018-05-15T18:11:11.915Z","12.813491","1",NULL
"13839","2018-05-15T18:08:52.515Z","29.87028","6",NULL
"13840","2018-05-15T18:11:12.003Z","12.939512","2",NULL
"13841","2018-05-15T18:11:12.309Z","12.266796","1",NULL
"13842","2018-05-15T18:10:36.903Z","33.742584","3",NULL
"13843","2018-05-15T18:08:54.154Z","28.355401","6",NULL
"13844","2018-05-15T18:08:54.092Z","30.382068","5",NULL
"13845","2018-05-15T18:10:37.865Z","32.492756","4",NULL
"13846","2018-05-15T18:11:12.400Z","12.392817","2",NULL
"13847","2018-05-15T18:11:12.690Z","11.935586","1",NULL
"13848","2018-05-15T18:10:38.127Z","32.227389","4",NULL
"13849","2018-05-15T18:08:54.642Z","30.254421","5",NULL
"13850","2018-05-15T18:08:54.712Z","30.190421","6",NULL
"13851","2018-05-15T18:10:36.998Z","33.742584","3",NULL
"13852","2018-05-15T18:10:38.946Z","31.594288","4",NULL
"13853","2018-05-15T18:11:12.725Z","12.061607","2",NULL
"13854","2018-05-15T18:11:12.862Z","11.663137","1",NULL
"13855","2018-05-15T18:08:54.792Z","30.190421","6",NULL
"13856","2018-05-15T18:10:37.429Z","33.729413","3",NULL
"13857","2018-05-15T18:08:54.726Z","30.254421","5",NULL
"13858","2018-05-15T18:11:13.244Z","11.33143","1",NULL
"13859","2018-05-15T18:10:39.095Z","33.291582","4",NULL
"13860","2018-05-15T18:11:12.888Z","11.789158","2",NULL
"13861","2018-05-15T18:08:54.812Z","30.190421","6",NULL
"13862","2018-05-15T18:08:54.995Z","30.379421","5",NULL
"13863","2018-05-15T18:10:37.855Z","33.356756","3",NULL
"13864","2018-05-15T18:10:39.109Z","33.237109","4",NULL
"13865","2018-05-15T18:11:13.616Z","10.944162","1",NULL
"13866","2018-05-15T18:11:13.322Z","11.457451","2",NULL
"13867","2018-05-15T18:08:55.022Z","30.190421","6",NULL
"13868","2018-05-15T18:10:38.125Z","33.091389","3",NULL
"13869","2018-05-15T18:08:55.145Z","30.587754","5",NULL
"13870","2018-05-15T18:10:39.145Z","33.161598","4",NULL
"13871","2018-05-15T18:11:13.981Z","10.525247","1",NULL
"13872","2018-05-15T18:11:13.753Z","11.070183","2",NULL
"13873","2018-05-15T18:08:55.937Z","31.379421","5",NULL
"13874","2018-05-15T18:08:55.162Z","32.153088","6",NULL
"13875","2018-05-15T18:10:38.931Z","32.458288","3",NULL
"13876","2018-05-15T18:11:14.125Z","10.651268","2",NULL
"13877","2018-05-15T18:10:39.358Z","32.965325","4",NULL
"13878","2018-05-15T18:11:14.215Z","10.256925","1",NULL
"13879","2018-05-15T18:10:39.076Z","32.192915","3",NULL
"13880","2018-05-15T18:08:56.232Z","32.072752","5",NULL
"13881","2018-05-15T18:08:55.702Z","32.153088","6",NULL
"13882","2018-05-15T18:11:14.231Z","10.382946","2",NULL
"13883","2018-05-15T18:11:14.570Z","10.116929","2",NULL
"13884","2018-05-15T18:08:56.020Z","32.153088","6",NULL
"13885","2018-05-15T18:10:39.904Z","32.500388","4",NULL
"13886","2018-05-15T18:10:39.106Z","32.138442","3",NULL
"13887","2018-05-15T18:08:56.497Z","31.831032","5",NULL
"13888","2018-05-15T18:11:14.505Z","9.990908","1",NULL
"13889","2018-05-15T18:08:56.500Z","33.692365","6",NULL
"13890","2018-05-15T18:10:39.353Z","31.866658","3",NULL
"13891","2018-05-15T18:08:56.528Z","31.808776","5",NULL
"13892","2018-05-15T18:11:14.960Z","9.503278","1",NULL
"13893","2018-05-15T18:11:14.989Z","9.6292990000001","2",NULL
"13894","2018-05-15T18:08:56.534Z","33.670109","6",NULL
"13895","2018-05-15T18:10:40.223Z","32.161331","4",NULL
"13896","2018-05-15T18:10:39.851Z","31.401721","3",NULL
"13897","2018-05-15T18:08:56.564Z","32.019899","5",NULL
"13898","2018-05-15T18:11:15.235Z","9.2437159999999","1",NULL
"13899","2018-05-15T18:11:15.238Z","9.369737","2",NULL
"13900","2018-05-15T18:08:56.537Z","33.523302","6",NULL
"13901","2018-05-15T18:08:56.571Z","32.018799","5",NULL
"13902","2018-05-15T18:10:40.602Z","31.752984","4",NULL
"13903","2018-05-15T18:10:40.875Z","31.497578","4",NULL
"13904","2018-05-15T18:08:56.569Z","33.464565","6",NULL
"13905","2018-05-15T18:10:40.221Z","31.062664","3",NULL
"13906","2018-05-15T18:08:56.600Z","33.559713","5",NULL
"13907","2018-05-15T18:11:15.710Z","8.745648","1",NULL
"13908","2018-05-15T18:10:41.383Z","31.034969","4",NULL
"13909","2018-05-15T18:11:15.712Z","8.871669","2",NULL
"13910","2018-05-15T18:08:56.573Z","33.463465","6",NULL
"13911","2018-05-15T18:11:16.211Z","8.2464200000001","1",NULL
"13912","2018-05-15T18:11:16.214Z","8.3724410000001","2",NULL
"13913","2018-05-15T18:08:56.899Z","33.26163","5",NULL
"13914","2018-05-15T18:10:40.600Z","30.654317","3",NULL
"13915","2018-05-15T18:10:41.432Z","32.929599","4",NULL
"13916","2018-05-15T18:08:56.903Z","33.122963","6",NULL
"13917","2018-05-15T18:11:16.465Z","7.994643","1",NULL
"13918","2018-05-15T18:08:57.093Z","33.099501","5",NULL
"13919","2018-05-15T18:11:16.467Z","8.120664","2",NULL
"13920","2018-05-15T18:10:41.594Z","32.812619","4",NULL
"13921","2018-05-15T18:10:40.860Z","30.398911","3",NULL
"13922","2018-05-15T18:08:57.158Z","32.960834","6",NULL
"13923","2018-05-15T18:08:57.947Z","32.265445","5",NULL
"13924","2018-05-15T18:11:16.984Z","7.619691","2",NULL
"13925","2018-05-15T18:11:16.963Z","7.49367","1",NULL
"13926","2018-05-15T18:10:41.380Z","29.936302","3",NULL
"13927","2018-05-15T18:10:41.618Z","32.734677","4",NULL
"13928","2018-05-15T18:08:57.950Z","32.126778","6",NULL
"13929","2018-05-15T18:11:17.275Z","7.358839","2",NULL
"13930","2018-05-15T18:10:41.588Z","30.376286","3",NULL
"13931","2018-05-15T18:08:58.268Z","31.89742","5",NULL
"13932","2018-05-15T18:11:17.225Z","7.232818","1",NULL
"13933","2018-05-15T18:10:41.818Z","32.550484","4",NULL
"13934","2018-05-15T18:08:58.304Z","31.758753","6",NULL
"13935","2018-05-15T18:10:41.613Z","31.090011","3",NULL
"13936","2018-05-15T18:11:17.590Z","7.1087200000001","2",NULL
"13937","2018-05-15T18:08:58.769Z","31.397445","5",NULL
"13938","2018-05-15T18:11:17.492Z","6.982699","1",NULL
"13939","2018-05-15T18:10:42.139Z","32.262432","4",NULL
"13940","2018-05-15T18:08:58.840Z","31.258778","6",NULL
"13941","2018-05-15T18:11:18.041Z","6.488301","1",NULL
"13942","2018-05-15T18:11:18.093Z","6.614322","2",NULL
"13943","2018-05-15T18:08:59.017Z","31.147146","5",NULL
"13944","2018-05-15T18:10:42.174Z","32.190516","4",NULL
"13945","2018-05-15T18:10:41.666Z","31.617449","3",NULL
"13946","2018-05-15T18:08:59.020Z","31.008479","6",NULL
"13947","2018-05-15T18:11:18.210Z","6.278785","1",NULL
"13948","2018-05-15T18:11:18.213Z","6.404806","2",NULL
"13949","2018-05-15T18:10:42.572Z","31.835799","4",NULL
"13950","2018-05-15T18:10:41.800Z","32.322484","3",NULL
"13951","2018-05-15T18:08:59.527Z","30.646597","5",NULL
"13952","2018-05-15T18:08:59.573Z","30.50793","6",NULL
"13953","2018-05-15T18:10:41.868Z","33.424202","3",NULL
"13954","2018-05-15T18:11:18.462Z","6.404806","2",NULL
"13955","2018-05-15T18:08:59.884Z","30.279028","5",NULL
"13956","2018-05-15T18:11:18.460Z","6.278785","1",NULL
"13957","2018-05-15T18:10:42.935Z","31.510481","4",NULL
"13958","2018-05-15T18:08:59.891Z","30.140361","6",NULL
"13959","2018-05-15T18:11:19.494Z","6.358917","2",NULL
"13960","2018-05-15T18:11:19.492Z","6.232896","1",NULL
"13961","2018-05-15T18:09:00.620Z","30.279028","5",NULL
"13962","2018-05-15T18:10:43.193Z","31.17237","4",NULL
"13963","2018-05-15T18:10:42.111Z","33.201099","3",NULL
"13964","2018-05-15T18:09:00.621Z","30.140361","6",NULL
"13965","2018-05-15T18:09:00.685Z","32.279028","5",NULL
"13966","2018-05-15T18:11:20.413Z","5.445676","2",NULL
"13967","2018-05-15T18:10:42.172Z","33.129183","3",NULL
"13968","2018-05-15T18:10:44.135Z","31.17237","4",NULL
"13969","2018-05-15T18:11:20.411Z","5.319655","1",NULL
"13970","2018-05-15T18:09:00.637Z","32.103028","6",NULL
"13971","2018-05-15T18:09:00.808Z","32.279028","5",NULL
"13972","2018-05-15T18:10:42.540Z","32.774466","3",NULL
"13973","2018-05-15T18:10:44.309Z","33.135037","4",NULL
"13974","2018-05-15T18:11:20.422Z","5.428479","2",NULL
"13975","2018-05-15T18:11:20.421Z","5.302458","1",NULL
"13976","2018-05-15T18:09:01.991Z","31.34321","5",NULL
"13977","2018-05-15T18:09:00.827Z","32.103028","6",NULL
"13978","2018-05-15T18:10:42.905Z","32.449148","3",NULL
"13979","2018-05-15T18:10:44.421Z","33.135037","4",NULL
"13980","2018-05-15T18:11:20.711Z","5.142109","2",NULL
"13981","2018-05-15T18:11:20.709Z","5.016088","1",NULL
"13982","2018-05-15T18:09:02.003Z","31.332131","5",NULL
"13983","2018-05-15T18:09:01.994Z","33.129877","6",NULL
"13984","2018-05-15T18:10:43.191Z","32.111037","3",NULL
"13985","2018-05-15T18:11:20.962Z","4.890091","2",NULL
"13986","2018-05-15T18:10:44.625Z","33.135037","4",NULL
"13987","2018-05-15T18:11:20.961Z","4.7640699999999","1",NULL
"13988","2018-05-15T18:09:02.879Z","30.727473","5",NULL
"13989","2018-05-15T18:09:02.008Z","33.118798","6",NULL
"13990","2018-05-15T18:11:21.489Z","4.3901010000001","2",NULL
"13991","2018-05-15T18:10:44.123Z","32.111037","3",NULL
"13992","2018-05-15T18:11:21.487Z","4.26408","1",NULL
"13993","2018-05-15T18:10:47.129Z","33.015098","4",NULL
"13994","2018-05-15T18:09:03.755Z","30.580683","5",NULL
"13995","2018-05-15T18:09:02.014Z","33.118457","6",NULL
"13996","2018-05-15T18:10:44.406Z","32.111037","3",NULL
"13997","2018-05-15T18:11:21.988Z","3.892836","2",NULL
"13998","2018-05-15T18:11:21.981Z","3.766815","1",NULL
"13999","2018-05-15T18:10:47.374Z","32.787618","4",NULL
"14000","2018-05-15T18:09:03.813Z","30.520603","5",NULL
"14001","2018-05-15T18:09:02.889Z","32.51414","6",NULL
"14002","2018-05-15T18:11:22.222Z","3.6404170000001","2",NULL
"14003","2018-05-15T18:10:44.588Z","34.111037","3",NULL
"14004","2018-05-15T18:11:22.217Z","3.514396","1",NULL
"14005","2018-05-15T18:10:47.932Z","32.301679","4",NULL
"14006","2018-05-15T18:09:04.227Z","30.332255","5",NULL
"14007","2018-05-15T18:09:03.768Z","31.575683","6",NULL
"14008","2018-05-15T18:11:22.711Z","3.144845","2",NULL
"14009","2018-05-15T18:11:22.709Z","3.018824","1",NULL
"14010","2018-05-15T18:10:44.615Z","34.111037","3",NULL
"14011","2018-05-15T18:10:48.172Z","32.054342","4",NULL
"14012","2018-05-15T18:09:04.369Z","30.308001","5",NULL
"14013","2018-05-15T18:09:03.822Z","31.515603","6",NULL
"14014","2018-05-15T18:10:47.126Z","33.991098","3",NULL
"14015","2018-05-15T18:11:23.000Z","2.8922230000001","2",NULL
"14016","2018-05-15T18:11:22.964Z","2.766202","1",NULL
"14017","2018-05-15T18:10:48.386Z","31.794668","4",NULL
"14018","2018-05-15T18:09:04.374Z","30.304593","5",NULL
"14019","2018-05-15T18:09:04.264Z","31.077255","6",NULL
"14020","2018-05-15T18:10:48.847Z","31.377351","4",NULL
"14021","2018-05-15T18:11:23.487Z","2.295566","1",NULL
"14022","2018-05-15T18:11:23.494Z","2.421587","2",NULL
"14023","2018-05-15T18:10:47.371Z","33.763618","3",NULL
"14024","2018-05-15T18:09:04.371Z","30.844668","6",NULL
"14025","2018-05-15T18:09:04.437Z","30.772587","5",NULL
"14026","2018-05-15T18:11:23.708Z","2.050575","1",NULL
"14027","2018-05-15T18:10:47.888Z","33.277679","3",NULL
"14028","2018-05-15T18:11:23.709Z","2.176596","2",NULL
"14029","2018-05-15T18:10:48.954Z","33.147869","4",NULL
"14030","2018-05-15T18:09:04.377Z","30.84126","6",NULL
"14031","2018-05-15T18:09:04.510Z","30.912438","5",NULL
"14032","2018-05-15T18:10:48.108Z","33.030342","3",NULL
"14033","2018-05-15T18:11:23.973Z","1.798592","1",NULL
"14034","2018-05-15T18:11:23.979Z","1.924613","2",NULL
"14035","2018-05-15T18:10:49.105Z","33.006917","4",NULL
"14036","2018-05-15T18:09:04.794Z","31.022013","5",NULL
"14037","2018-05-15T18:09:04.443Z","32.77192","6",NULL
"14038","2018-05-15T18:11:24.124Z","1.7739690000001","2",NULL
"14039","2018-05-15T18:11:24.121Z","1.647948","1",NULL
"14040","2018-05-15T18:10:49.177Z","32.927502","4",NULL
"14041","2018-05-15T18:10:48.354Z","32.770668","3",NULL
"14042","2018-05-15T18:09:04.469Z","32.723597","6",NULL
"14043","2018-05-15T18:09:04.882Z","30.967775","5",NULL
"14044","2018-05-15T18:11:24.684Z","1.7739690000001","2",NULL
"14045","2018-05-15T18:10:49.356Z","32.755853","4",NULL
"14046","2018-05-15T18:10:48.845Z","32.353351","3",NULL
"14047","2018-05-15T18:11:24.677Z","1.647948","1",NULL
"14048","2018-05-15T18:09:05.861Z","30.542568","5",NULL
"14049","2018-05-15T18:09:04.805Z","32.479679","6",NULL
"14050","2018-05-15T18:11:25.339Z","1.5712100000001","2",NULL
"14051","2018-05-15T18:11:25.209Z","1.445189","1",NULL
"14052","2018-05-15T18:10:49.850Z","32.262475","4",NULL
"14053","2018-05-15T18:10:49.100Z","32.02025","3",NULL
"14054","2018-05-15T18:09:05.902Z","30.526001","5",NULL
"14055","2018-05-15T18:09:04.892Z","32.425441","6",NULL
"14056","2018-05-15T18:11:25.563Z","1.321549","2",NULL
"14057","2018-05-15T18:10:49.175Z","31.940835","3",NULL
"14058","2018-05-15T18:10:50.111Z","32.016383","4",NULL
"14059","2018-05-15T18:11:25.463Z","1.195528","1",NULL
"14060","2018-05-15T18:09:05.874Z","31.500234","6",NULL
"14061","2018-05-15T18:09:05.929Z","30.531727","5",NULL
"14062","2018-05-15T18:10:50.628Z","31.511762","4",NULL
"14063","2018-05-15T18:10:49.354Z","31.769186","3",NULL
"14064","2018-05-15T18:11:25.817Z","0.94682499999999","1",NULL
"14065","2018-05-15T18:11:25.819Z","1.072846","2",NULL
"14066","2018-05-15T18:09:05.981Z","30.515813","5",NULL
"14067","2018-05-15T18:09:05.912Z","31.483667","6",NULL
"14068","2018-05-15T18:10:51.469Z","30.744671","4",NULL
"14069","2018-05-15T18:10:49.847Z","31.275808","3",NULL
"14070","2018-05-15T18:11:26.332Z","0.56674900000007","2",NULL
"14071","2018-05-15T18:11:26.231Z","0.44072800000004","1",NULL
"14072","2018-05-15T18:09:06.348Z","30.29922","5",NULL
"14073","2018-05-15T18:09:05.949Z","31.322727","6",NULL
"14074","2018-05-15T18:10:50.106Z","31.029716","3",NULL
"14075","2018-05-15T18:10:51.891Z","32.707337","4",NULL
"14076","2018-05-15T18:11:26.482Z","0.17856200000006","1",NULL
"14077","2018-05-15T18:11:26.515Z","0.30458300000009","2",NULL
"14078","2018-05-15T18:09:06.007Z","31.306813","6",NULL
"14079","2018-05-15T18:09:06.368Z","30.204545","5",NULL
"14080","2018-05-15T18:11:26.720Z","0.047053000000005","2",NULL
"14081","2018-05-15T18:10:50.620Z","30.525095","3",NULL
"14082","2018-05-15T18:10:52.103Z","32.707337","4",NULL
"14083","2018-05-15T18:11:26.718Z","0","1",NULL
"14084","2018-05-15T18:09:06.365Z","32.88622","6",NULL
"14085","2018-05-15T18:09:06.472Z","30.503836","5",NULL
"14086","2018-05-15T18:10:51.443Z","29.758004","3",NULL
"14087","2018-05-15T18:10:52.302Z","32.707337","4",NULL
"14088","2018-05-15T18:09:06.373Z","32.791545","6",NULL
"14089","2018-05-15T18:09:06.606Z","30.850084","5",NULL
"14090","2018-05-15T18:10:54.381Z","32.684931","4",NULL
"14091","2018-05-15T18:10:52.097Z","30.591337","3",NULL
"14092","2018-05-15T18:09:06.633Z","30.822362","5",NULL
"14093","2018-05-15T18:09:06.385Z","32.772689","6",NULL
"14094","2018-05-15T18:10:54.621Z","32.433582","4",NULL
"14095","2018-05-15T18:10:52.157Z","31.758004","3",NULL
"14096","2018-05-15T18:09:06.487Z","32.674169","6",NULL
"14097","2018-05-15T18:09:06.823Z","31.502115","5",NULL
"14098","2018-05-15T18:10:54.857Z","32.183585","4",NULL
"14099","2018-05-15T18:10:52.293Z","33.758004","3",NULL
"14100","2018-05-15T18:09:06.963Z","32.44575","5",NULL
"14101","2018-05-15T18:09:06.630Z","32.562084","6",NULL
"14102","2018-05-15T18:10:55.357Z","31.685091","4",NULL
"14103","2018-05-15T18:10:52.306Z","33.758004","3",NULL
"14104","2018-05-15T18:09:07.034Z","32.39819","5",NULL
"14105","2018-05-15T18:09:06.826Z","32.339115","6",NULL
"14106","2018-05-15T18:10:54.350Z","33.735598","3",NULL
"14107","2018-05-15T18:10:55.622Z","31.434433","4",NULL
"14108","2018-05-15T18:09:07.090Z","32.340415","5",NULL
"14109","2018-05-15T18:09:07.057Z","32.11019","6",NULL
"14110","2018-05-15T18:10:55.879Z","31.181418","4",NULL
"14111","2018-05-15T18:10:54.603Z","33.484249","3",NULL
"14112","2018-05-15T18:09:07.423Z","32.130956","5",NULL
"14113","2018-05-15T18:09:07.148Z","32.052415","6",NULL
"14114","2018-05-15T18:10:57.170Z","29.878281","4",NULL
"14115","2018-05-15T18:10:54.849Z","33.234252","3",NULL
"14116","2018-05-15T18:09:08.162Z","31.322006","5",NULL
"14117","2018-05-15T18:09:07.425Z","31.842956","6",NULL
"14118","2018-05-15T18:10:57.232Z","31.775348","4",NULL
"14119","2018-05-15T18:10:55.346Z","32.735758","3",NULL
"14120","2018-05-15T18:09:08.818Z","30.835767","5",NULL
"14121","2018-05-15T18:09:08.178Z","31.034006","6",NULL
"14122","2018-05-15T18:10:57.266Z","31.742674","4",NULL
"14123","2018-05-15T18:10:55.606Z","32.4851","3",NULL
"14124","2018-05-15T18:09:08.839Z","30.822324","5",NULL
"14125","2018-05-15T18:09:08.523Z","32.58637","6",NULL
"14126","2018-05-15T18:10:55.856Z","32.232085","3",NULL
"14127","2018-05-15T18:10:57.482Z","31.580803","4",NULL
"14128","2018-05-15T18:09:08.861Z","31.15357","5",NULL
"14129","2018-05-15T18:09:08.827Z","32.427101","6",NULL
"14130","2018-05-15T18:10:57.565Z","31.448925","4",NULL
"14131","2018-05-15T18:10:57.169Z","30.928948","3",NULL
"14132","2018-05-15T18:09:08.917Z","32.516329","5",NULL
"14133","2018-05-15T18:09:08.842Z","32.413658","6",NULL
"14134","2018-05-15T18:10:57.849Z","31.150985","4",NULL
"14135","2018-05-15T18:10:57.251Z","31.330674","3",NULL
"14136","2018-05-15T18:09:09.112Z","32.332626","5",NULL
"14137","2018-05-15T18:09:08.865Z","32.244904","6",NULL
"14138","2018-05-15T18:10:58.130Z","30.902037","4",NULL
"14139","2018-05-15T18:10:57.338Z","32.747338","3",NULL
"14140","2018-05-15T18:09:09.116Z","32.007293","6",NULL
"14141","2018-05-15T18:09:09.303Z","32.125102","5",NULL
"14142","2018-05-15T18:10:58.911Z","30.238163","4",NULL
"14143","2018-05-15T18:10:57.420Z","32.668803","3",NULL
"14144","2018-05-15T18:09:09.365Z","31.799769","6",NULL
"14145","2018-05-15T18:09:09.515Z","31.916154","5",NULL
"14146","2018-05-15T18:10:58.981Z","32.20083","4",NULL
"14147","2018-05-15T18:10:57.543Z","32.536925","3",NULL
"14148","2018-05-15T18:09:09.516Z","31.590821","6",NULL
"14149","2018-05-15T18:09:09.766Z","31.665123","5",NULL
"14150","2018-05-15T18:10:57.846Z","32.238985","3",NULL
"14151","2018-05-15T18:10:59.047Z","32.20083","4",NULL
"14152","2018-05-15T18:09:09.769Z","31.33979","6",NULL
"14153","2018-05-15T18:09:10.980Z","30.635281","5",NULL
"14154","2018-05-15T18:10:59.245Z","32.20083","4",NULL
"14155","2018-05-15T18:10:58.102Z","31.990037","3",NULL
"14156","2018-05-15T18:09:11.226Z","30.246266","5",NULL
"14157","2018-05-15T18:09:10.984Z","30.309948","6",NULL
"14158","2018-05-15T18:10:59.338Z","32.20083","4",NULL
"14159","2018-05-15T18:10:58.889Z","31.326163","3",NULL
"14160","2018-05-15T18:09:11.478Z","30.266461","5",NULL
"14161","2018-05-15T18:09:11.260Z","29.920933","6",NULL
"14162","2018-05-15T18:11:01.678Z","32.163896","4",NULL
"14163","2018-05-15T18:10:59.038Z","31.951163","3",NULL
"14164","2018-05-15T18:09:11.496Z","31.820461","6",NULL
"14165","2018-05-15T18:09:11.540Z","30.266461","5",NULL
"14166","2018-05-15T18:11:01.834Z","33.897378","4",NULL
"14167","2018-05-15T18:10:59.083Z","33.326163","3",NULL
"14168","2018-05-15T18:09:11.548Z","31.820461","6",NULL
"14169","2018-05-15T18:09:11.662Z","31.141461","5",NULL
"14170","2018-05-15T18:11:01.876Z","33.869803","4",NULL
"14171","2018-05-15T18:10:59.233Z","33.326163","3",NULL
"14172","2018-05-15T18:09:11.589Z","31.820461","6",NULL
"14173","2018-05-15T18:09:11.710Z","32.183128","5",NULL
"14174","2018-05-15T18:10:59.336Z","33.326163","3",NULL
"14175","2018-05-15T18:11:01.939Z","33.729344","4",NULL
"14176","2018-05-15T18:09:11.667Z","31.820461","6",NULL
"14177","2018-05-15T18:09:11.948Z","32.183128","5",NULL
"14178","2018-05-15T18:11:01.668Z","33.289229","3",NULL
"14179","2018-05-15T18:11:02.110Z","33.571793","4",NULL
"14180","2018-05-15T18:09:11.951Z","31.820461","6",NULL
"14181","2018-05-15T18:09:13.229Z","32.891461","5",NULL
"14182","2018-05-15T18:11:02.405Z","33.303458","4",NULL
"14183","2018-05-15T18:11:01.795Z","33.060045","3",NULL
"14184","2018-05-15T18:09:13.349Z","34.183128","5",NULL
"14185","2018-05-15T18:09:13.258Z","31.820461","6",NULL
"14186","2018-05-15T18:11:02.848Z","32.820121","4",NULL
"14187","2018-05-15T18:11:01.870Z","33.03247","3",NULL
"14188","2018-05-15T18:09:13.465Z","34.183128","5",NULL
"14189","2018-05-15T18:09:13.496Z","31.820461","6",NULL
"14190","2018-05-15T18:11:03.158Z","32.52563","4",NULL
"14191","2018-05-15T18:11:02.108Z","32.73446","3",NULL
"14192","2018-05-15T18:09:14.533Z","31.802972","6",NULL
"14193","2018-05-15T18:09:14.520Z","34.165639","5",NULL
"14194","2018-05-15T18:11:03.917Z","31.853696","4",NULL
"14195","2018-05-15T18:11:02.378Z","32.466125","3",NULL
"14196","2018-05-15T18:09:14.768Z","33.989601","5",NULL
"14197","2018-05-15T18:09:14.770Z","31.626934","6",NULL
"14198","2018-05-15T18:11:04.022Z","33.607915","4",NULL
"14199","2018-05-15T18:11:02.846Z","31.982788","3",NULL
"14200","2018-05-15T18:09:15.590Z","30.858998","6",NULL
"14201","2018-05-15T18:09:15.588Z","33.221665","5",NULL
"14202","2018-05-15T18:11:04.244Z","33.535159","4",NULL
"14203","2018-05-15T18:11:03.156Z","31.688297","3",NULL
"14204","2018-05-15T18:09:15.674Z","32.677024","6",NULL
"14205","2018-05-15T18:09:15.959Z","32.886626","5",NULL
"14206","2018-05-15T18:11:04.270Z","33.534071","4",NULL
"14207","2018-05-15T18:11:03.834Z","31.016363","3",NULL
"14208","2018-05-15T18:09:15.991Z","32.486626","6",NULL
"14209","2018-05-15T18:09:16.020Z","32.81143","5",NULL
"14210","2018-05-15T18:11:04.393Z","33.33573","4",NULL
"14211","2018-05-15T18:11:04.194Z","30.735159","3",NULL
"14212","2018-05-15T18:09:16.089Z","32.41143","6",NULL
"14213","2018-05-15T18:09:16.282Z","32.511073","5",NULL
"14214","2018-05-15T18:11:04.430Z","33.303545","4",NULL
"14215","2018-05-15T18:11:04.246Z","30.734071","3",NULL
"14216","2018-05-15T18:09:16.284Z","32.111073","6",NULL
"14217","2018-05-15T18:09:16.527Z","32.268703","5",NULL
"14218","2018-05-15T18:11:04.575Z","33.081571","4",NULL
"14219","2018-05-15T18:11:04.380Z","31.202397","3",NULL
"14220","2018-05-15T18:09:16.792Z","32.026635","5",NULL
"14221","2018-05-15T18:09:16.604Z","31.868703","6",NULL
"14222","2018-05-15T18:11:04.617Z","33.033432","4",NULL
"14223","2018-05-15T18:11:04.401Z","31.170212","3",NULL
"14224","2018-05-15T18:09:17.023Z","31.7794","5",NULL
"14225","2018-05-15T18:09:16.796Z","31.626635","6",NULL
"14226","2018-05-15T18:11:05.155Z","32.535092","4",NULL
"14227","2018-05-15T18:11:04.540Z","32.291297","3",NULL
"14228","2018-05-15T18:09:17.807Z","31.012623","5",NULL
"14229","2018-05-15T18:09:17.025Z","31.3794","6",NULL
"14230","2018-05-15T18:11:04.550Z","32.281571","3",NULL
"14231","2018-05-15T18:11:05.620Z","32.028675","4",NULL
"14232","2018-05-15T18:09:18.434Z","30.4787","5",NULL
"14233","2018-05-15T18:09:17.815Z","30.612623","6",NULL
"14234","2018-05-15T18:11:05.873Z","31.806864","4",NULL
"14235","2018-05-15T18:11:04.601Z","32.233432","3",NULL
"14236","2018-05-15T18:09:18.836Z","30.20801","5",NULL
"14237","2018-05-15T18:09:18.488Z","32.041367","6",NULL
"14238","2018-05-15T18:11:06.566Z","31.806864","4",NULL
"14239","2018-05-15T18:11:05.128Z","31.735092","3",NULL
"14240","2018-05-15T18:09:19.156Z","29.95645","5",NULL
"14241","2018-05-15T18:09:18.490Z","31.942965","6",NULL
"14242","2018-05-15T18:11:05.605Z","31.228675","3",NULL
"14243","2018-05-15T18:11:06.849Z","33.769531","4",NULL
"14244","2018-05-15T18:09:19.160Z","29.95645","5",NULL
"14245","2018-05-15T18:09:18.870Z","31.770677","6",NULL
"14246","2018-05-15T18:11:05.819Z","31.006864","3",NULL
"14247","2018-05-15T18:11:06.889Z","33.769531","4",NULL
"14248","2018-05-15T18:09:19.452Z","30.08145","5",NULL
"14249","2018-05-15T18:09:19.158Z","31.310784","6",NULL
"14250","2018-05-15T18:11:07.120Z","33.769531","4",NULL
"14251","2018-05-15T18:11:06.563Z","31.006864","3",NULL
"14252","2018-05-15T18:09:19.273Z","31.310784","6",NULL
"14253","2018-05-15T18:09:19.519Z","31.748117","5",NULL
"14254","2018-05-15T18:11:06.838Z","31.006864","3",NULL
"14255","2018-05-15T18:11:09.663Z","33.662256","4",NULL
"14256","2018-05-15T18:09:19.455Z","31.310784","6",NULL
"14257","2018-05-15T18:09:19.647Z","31.748117","5",NULL
"14258","2018-05-15T18:11:07.045Z","33.006864","3",NULL
"14259","2018-05-15T18:11:09.887Z","33.472649","4",NULL
"14260","2018-05-15T18:09:21.020Z","32.08145","5",NULL
"14261","2018-05-15T18:09:19.649Z","31.310784","6",NULL
"14262","2018-05-15T18:11:10.266Z","33.140139","4",NULL
"14263","2018-05-15T18:11:07.163Z","33.006864","3",NULL
"14264","2018-05-15T18:09:21.084Z","32.623117","5",NULL
"14265","2018-05-15T18:09:20.973Z","33.27345","6",NULL
"14266","2018-05-15T18:11:10.669Z","32.721548","4",NULL
"14267","2018-05-15T18:11:09.645Z","32.899589","3",NULL
"14268","2018-05-15T18:09:21.196Z","33.748117","5",NULL
"14269","2018-05-15T18:09:21.023Z","33.27345","6",NULL
"14270","2018-05-15T18:11:09.854Z","32.709982","3",NULL
"14271","2018-05-15T18:11:11.634Z","31.863027","4",NULL
"14272","2018-05-15T18:09:21.396Z","33.748117","5",NULL
"14273","2018-05-15T18:09:21.087Z","33.27345","6",NULL
"14274","2018-05-15T18:11:12.884Z","30.746072","4",NULL
"14275","2018-05-15T18:11:10.234Z","32.377472","3",NULL
"14276","2018-05-15T18:09:22.297Z","33.724806","5",NULL
"14277","2018-05-15T18:09:21.398Z","33.27345","6",NULL
"14278","2018-05-15T18:11:13.421Z","30.081704","4",NULL
"14279","2018-05-15T18:11:10.666Z","31.958881","3",NULL
"14280","2018-05-15T18:09:22.376Z","33.250139","6",NULL
"14281","2018-05-15T18:09:23.300Z","32.790677","5",NULL
"14282","2018-05-15T18:11:11.568Z","31.10036","3",NULL
"14283","2018-05-15T18:11:14.578Z","29.424528","4",NULL
"14284","2018-05-15T18:09:23.367Z","32.31601","6",NULL
"14285","2018-05-15T18:09:23.604Z","32.49555","5",NULL
"14286","2018-05-15T18:11:15.558Z","29.193959","4",NULL
"14287","2018-05-15T18:11:12.766Z","29.983405","3",NULL
"14288","2018-05-15T18:09:23.888Z","32.229707","5",NULL
"14289","2018-05-15T18:09:23.625Z","32.020883","6",NULL
"14290","2018-05-15T18:11:13.362Z","29.319037","3",NULL
"14291","2018-05-15T18:11:15.619Z","29.193959","4",NULL
"14292","2018-05-15T18:09:24.270Z","31.757483","5",NULL
"14293","2018-05-15T18:09:23.983Z","31.75504","6",NULL
"14294","2018-05-15T18:11:14.426Z","28.661861","3",NULL
"14295","2018-05-15T18:11:15.848Z","29.193959","4",NULL
"14296","2018-05-15T18:09:24.515Z","31.514254","5",NULL
"14297","2018-05-15T18:09:24.273Z","31.282816","6",NULL
"14298","2018-05-15T18:11:15.548Z","28.722959","3",NULL
"14299","2018-05-15T18:11:15.952Z","31.156625","4",NULL
"14300","2018-05-15T18:09:24.522Z","31.039587","6",NULL
"14301","2018-05-15T18:09:24.789Z","31.256673","5",NULL
"14302","2018-05-15T18:11:15.596Z","28.722959","3",NULL
"14303","2018-05-15T18:11:15.955Z","31.156625","4",NULL
"14304","2018-05-15T18:09:26.010Z","30.187496","5",NULL
"14305","2018-05-15T18:09:24.812Z","30.782006","6",NULL
"14306","2018-05-15T18:11:15.846Z","28.931292","3",NULL
"14307","2018-05-15T18:11:16.124Z","32.557313","4",NULL
"14308","2018-05-15T18:09:26.187Z","29.933976","5",NULL
"14309","2018-05-15T18:09:26.035Z","29.712829","6",NULL
"14310","2018-05-15T18:11:16.292Z","32.557313","4",NULL
"14311","2018-05-15T18:11:15.950Z","29.264625","3",NULL
"14312","2018-05-15T18:09:26.242Z","29.887706","5",NULL
"14313","2018-05-15T18:09:26.199Z","31.421976","6",NULL
"14314","2018-05-15T18:11:16.438Z","32.557313","4",NULL
"14315","2018-05-15T18:11:16.258Z","30.431292","3",NULL
"14316","2018-05-15T18:09:26.287Z","31.375706","6",NULL
"14317","2018-05-15T18:09:26.451Z","30.914385","5",NULL
"14318","2018-05-15T18:11:16.308Z","30.431292","3",NULL
"14319","2018-05-15T18:11:19.813Z","32.467523","4",NULL
"14320","2018-05-15T18:09:26.496Z","30.901741","5",NULL
"14321","2018-05-15T18:09:26.312Z","31.344753","6",NULL
"14322","2018-05-15T18:11:16.393Z","32.431292","3",NULL
"14323","2018-05-15T18:11:19.969Z","32.163147","4",NULL
"14324","2018-05-15T18:09:26.492Z","31.069052","6",NULL
"14325","2018-05-15T18:09:26.600Z","31.430416","5",NULL
"14326","2018-05-15T18:11:20.602Z","31.625093","4",NULL
"14327","2018-05-15T18:11:16.436Z","32.431292","3",NULL
"14328","2018-05-15T18:09:26.525Z","31.056408","6",NULL
"14329","2018-05-15T18:09:26.655Z","31.362382","5",NULL
"14330","2018-05-15T18:11:20.654Z","31.412586","4",NULL
"14331","2018-05-15T18:11:19.776Z","32.341502","3",NULL
"14332","2018-05-15T18:09:26.685Z","30.850382","6",NULL
"14333","2018-05-15T18:09:26.782Z","31.237405","5",NULL
"14334","2018-05-15T18:11:21.105Z","30.962825","4",NULL
"14335","2018-05-15T18:11:19.930Z","32.037126","3",NULL
"14336","2018-05-15T18:09:26.804Z","30.725405","6",NULL
"14337","2018-05-15T18:09:27.290Z","30.753918","5",NULL
"14338","2018-05-15T18:11:20.581Z","31.499072","3",NULL
"14339","2018-05-15T18:11:21.599Z","30.472021","4",NULL
"14340","2018-05-15T18:11:20.653Z","31.286565","3",NULL
"14341","2018-05-15T18:09:27.328Z","30.241918","6",NULL
"14342","2018-05-15T18:09:28.859Z","30.152108","5",NULL
"14343","2018-05-15T18:11:21.891Z","30.223782","4",NULL
"14344","2018-05-15T18:09:28.999Z","32.152108","5",NULL
"14345","2018-05-15T18:11:21.103Z","30.836804","3",NULL
"14346","2018-05-15T18:09:28.909Z","29.640108","6",NULL
"14347","2018-05-15T18:09:29.096Z","32.152108","5",NULL
"14348","2018-05-15T18:11:22.097Z","29.974879","4",NULL
"14349","2018-05-15T18:09:28.986Z","31.602775","6",NULL
"14350","2018-05-15T18:11:21.597Z","30.346","3",NULL
"14351","2018-05-15T18:11:22.643Z","29.4685","4",NULL
"14352","2018-05-15T18:09:29.764Z","32.129284","5",NULL
"14353","2018-05-15T18:11:21.859Z","30.097761","3",NULL
"14354","2018-05-15T18:09:29.101Z","31.602775","6",NULL
"14355","2018-05-15T18:11:22.095Z","29.848858","3",NULL
"14356","2018-05-15T18:11:23.239Z","28.956538","4",NULL
"14357","2018-05-15T18:09:31.477Z","30.588721","5",NULL
"14358","2018-05-15T18:09:29.770Z","31.579951","6",NULL
"14359","2018-05-15T18:11:22.613Z","29.342479","3",NULL
"14360","2018-05-15T18:09:31.991Z","30.100795","5",NULL
"14361","2018-05-15T18:11:23.602Z","28.511348","4",NULL
"14362","2018-05-15T18:09:31.500Z","30.039388","6",NULL
"14363","2018-05-15T18:11:23.720Z","28.487999","4",NULL
"14364","2018-05-15T18:09:32.042Z","30.052762","5",NULL
"14365","2018-05-15T18:11:23.186Z","28.830517","3",NULL
"14366","2018-05-15T18:09:32.032Z","31.514128","6",NULL
"14367","2018-05-15T18:11:24.109Z","28.487999","4",NULL
"14368","2018-05-15T18:11:23.594Z","28.385327","3",NULL
"14369","2018-05-15T18:09:32.412Z","29.732181","5",NULL
"14370","2018-05-15T18:09:32.083Z","31.466095","6",NULL
"14371","2018-05-15T18:11:25.355Z","28.397943","4",NULL
"14372","2018-05-15T18:11:23.699Z","28.361978","3",NULL
"14373","2018-05-15T18:09:32.548Z","29.730973","5",NULL
"14374","2018-05-15T18:09:32.144Z","31.417188","6",NULL
"14375","2018-05-15T18:09:32.508Z","31.145514","6",NULL
"14376","2018-05-15T18:09:33.746Z","29.454204","5",NULL
"14377","2018-05-15T18:11:25.887Z","27.909583","4",NULL
"14378","2018-05-15T18:11:24.095Z","28.361978","3",NULL
"14379","2018-05-15T18:09:33.858Z","29.441042","5",NULL
"14380","2018-05-15T18:09:32.668Z","31.144306","6",NULL
"14381","2018-05-15T18:11:26.348Z","27.40223","4",NULL
"14382","2018-05-15T18:11:25.353Z","28.271922","3",NULL
"14383","2018-05-15T18:09:34.164Z","29.861836","5",NULL
"14384","2018-05-15T18:11:25.872Z","27.783562","3",NULL
"14385","2018-05-15T18:09:33.810Z","29.95087","6",NULL
"14386","2018-05-15T18:11:26.598Z","27.145863","4",NULL
"14387","2018-05-15T18:09:34.168Z","29.861836","5",NULL
"14388","2018-05-15T18:11:26.344Z","27.276209","3",NULL
"14389","2018-05-15T18:09:33.874Z","29.937708","6",NULL
"14390","2018-05-15T18:11:26.886Z","26.890138","4",NULL
"14391","2018-05-15T18:09:34.498Z","30.111836","5",NULL
"14392","2018-05-15T18:11:26.594Z","27.019842","3",NULL
"14393","2018-05-15T18:09:34.166Z","29.525169","6",NULL
"14394","2018-05-15T18:11:27.370Z","26.399796","4",NULL
"14395","2018-05-15T18:09:34.527Z","30.111836","5",NULL
"14396","2018-05-15T18:09:34.552Z","30.111836","5",NULL
"14397","2018-05-15T18:11:26.867Z","26.764117","3",NULL
"14398","2018-05-15T18:11:27.597Z","26.150633","4",NULL
"14399","2018-05-15T18:09:34.169Z","29.525169","6",NULL
"14400","2018-05-15T18:09:34.651Z","30.111836","5",NULL
"14401","2018-05-15T18:09:34.515Z","31.487836","6",NULL
"14402","2018-05-15T18:11:27.351Z","26.273775","3",NULL
"14403","2018-05-15T18:09:34.721Z","30.820169","5",NULL
"14404","2018-05-15T18:11:27.874Z","25.90057","4",NULL
"14405","2018-05-15T18:09:34.540Z","31.487836","6",NULL
"14406","2018-05-15T18:09:34.836Z","32.111836","5",NULL
"14407","2018-05-15T18:09:34.551Z","31.487836","6",NULL
"14408","2018-05-15T18:11:28.364Z","25.400262","4",NULL
"14409","2018-05-15T18:11:27.595Z","26.024612","3",NULL
"14410","2018-05-15T18:09:35.706Z","32.111836","5",NULL
"14411","2018-05-15T18:09:35.879Z","34.111836","5",NULL
"14412","2018-05-15T18:09:34.678Z","31.487836","6",NULL
"14413","2018-05-15T18:11:28.688Z","25.121273","4",NULL
"14414","2018-05-15T18:11:27.870Z","25.774549","3",NULL
"14415","2018-05-15T18:11:28.847Z","24.90118","4",NULL
"14416","2018-05-15T18:11:28.344Z","25.274241","3",NULL
"14417","2018-05-15T18:09:35.925Z","34.111836","5",NULL
"14418","2018-05-15T18:09:34.741Z","31.487836","6",NULL
"14419","2018-05-15T18:11:28.635Z","24.995252","3",NULL
"14420","2018-05-15T18:11:29.125Z","24.703623","4",NULL
"14421","2018-05-15T18:09:36.136Z","34.111836","5",NULL
"14422","2018-05-15T18:09:35.708Z","31.487836","6",NULL
"14423","2018-05-15T18:09:36.244Z","34.111235","5",NULL
"14424","2018-05-15T18:11:29.614Z","24.243929","4",NULL
"14425","2018-05-15T18:11:28.845Z","24.775159","3",NULL
"14426","2018-05-15T18:09:35.893Z","33.450503","6",NULL
"14427","2018-05-15T18:11:29.123Z","24.577602","3",NULL
"14428","2018-05-15T18:09:35.928Z","33.450503","6",NULL
"14429","2018-05-15T18:09:36.603Z","33.889938","5",NULL
"14430","2018-05-15T18:11:29.867Z","23.995557","4",NULL
"14431","2018-05-15T18:09:36.167Z","33.450503","6",NULL
"14432","2018-05-15T18:11:30.365Z","23.502035","4",NULL
"14433","2018-05-15T18:09:36.820Z","33.635293","5",NULL
"14434","2018-05-15T18:11:29.599Z","24.117908","3",NULL
"14435","2018-05-15T18:11:29.854Z","23.869536","3",NULL
"14436","2018-05-15T18:11:30.603Z","23.249621","4",NULL
"14437","2018-05-15T18:09:37.067Z","33.342554","5",NULL
"14438","2018-05-15T18:09:36.389Z","33.449902","6",NULL
"14439","2018-05-15T18:09:37.701Z","32.762316","5",NULL
"14440","2018-05-15T18:09:36.612Z","33.228605","6",NULL
"14441","2018-05-15T18:11:31.130Z","22.749907","4",NULL
"14442","2018-05-15T18:11:30.350Z","23.376014","3",NULL
"14443","2018-05-15T18:09:38.013Z","32.381835","5",NULL
"14444","2018-05-15T18:11:30.601Z","23.1236","3",NULL
"14445","2018-05-15T18:11:31.606Z","22.261794","4",NULL
"14446","2018-05-15T18:09:36.829Z","32.97396","6",NULL
"14447","2018-05-15T18:09:38.268Z","32.130845","5",NULL
"14448","2018-05-15T18:11:32.097Z","21.762081","4",NULL
"14449","2018-05-15T18:09:37.071Z","32.681221","6",NULL
"14450","2018-05-15T18:11:31.102Z","22.623886","3",NULL
"14451","2018-05-15T18:09:38.792Z","31.626","5",NULL
"14452","2018-05-15T18:11:32.363Z","21.500237","4",NULL
"14453","2018-05-15T18:09:39.273Z","31.14094","5",NULL
"14454","2018-05-15T18:11:31.599Z","22.135773","3",NULL
"14455","2018-05-15T18:09:37.710Z","32.100983","6",NULL
"14456","2018-05-15T18:11:32.095Z","21.63606","3",NULL
"14457","2018-05-15T18:11:32.608Z","21.241298","4",NULL
"14458","2018-05-15T18:09:39.521Z","30.888794","5",NULL
"14459","2018-05-15T18:09:38.015Z","31.720502","6",NULL
"14460","2018-05-15T18:11:32.347Z","21.374216","3",NULL
"14461","2018-05-15T18:09:39.776Z","30.639536","5",NULL
"14462","2018-05-15T18:11:33.117Z","20.742152","4",NULL
"14463","2018-05-15T18:09:38.270Z","31.469512","6",NULL
"14464","2018-05-15T18:11:32.599Z","21.115277","3",NULL
"14465","2018-05-15T18:11:33.596Z","20.248215","4",NULL
"14466","2018-05-15T18:09:38.828Z","30.964667","6",NULL
"14467","2018-05-15T18:09:40.522Z","29.987616","5",NULL
"14468","2018-05-15T18:11:33.113Z","20.616131","3",NULL
"14469","2018-05-15T18:09:40.933Z","29.606368","5",NULL
"14470","2018-05-15T18:09:39.294Z","30.479607","6",NULL
"14471","2018-05-15T18:11:33.855Z","19.993239","4",NULL
"14472","2018-05-15T18:09:39.529Z","30.227461","6",NULL
"14473","2018-05-15T18:11:33.594Z","20.122194","3",NULL
"14474","2018-05-15T18:11:34.352Z","19.482974","4",NULL
"14475","2018-05-15T18:09:41.142Z","29.455567","5",NULL
"14476","2018-05-15T18:11:33.852Z","19.867218","3",NULL
"14477","2018-05-15T18:09:41.175Z","29.430305","5",NULL
"14478","2018-05-15T18:11:34.911Z","18.98832","4",NULL
"14479","2018-05-15T18:09:39.811Z","29.978203","6",NULL
"14480","2018-05-15T18:11:34.350Z","19.356953","3",NULL
"14481","2018-05-15T18:09:41.264Z","29.971972","5",NULL
"14482","2018-05-15T18:09:40.524Z","29.326283","6",NULL
"14483","2018-05-15T18:11:35.359Z","18.48646","4",NULL
"14484","2018-05-15T18:11:34.854Z","18.862299","3",NULL
"14485","2018-05-15T18:09:41.299Z","29.971972","5",NULL
"14486","2018-05-15T18:09:40.637Z","31.070741","6",NULL
"14487","2018-05-15T18:11:35.610Z","18.359931","4",NULL
"14488","2018-05-15T18:11:35.357Z","18.360439","3",NULL
"14489","2018-05-15T18:09:40.958Z","30.907701","6",NULL
"14490","2018-05-15T18:09:41.417Z","30.513638","5",NULL
"14491","2018-05-15T18:11:35.864Z","18.359931","4",NULL
"14492","2018-05-15T18:11:35.607Z","18.23391","3",NULL
"14493","2018-05-15T18:09:41.163Z","30.6319","6",NULL
"14494","2018-05-15T18:09:41.517Z","31.305305","5",NULL
"14495","2018-05-15T18:11:36.360Z","18.085986","4",NULL
"14496","2018-05-15T18:11:35.861Z","18.23391","3",NULL
"14497","2018-05-15T18:11:36.602Z","17.830864","4",NULL
"14498","2018-05-15T18:09:41.696Z","31.305305","5",NULL
"14499","2018-05-15T18:09:41.182Z","30.606638","6",NULL
"14500","2018-05-15T18:11:36.352Z","17.959965","3",NULL
"14501","2018-05-15T18:09:43.506Z","31.596972","5",NULL
"14502","2018-05-15T18:09:41.292Z","32.569305","6",NULL
"14503","2018-05-15T18:11:37.103Z","17.335747","4",NULL
"14504","2018-05-15T18:11:36.600Z","17.704843","3",NULL
"14505","2018-05-15T18:09:41.308Z","32.569305","6",NULL
"14506","2018-05-15T18:11:37.597Z","16.838043","4",NULL
"14507","2018-05-15T18:09:43.626Z","33.305305","5",NULL
"14508","2018-05-15T18:11:37.095Z","17.209726","3",NULL
"14509","2018-05-15T18:11:37.878Z","16.587681","4",NULL
"14510","2018-05-15T18:09:43.799Z","33.305305","5",NULL
"14511","2018-05-15T18:09:41.360Z","32.569305","6",NULL
"14512","2018-05-15T18:11:37.595Z","16.712022","3",NULL
"14513","2018-05-15T18:11:38.349Z","16.085459","4",NULL
"14514","2018-05-15T18:09:44.772Z","33.295598","5",NULL
"14515","2018-05-15T18:09:41.445Z","32.569305","6",NULL
"14516","2018-05-15T18:11:37.852Z","16.46166","3",NULL
"14517","2018-05-15T18:09:45.336Z","32.779656","5",NULL
"14518","2018-05-15T18:09:41.700Z","32.569305","6",NULL
"14519","2018-05-15T18:11:38.630Z","15.831345","4",NULL
"14520","2018-05-15T18:11:38.347Z","15.959438","3",NULL
"14521","2018-05-15T18:09:43.531Z","32.569305","6",NULL
"14522","2018-05-15T18:09:45.761Z","32.337403","5",NULL
"14523","2018-05-15T18:11:39.112Z","15.339026","4",NULL
"14524","2018-05-15T18:09:43.811Z","32.569305","6",NULL
"14525","2018-05-15T18:11:38.614Z","15.705324","3",NULL
"14526","2018-05-15T18:09:46.416Z","31.835185","5",NULL
"14527","2018-05-15T18:11:39.358Z","15.08894","4",NULL
"14528","2018-05-15T18:09:44.807Z","32.559598","6",NULL
"14529","2018-05-15T18:11:39.106Z","15.213005","3",NULL
"14530","2018-05-15T18:11:39.597Z","14.838765","4",NULL
"14531","2018-05-15T18:09:46.773Z","31.331205","5",NULL
"14532","2018-05-15T18:09:45.341Z","32.043656","6",NULL
"14533","2018-05-15T18:11:39.344Z","14.962919","3",NULL
"14534","2018-05-15T18:09:47.264Z","30.837648","5",NULL
"14535","2018-05-15T18:11:40.097Z","14.338257","4",NULL
"14536","2018-05-15T18:11:39.595Z","14.712744","3",NULL
"14537","2018-05-15T18:09:45.764Z","31.601403","6",NULL
"14538","2018-05-15T18:11:40.407Z","14.083452","4",NULL
"14539","2018-05-15T18:09:48.125Z","29.976734","5",NULL
"14540","2018-05-15T18:09:46.457Z","31.099185","6",NULL
"14541","2018-05-15T18:11:40.094Z","14.212236","3",NULL
"14542","2018-05-15T18:09:48.629Z","29.511789","5",NULL
"14543","2018-05-15T18:11:40.856Z","13.588775","4",NULL
"14544","2018-05-15T18:09:46.777Z","30.595205","6",NULL
"14545","2018-05-15T18:11:40.404Z","13.957431","3",NULL
"14546","2018-05-15T18:11:41.365Z","13.08612","4",NULL
"14547","2018-05-15T18:09:48.659Z","29.490308","5",NULL
"14548","2018-05-15T18:11:40.852Z","13.462754","3",NULL
"14549","2018-05-15T18:09:47.269Z","30.101648","6",NULL
"14550","2018-05-15T18:09:48.844Z","29.9228","5",NULL
"14551","2018-05-15T18:11:41.619Z","12.835005","4",NULL
"14552","2018-05-15T18:09:48.131Z","29.240734","6",NULL
"14553","2018-05-15T18:11:41.347Z","12.960099","3",NULL
"14554","2018-05-15T18:11:42.105Z","12.335746","4",NULL
"14555","2018-05-15T18:09:48.875Z","29.9228","5",NULL
"14556","2018-05-15T18:11:41.614Z","12.708984","3",NULL
"14557","2018-05-15T18:09:48.246Z","31.083272","6",NULL
"14558","2018-05-15T18:11:42.369Z","12.083298","4",NULL
"14559","2018-05-15T18:09:48.951Z","31.381133","5",NULL
"14560","2018-05-15T18:09:48.653Z","30.738456","6",NULL
"14561","2018-05-15T18:11:42.096Z","12.209725","3",NULL
"14562","2018-05-15T18:09:49.045Z","31.381133","5",NULL
"14563","2018-05-15T18:11:42.849Z","11.585774","4",NULL
"14564","2018-05-15T18:11:42.362Z","11.957277","3",NULL
"14565","2018-05-15T18:09:48.671Z","30.716975","6",NULL
"14566","2018-05-15T18:09:49.763Z","31.366601","5",NULL
"14567","2018-05-15T18:11:43.101Z","11.336642","4",NULL
"14568","2018-05-15T18:11:42.843Z","11.459753","3",NULL
"14569","2018-05-15T18:09:48.851Z","30.6078","6",NULL
"14570","2018-05-15T18:09:51.289Z","29.942297","5",NULL
"14571","2018-05-15T18:11:43.401Z","11.076041","4",NULL
"14572","2018-05-15T18:09:48.876Z","30.6078","6",NULL
"14573","2018-05-15T18:11:43.099Z","11.210621","3",NULL
"14574","2018-05-15T18:09:51.952Z","29.343492","5",NULL
"14575","2018-05-15T18:11:43.858Z","10.586041","4",NULL
"14576","2018-05-15T18:11:43.386Z","10.95002","3",NULL
"14577","2018-05-15T18:09:49.047Z","30.6078","6",NULL
"14578","2018-05-15T18:11:44.109Z","10.336277","4",NULL
"14579","2018-05-15T18:09:51.956Z","29.321283","5",NULL
"14580","2018-05-15T18:09:49.766Z","30.593268","6",NULL
"14581","2018-05-15T18:11:43.856Z","10.46002","3",NULL
"14582","2018-05-15T18:09:52.163Z","29.25516","5",NULL
"14583","2018-05-15T18:11:44.362Z","10.07646","4",NULL
"14584","2018-05-15T18:11:44.097Z","10.210256","3",NULL
"14585","2018-05-15T18:09:51.362Z","29.168964","6",NULL
"14586","2018-05-15T18:11:44.898Z","9.5745890000001","4",NULL
"14587","2018-05-15T18:09:52.170Z","29.238685","5",NULL
"14588","2018-05-15T18:09:51.403Z","31.042","6",NULL
"14589","2018-05-15T18:11:44.359Z","9.950439","3",NULL
"14590","2018-05-15T18:11:45.350Z","9.0919660000001","4",NULL
"14591","2018-05-15T18:09:52.485Z","29.197461","5",NULL
"14592","2018-05-15T18:11:44.895Z","9.448568","3",NULL
"14593","2018-05-15T18:09:51.954Z","30.532825","6",NULL
"14594","2018-05-15T18:09:52.517Z","29.158582","5",NULL
"14595","2018-05-15T18:11:45.595Z","8.836494","4",NULL
"14596","2018-05-15T18:11:45.343Z","8.965945","3",NULL
"14597","2018-05-15T18:09:51.957Z","30.510616","6",NULL
"14598","2018-05-15T18:09:53.530Z","29.199609","5",NULL
"14599","2018-05-15T18:11:45.924Z","8.585319","4",NULL
"14600","2018-05-15T18:11:45.593Z","8.710473","3",NULL
"14601","2018-05-15T18:09:52.167Z","30.277826","6",NULL
"14602","2018-05-15T18:09:53.536Z","29.152237","5",NULL
"14603","2018-05-15T18:11:46.359Z","8.0771040000001","4",NULL
"14604","2018-05-15T18:11:45.888Z","8.459298","3",NULL
"14605","2018-05-15T18:09:53.982Z","28.789491","5",NULL
"14606","2018-05-15T18:09:52.172Z","30.261351","6",NULL
"14607","2018-05-15T18:11:46.850Z","7.584974","4",NULL
"14608","2018-05-15T18:11:46.356Z","7.951083","3",NULL
"14609","2018-05-15T18:09:52.354Z","31.935487","6",NULL
"14610","2018-05-15T18:09:54.087Z","28.669678","5",NULL
"14611","2018-05-15T18:11:47.359Z","7.084373","4",NULL
"14612","2018-05-15T18:09:52.504Z","31.891128","6",NULL
"14613","2018-05-15T18:11:46.845Z","7.458953","3",NULL
"14614","2018-05-15T18:09:54.292Z","29.062221","5",NULL
"14615","2018-05-15T18:11:47.624Z","6.8340010000001","4",NULL
"14616","2018-05-15T18:09:52.560Z","31.852249","6",NULL
"14617","2018-05-15T18:09:54.702Z","29.062221","5",NULL
"14618","2018-05-15T18:11:47.355Z","6.958352","3",NULL
"14619","2018-05-15T18:11:48.103Z","6.3318790000001","4",NULL
"14620","2018-05-15T18:09:53.533Z","31.143276","6",NULL
"14621","2018-05-15T18:09:54.731Z","29.062221","5",NULL
"14622","2018-05-15T18:11:47.618Z","6.70798","3",NULL
"14623","2018-05-15T18:11:48.594Z","5.837218","4",NULL
"14624","2018-05-15T18:09:53.538Z","31.095904","6",NULL
"14625","2018-05-15T18:09:54.869Z","29.062221","5",NULL
"14626","2018-05-15T18:11:48.101Z","6.205858","3",NULL
"14627","2018-05-15T18:11:48.887Z","5.586756","4",NULL
"14628","2018-05-15T18:09:54.045Z","30.441491","6",NULL
"14629","2018-05-15T18:09:54.987Z","29.312221","5",NULL
"14630","2018-05-15T18:11:48.592Z","5.711197","3",NULL
"14631","2018-05-15T18:11:49.463Z","5.082208","4",NULL
"14632","2018-05-15T18:11:48.870Z","5.460735","3",NULL
"14633","2018-05-15T18:09:55.697Z","29.978888","5",NULL
"14634","2018-05-15T18:09:54.110Z","30.321678","6",NULL
"14635","2018-05-15T18:11:49.845Z","4.5867440000001","4",NULL
"14636","2018-05-15T18:09:55.704Z","30.687221","5",NULL
"14637","2018-05-15T18:11:49.452Z","4.956187","3",NULL
"14638","2018-05-15T18:09:54.715Z","32.176888","6",NULL
"14639","2018-05-15T18:09:55.746Z","31.062221","5",NULL
"14640","2018-05-15T18:11:50.101Z","4.334103","4",NULL
"14641","2018-05-15T18:11:49.842Z","4.460723","3",NULL
"14642","2018-05-15T18:09:54.857Z","32.176888","6",NULL
"14643","2018-05-15T18:09:55.885Z","33.062221","5",NULL
"14644","2018-05-15T18:11:50.439Z","4.0758370000001","4",NULL
"14645","2018-05-15T18:09:54.877Z","32.176888","6",NULL
"14646","2018-05-15T18:11:50.099Z","4.208082","3",NULL
"14647","2018-05-15T18:09:56.044Z","33.062221","5",NULL
"14648","2018-05-15T18:11:50.844Z","3.5885860000001","4",NULL
"14649","2018-05-15T18:09:54.895Z","32.176888","6",NULL
"14650","2018-05-15T18:11:50.419Z","3.9498160000001","3",NULL
"14651","2018-05-15T18:09:59.014Z","33.016622","5",NULL
"14652","2018-05-15T18:11:51.118Z","3.333914","4",NULL
"14653","2018-05-15T18:11:50.842Z","3.462565","3",NULL
"14654","2018-05-15T18:09:55.052Z","32.176888","6",NULL
"14655","2018-05-15T18:09:59.275Z","32.762202","5",NULL
"14656","2018-05-15T18:11:51.665Z","2.835806","4",NULL
"14657","2018-05-15T18:09:55.700Z","32.176888","6",NULL
"14658","2018-05-15T18:11:51.111Z","3.207893","3",NULL
"14659","2018-05-15T18:09:59.761Z","32.266593","5",NULL
"14660","2018-05-15T18:11:51.859Z","2.581849","4",NULL
"14661","2018-05-15T18:11:51.595Z","2.709785","3",NULL
"14662","2018-05-15T18:10:00.521Z","31.627918","5",NULL
"14663","2018-05-15T18:09:55.716Z","32.176888","6",NULL
"14664","2018-05-15T18:11:52.345Z","2.086407","4",NULL
"14665","2018-05-15T18:11:51.857Z","2.455828","3",NULL
"14666","2018-05-15T18:10:00.971Z","31.163697","5",NULL
"14667","2018-05-15T18:09:56.048Z","32.176888","6",NULL
"14668","2018-05-15T18:11:52.595Z","1.8434880000001","4",NULL
"14669","2018-05-15T18:10:01.123Z","31.093084","5",NULL
"14670","2018-05-15T18:11:52.343Z","1.960386","3",NULL
"14671","2018-05-15T18:09:59.015Z","32.131289","6",NULL
"14672","2018-05-15T18:11:52.787Z","1.6461850000001","4",NULL
"14673","2018-05-15T18:11:52.593Z","1.7174670000001","3",NULL
"14674","2018-05-15T18:09:59.286Z","31.876869","6",NULL
"14675","2018-05-15T18:10:01.386Z","30.703959","5",NULL
"14676","2018-05-15T18:11:52.784Z","1.520164","3",NULL
"14677","2018-05-15T18:11:53.125Z","1.499961","4",NULL
"14678","2018-05-15T18:10:01.620Z","32.405818","5",NULL
"14679","2018-05-15T18:09:59.780Z","31.38126","6",NULL
"14680","2018-05-15T18:11:53.106Z","1.3739399999999","3",NULL
"14681","2018-05-15T18:11:53.380Z","1.2448840000001","4",NULL
"14682","2018-05-15T18:10:01.656Z","32.369673","5",NULL
"14683","2018-05-15T18:10:00.532Z","30.742585","6",NULL
"14684","2018-05-15T18:11:53.868Z","0.74847900000009","4",NULL
"14685","2018-05-15T18:11:53.350Z","1.118863","3",NULL
"14686","2018-05-15T18:10:01.761Z","32.266228","5",NULL
"14687","2018-05-15T18:10:01.041Z","32.24103","6",NULL
"14688","2018-05-15T18:10:02.020Z","32.016224","5",NULL
"14689","2018-05-15T18:11:54.098Z","0.49845400000004","4",NULL
"14690","2018-05-15T18:11:53.856Z","0.62245800000005","3",NULL
"14691","2018-05-15T18:10:01.155Z","32.170417","6",NULL
"14692","2018-05-15T18:11:54.092Z","0.372433","3",NULL
"14693","2018-05-15T18:11:54.354Z","0.24804600000004","4",NULL
"14694","2018-05-15T18:10:02.329Z","31.765932","5",NULL
"14695","2018-05-15T18:10:01.169Z","32.134764","6",NULL
"14696","2018-05-15T18:11:54.347Z","0.12202500000001","3",NULL
"14697","2018-05-15T18:10:03.551Z","30.78975","5",NULL
"14698","2018-05-15T18:10:01.399Z","31.781292","6",NULL
"14699","2018-05-15T18:10:03.559Z","30.78975","5",NULL
"14700","2018-05-15T18:10:01.693Z","31.447006","6",NULL
"14701","2018-05-15T18:10:03.877Z","30.78975","5",NULL
"14702","2018-05-15T18:10:01.777Z","31.343561","6",NULL
"14703","2018-05-15T18:10:04.034Z","32.78975","5",NULL
"14704","2018-05-15T18:10:04.094Z","32.78975","5",NULL
"14705","2018-05-15T18:10:02.022Z","31.093557","6",NULL
"14706","2018-05-15T18:10:02.356Z","30.843265","6",NULL
"14707","2018-05-15T18:10:05.494Z","32.443379","5",NULL
"14708","2018-05-15T18:10:03.557Z","29.867083","6",NULL
"14709","2018-05-15T18:10:05.768Z","32.166711","5",NULL
"14710","2018-05-15T18:10:03.570Z","29.867083","6",NULL
"14711","2018-05-15T18:10:06.167Z","31.813962","5",NULL
"14712","2018-05-15T18:10:06.366Z","31.620124","5",NULL
"14713","2018-05-15T18:10:03.765Z","31.82975","6",NULL
"14714","2018-05-15T18:10:06.506Z","31.50151","5",NULL
"14715","2018-05-15T18:10:03.917Z","31.82975","6",NULL
"14716","2018-05-15T18:10:06.764Z","31.149503","5",NULL
"14717","2018-05-15T18:10:04.103Z","31.82975","6",NULL
"14718","2018-05-15T18:10:05.503Z","31.483379","6",NULL
"14719","2018-05-15T18:10:07.265Z","30.648631","5",NULL
"14720","2018-05-15T18:10:07.832Z","30.09467","5",NULL
"14721","2018-05-15T18:10:05.879Z","31.206711","6",NULL
"14722","2018-05-15T18:10:08.290Z","29.784651","5",NULL
"14723","2018-05-15T18:10:06.189Z","32.816629","6",NULL
"14724","2018-05-15T18:10:08.770Z","29.268253","5",NULL
"14725","2018-05-15T18:10:06.258Z","32.678245","6",NULL
"14726","2018-05-15T18:10:06.413Z","32.622791","6",NULL
"14727","2018-05-15T18:10:08.824Z","29.197407","5",NULL
"14728","2018-05-15T18:10:06.523Z","32.504177","6",NULL
"14729","2018-05-15T18:10:09.023Z","29.839747","5",NULL
"14730","2018-05-15T18:10:06.767Z","32.15217","6",NULL
"14731","2018-05-15T18:10:09.087Z","29.789264","5",NULL
"14732","2018-05-15T18:10:09.439Z","30.536371","5",NULL
"14733","2018-05-15T18:10:07.292Z","31.651298","6",NULL
"14734","2018-05-15T18:10:09.496Z","30.536371","5",NULL
"14735","2018-05-15T18:10:07.835Z","31.097337","6",NULL
"14736","2018-05-15T18:10:08.308Z","32.749984","6",NULL
"14737","2018-05-15T18:10:09.545Z","30.536371","5",NULL
"14738","2018-05-15T18:10:08.311Z","32.601028","6",NULL
"14739","2018-05-15T18:10:09.652Z","30.703038","5",NULL
"14740","2018-05-15T18:10:09.754Z","30.703038","5",NULL
"14741","2018-05-15T18:10:08.790Z","32.233586","6",NULL
"14742","2018-05-15T18:10:08.855Z","32.16274","6",NULL
"14743","2018-05-15T18:10:10.844Z","30.703038","5",NULL
"14744","2018-05-15T18:10:10.941Z","32.703038","5",NULL
"14745","2018-05-15T18:10:09.059Z","31.93008","6",NULL
"14746","2018-05-15T18:10:11.125Z","32.703038","5",NULL
"14747","2018-05-15T18:10:09.143Z","31.879597","6",NULL
"14748","2018-05-15T18:10:09.463Z","31.668371","6",NULL
"14749","2018-05-15T18:10:11.540Z","32.687401","5",NULL
"14750","2018-05-15T18:10:09.511Z","31.668371","6",NULL
"14751","2018-05-15T18:10:11.761Z","32.469618","5",NULL
"14752","2018-05-15T18:10:09.565Z","31.668371","6",NULL
"14753","2018-05-15T18:10:12.017Z","32.215124","5",NULL
"14754","2018-05-15T18:10:12.854Z","31.438939","5",NULL
"14755","2018-05-15T18:10:09.779Z","31.668371","6",NULL
"14756","2018-05-15T18:10:13.039Z","31.909493","5",NULL
"14757","2018-05-15T18:10:10.814Z","33.631038","6",NULL
"14758","2018-05-15T18:10:10.854Z","33.631038","6",NULL
"14759","2018-05-15T18:10:13.169Z","33.075398","5",NULL
"14760","2018-05-15T18:10:11.126Z","33.631038","6",NULL
"14761","2018-05-15T18:10:13.197Z","33.031323","5",NULL
"14762","2018-05-15T18:10:13.339Z","32.922036","5",NULL
"14763","2018-05-15T18:10:11.583Z","33.615401","6",NULL
"14764","2018-05-15T18:10:11.763Z","33.397618","6",NULL
"14765","2018-05-15T18:10:13.762Z","32.470886","5",NULL
"14766","2018-05-15T18:10:14.266Z","31.9623","5",NULL
"14767","2018-05-15T18:10:12.049Z","33.143124","6",NULL
"14768","2018-05-15T18:10:14.771Z","31.467885","5",NULL
"14769","2018-05-15T18:10:12.890Z","32.366939","6",NULL
"14770","2018-05-15T18:10:15.359Z","30.972472","5",NULL
"14771","2018-05-15T18:10:13.068Z","32.12916","6",NULL
"14772","2018-05-15T18:10:13.221Z","31.959323","6",NULL
"14773","2018-05-15T18:10:15.865Z","30.493281","5",NULL
"14774","2018-05-15T18:10:15.950Z","30.413629","5",NULL
"14775","2018-05-15T18:10:13.384Z","31.850036","6",NULL
"14776","2018-05-15T18:10:16.119Z","30.216414","5",NULL
"14777","2018-05-15T18:10:13.767Z","31.398886","6",NULL
"14778","2018-05-15T18:10:14.286Z","30.8903","6",NULL
"14779","2018-05-15T18:10:16.224Z","30.191802","5",NULL
"14780","2018-05-15T18:10:14.791Z","30.395885","6",NULL
"14781","2018-05-15T18:10:16.363Z","30.520176","5",NULL
"14782","2018-05-15T18:10:15.369Z","29.900472","6",NULL
"14783","2018-05-15T18:10:16.460Z","30.781865","5",NULL
"14784","2018-05-15T18:10:15.684Z","31.44023","6",NULL
"14785","2018-05-15T18:10:16.649Z","31.598674","5",NULL
"14786","2018-05-15T18:10:15.891Z","31.383948","6",NULL
"14787","2018-05-15T18:10:16.710Z","31.515099","5",NULL
"14788","2018-05-15T18:10:16.989Z","31.310577","5",NULL
"14789","2018-05-15T18:10:15.997Z","31.304296","6",NULL
"14790","2018-05-15T18:10:16.201Z","31.023748","6",NULL
"14791","2018-05-15T18:10:17.259Z","30.952716","5",NULL
"14792","2018-05-15T18:10:16.257Z","30.999136","6",NULL
"14793","2018-05-15T18:10:17.846Z","30.371457","5",NULL
"14794","2018-05-15T18:10:16.373Z","30.785843","6",NULL
"14795","2018-05-15T18:10:18.368Z","29.842292","5",NULL
"14796","2018-05-15T18:10:18.439Z","29.838043","5",NULL
"14797","2018-05-15T18:10:16.468Z","30.672532","6",NULL
"14798","2018-05-15T18:10:18.620Z","30.088831","5",NULL
"14799","2018-05-15T18:10:16.814Z","30.405766","6",NULL
"14800","2018-05-15T18:10:18.678Z","30.088831","5",NULL
"14801","2018-05-15T18:10:16.994Z","30.201244","6",NULL
"14802","2018-05-15T18:10:18.808Z","31.713831","5",NULL
"14803","2018-05-15T18:10:17.262Z","29.843383","6",NULL
"14804","2018-05-15T18:10:18.888Z","31.713831","5",NULL
"14805","2018-05-15T18:10:17.861Z","29.262124","6",NULL
"14806","2018-05-15T18:10:20.861Z","30.832287","5",NULL
"14807","2018-05-15T18:10:18.237Z","30.823327","6",NULL
"14808","2018-05-15T18:10:21.211Z","31.548412","5",NULL
"14809","2018-05-15T18:10:21.518Z","32.195818","5",NULL
"14810","2018-05-15T18:10:18.435Z","30.695625","6",NULL
"14811","2018-05-15T18:10:21.596Z","32.185395","5",NULL
"14812","2018-05-15T18:10:18.479Z","30.691376","6",NULL
"14813","2018-05-15T18:10:21.676Z","32.126871","5",NULL
"14814","2018-05-15T18:10:18.671Z","30.567164","6",NULL
"14815","2018-05-15T18:10:18.689Z","30.567164","6",NULL
"14816","2018-05-15T18:10:21.786Z","31.870257","5",NULL
"14817","2018-05-15T18:10:18.757Z","32.529831","6",NULL
"14818","2018-05-15T18:10:21.991Z","31.829644","5",NULL
"14819","2018-05-15T18:10:18.896Z","32.529831","6",NULL
"14820","2018-05-15T18:10:22.102Z","31.567185","5",NULL
"14821","2018-05-15T18:10:23.386Z","30.266386","5",NULL
"14822","2018-05-15T18:10:20.895Z","31.648287","6",NULL
"14823","2018-05-15T18:10:23.853Z","29.952231","5",NULL
"14824","2018-05-15T18:10:21.255Z","31.281079","6",NULL
"14825","2018-05-15T18:10:24.029Z","29.918144","5",NULL
"14826","2018-05-15T18:10:21.526Z","31.011818","6",NULL
"14827","2018-05-15T18:10:24.205Z","30.403931","5",NULL
"14828","2018-05-15T18:10:21.611Z","31.001395","6",NULL
"14829","2018-05-15T18:10:21.949Z","30.686257","6",NULL
"14830","2018-05-15T18:10:24.221Z","30.386263","5",NULL
"14831","2018-05-15T18:10:22.020Z","30.645644","6",NULL
"14832","2018-05-15T18:10:24.411Z","30.50547","5",NULL
"14833","2018-05-15T18:10:22.118Z","30.383185","6",NULL
"14834","2018-05-15T18:10:24.548Z","30.801529","5",NULL
"14835","2018-05-15T18:10:23.409Z","29.082386","6",NULL
"14836","2018-05-15T18:10:24.613Z","31.079481","5",NULL
"14837","2018-05-15T18:10:24.666Z","30.962648","5",NULL
"14838","2018-05-15T18:10:23.575Z","30.857471","6",NULL
"14839","2018-05-15T18:10:24.951Z","30.819936","5",NULL
"14840","2018-05-15T18:10:23.870Z","30.730898","6",NULL
"14841","2018-05-15T18:10:24.053Z","30.488478","6",NULL
"14842","2018-05-15T18:10:25.122Z","30.595593","5",NULL
"14843","2018-05-15T18:10:24.212Z","32.270264","6",NULL
"14844","2018-05-15T18:10:25.224Z","30.594542","5",NULL
"14845","2018-05-15T18:10:24.253Z","32.252596","6",NULL
"14846","2018-05-15T18:10:26.005Z","29.683255","5",NULL
"14847","2018-05-15T18:10:26.183Z","29.560543","5",NULL
"14848","2018-05-15T18:10:24.318Z","32.164172","6",NULL
"14849","2018-05-15T18:10:26.198Z","29.85221","5",NULL
"14850","2018-05-15T18:10:24.414Z","32.03847","6",NULL
"14851","2018-05-15T18:10:24.573Z","31.917862","6",NULL
"14852","2018-05-15T18:10:26.238Z","31.560543","5",NULL
"14853","2018-05-15T18:10:26.492Z","31.560543","5",NULL
"14854","2018-05-15T18:10:24.700Z","31.703981","6",NULL
"14855","2018-05-15T18:10:29.070Z","30.035122","5",NULL
"14856","2018-05-15T18:10:24.994Z","31.561269","6",NULL
"14857","2018-05-15T18:10:25.197Z","31.336926","6",NULL
"14858","2018-05-15T18:10:29.260Z","29.695262","5",NULL
"14859","2018-05-15T18:10:29.269Z","29.683414","5",NULL
"14860","2018-05-15T18:10:25.240Z","31.335875","6",NULL
"14861","2018-05-15T18:10:29.308Z","30.387475","5",NULL
"14862","2018-05-15T18:10:26.033Z","30.424588","6",NULL
"14863","2018-05-15T18:10:29.408Z","31.544259","5",NULL
"14864","2018-05-15T18:10:26.189Z","32.264543","6",NULL
"14865","2018-05-15T18:10:29.661Z","31.349984","5",NULL
"14866","2018-05-15T18:10:26.192Z","32.264543","6",NULL
"14867","2018-05-15T18:10:26.201Z","32.264543","6",NULL
"14868","2018-05-15T18:10:29.953Z","31.025777","5",NULL
"14869","2018-05-15T18:10:26.493Z","32.264543","6",NULL
"14870","2018-05-15T18:10:30.029Z","31.024474","5",NULL
"14871","2018-05-15T18:10:30.458Z","30.484711","5",NULL
"14872","2018-05-15T18:10:29.085Z","30.739122","6",NULL
"14873","2018-05-15T18:10:30.615Z","30.411821","5",NULL
"14874","2018-05-15T18:10:29.204Z","32.405358","6",NULL
"14875","2018-05-15T18:10:29.265Z","32.361929","6",NULL
"14876","2018-05-15T18:10:31.366Z","29.762006","5",NULL
"14877","2018-05-15T18:10:29.273Z","32.350081","6",NULL
"14878","2018-05-15T18:10:31.370Z","29.646407","5",NULL
"14879","2018-05-15T18:10:29.312Z","32.304142","6",NULL
"14880","2018-05-15T18:10:31.392Z","31.535071","5",NULL
"14881","2018-05-15T18:10:29.728Z","32.016651","6",NULL
"14882","2018-05-15T18:10:31.437Z","31.490089","5",NULL
"14883","2018-05-15T18:10:30.014Z","31.692444","6",NULL
"14884","2018-05-15T18:10:31.671Z","31.409245","5",NULL
"14885","2018-05-15T18:10:30.087Z","31.691141","6",NULL
"14886","2018-05-15T18:10:32.014Z","30.922159","5",NULL
"14887","2018-05-15T18:10:30.464Z","31.151378","6",NULL
"14888","2018-05-15T18:10:32.270Z","30.666002","5",NULL
"14889","2018-05-15T18:10:30.633Z","33.041154","6",NULL
"14890","2018-05-15T18:10:33.254Z","29.744842","5",NULL
"14891","2018-05-15T18:10:30.713Z","32.844701","6",NULL
"14892","2018-05-15T18:10:33.629Z","29.348078","5",NULL
"14893","2018-05-15T18:10:31.368Z","32.391339","6",NULL
"14894","2018-05-15T18:10:34.182Z","29.054847","5",NULL
"14895","2018-05-15T18:10:31.373Z","32.27574","6",NULL
"14896","2018-05-15T18:10:34.248Z","29.049971","5",NULL
"14897","2018-05-15T18:10:31.395Z","32.164404","6",NULL
"14898","2018-05-15T18:10:31.673Z","32.038578","6",NULL
"14899","2018-05-15T18:10:34.530Z","29.030439","5",NULL
"14900","2018-05-15T18:10:32.016Z","31.551492","6",NULL
"14901","2018-05-15T18:10:34.555Z","29.027881","5",NULL
"14902","2018-05-15T18:10:34.688Z","30.243963","5",NULL
"14903","2018-05-15T18:10:32.272Z","31.295335","6",NULL
"14904","2018-05-15T18:10:34.692Z","30.238168","5",NULL
"14905","2018-05-15T18:10:33.268Z","30.374175","6",NULL
"14906","2018-05-15T18:10:34.837Z","30.156879","5",NULL
"14907","2018-05-15T18:10:33.656Z","31.940078","6",NULL
"14908","2018-05-15T18:10:34.904Z","30.156879","5",NULL
"14909","2018-05-15T18:10:34.954Z","30.156879","5",NULL
"14910","2018-05-15T18:10:33.724Z","31.897121","6",NULL
"14911","2018-05-15T18:10:35.390Z","30.156879","5",NULL
"14912","2018-05-15T18:10:34.185Z","31.438514","6",NULL
"14913","2018-05-15T18:10:35.706Z","30.156879","5",NULL
"14914","2018-05-15T18:10:34.332Z","31.433638","6",NULL
"14915","2018-05-15T18:10:36.096Z","31.448546","5",NULL
"14916","2018-05-15T18:10:34.533Z","31.039106","6",NULL
"14917","2018-05-15T18:10:34.604Z","31.036548","6",NULL
"14918","2018-05-15T18:10:36.208Z","32.156879","5",NULL
"14919","2018-05-15T18:10:34.690Z","30.835963","6",NULL
"14920","2018-05-15T18:10:36.337Z","33.781879","5",NULL
"14921","2018-05-15T18:10:34.884Z","30.748879","6",NULL
"14922","2018-05-15T18:10:36.392Z","34.156879","5",NULL
"14923","2018-05-15T18:10:34.906Z","30.748879","6",NULL
"14924","2018-05-15T18:10:34.955Z","30.748879","6",NULL
"14925","2018-05-15T18:10:36.641Z","34.156879","5",NULL
"14926","2018-05-15T18:10:35.399Z","30.748879","6",NULL
"14927","2018-05-15T18:10:38.009Z","34.012469","5",NULL
"14928","2018-05-15T18:10:35.605Z","32.711546","6",NULL
"14929","2018-05-15T18:10:38.320Z","33.718911","5",NULL
"14930","2018-05-15T18:10:38.846Z","33.228576","5",NULL
"14931","2018-05-15T18:10:35.711Z","32.711546","6",NULL
"14932","2018-05-15T18:10:39.260Z","32.760566","5",NULL
"14933","2018-05-15T18:10:36.116Z","32.711546","6",NULL
"14934","2018-05-15T18:10:39.511Z","32.509426","5",NULL
"14935","2018-05-15T18:10:36.357Z","32.711546","6",NULL
"14936","2018-05-15T18:10:36.643Z","32.711546","6",NULL
"14937","2018-05-15T18:10:39.772Z","32.271097","5",NULL
"14938","2018-05-15T18:10:38.010Z","32.567136","6",NULL
"14939","2018-05-15T18:10:40.327Z","31.729299","5",NULL
"14940","2018-05-15T18:10:38.392Z","32.273578","6",NULL
"14941","2018-05-15T18:10:40.550Z","31.501844","5",NULL
"14942","2018-05-15T18:10:38.875Z","31.783243","6",NULL
"14943","2018-05-15T18:10:40.862Z","31.465413","5",NULL
"14944","2018-05-15T18:10:39.262Z","31.315233","6",NULL
"14945","2018-05-15T18:10:40.998Z","31.931711","5",NULL
"14946","2018-05-15T18:10:39.560Z","31.064093","6",NULL
"14947","2018-05-15T18:10:41.059Z","33.002707","5",NULL
"14948","2018-05-15T18:10:39.787Z","30.825764","6",NULL
"14949","2018-05-15T18:10:41.190Z","32.86149","5",NULL
"14950","2018-05-15T18:10:40.329Z","30.283966","6",NULL
"14951","2018-05-15T18:10:41.257Z","32.796535","5",NULL
"14952","2018-05-15T18:10:40.559Z","32.019177","6",NULL
"14953","2018-05-15T18:10:41.512Z","32.549359","5",NULL
"14954","2018-05-15T18:10:40.668Z","31.901736","6",NULL
"14955","2018-05-15T18:10:41.793Z","32.297529","5",NULL
"14956","2018-05-15T18:10:40.888Z","31.732746","6",NULL
"14957","2018-05-15T18:10:42.336Z","31.80543","5",NULL
"14958","2018-05-15T18:10:41.005Z","31.574044","6",NULL
"14959","2018-05-15T18:10:43.742Z","31.439727","5",NULL
"14960","2018-05-15T18:10:41.194Z","31.378823","6",NULL
"14961","2018-05-15T18:10:44.116Z","31.439727","5",NULL
"14962","2018-05-15T18:10:41.287Z","31.313868","6",NULL
"14963","2018-05-15T18:10:44.165Z","32.106394","5",NULL
"14964","2018-05-15T18:10:41.515Z","31.066692","6",NULL
"14965","2018-05-15T18:10:44.549Z","33.439727","5",NULL
"14966","2018-05-15T18:10:41.830Z","30.814862","6",NULL
"14967","2018-05-15T18:10:44.603Z","33.439727","5",NULL
"14968","2018-05-15T18:10:42.360Z","30.322763","6",NULL
"14969","2018-05-15T18:10:44.761Z","33.420289","5",NULL
"14970","2018-05-15T18:10:43.786Z","29.95706","6",NULL
"14971","2018-05-15T18:10:45.490Z","32.710982","5",NULL
"14972","2018-05-15T18:10:44.047Z","31.919727","6",NULL
"14973","2018-05-15T18:10:45.664Z","32.454916","5",NULL
"14974","2018-05-15T18:10:46.008Z","32.091562","5",NULL
"14975","2018-05-15T18:10:44.119Z","31.919727","6",NULL
"14976","2018-05-15T18:10:46.259Z","31.843008","5",NULL
"14977","2018-05-15T18:10:44.174Z","33.882394","6",NULL
"14978","2018-05-15T18:10:46.570Z","31.594336","5",NULL
"14979","2018-05-15T18:10:44.210Z","33.882394","6",NULL
"14980","2018-05-15T18:10:46.776Z","31.328216","5",NULL
"14981","2018-05-15T18:10:44.608Z","33.882394","6",NULL
"14982","2018-05-15T18:10:47.271Z","30.829992","5",NULL
"14983","2018-05-15T18:10:44.849Z","33.862956","6",NULL
"14984","2018-05-15T18:10:48.511Z","29.587289","5",NULL
"14985","2018-05-15T18:10:45.538Z","33.153649","6",NULL
"14986","2018-05-15T18:10:48.765Z","29.561994","5",NULL
"14987","2018-05-15T18:10:45.700Z","32.897583","6",NULL
"14988","2018-05-15T18:10:48.794Z","29.561994","5",NULL
"14989","2018-05-15T18:10:46.022Z","32.534229","6",NULL
"14990","2018-05-15T18:10:46.273Z","32.285675","6",NULL
"14991","2018-05-15T18:10:48.943Z","31.561994","5",NULL
"14992","2018-05-15T18:10:48.986Z","31.561994","5",NULL
"14993","2018-05-15T18:10:46.573Z","32.037003","6",NULL
"14994","2018-05-15T18:10:49.759Z","31.425331","5",NULL
"14995","2018-05-15T18:10:46.778Z","31.770883","6",NULL
"14996","2018-05-15T18:10:47.273Z","31.272659","6",NULL
"14997","2018-05-15T18:10:50.547Z","30.807729","5",NULL
"14998","2018-05-15T18:10:51.371Z","30.113804","5",NULL
"14999","2018-05-15T18:10:48.535Z","30.029956","6",NULL
"15000","2018-05-15T18:10:51.703Z","29.547915","5",NULL
"15001","2018-05-15T18:10:48.691Z","31.967327","6",NULL
"15002","2018-05-15T18:10:48.778Z","31.967327","6",NULL
"15003","2018-05-15T18:10:51.866Z","29.595839","5",NULL
"15004","2018-05-15T18:10:48.814Z","31.967327","6",NULL
"15005","2018-05-15T18:10:51.894Z","29.555605","5",NULL
"15006","2018-05-15T18:10:48.969Z","31.967327","6",NULL
"15007","2018-05-15T18:10:52.016Z","31.182299","5",NULL
"15008","2018-05-15T18:10:49.761Z","31.830664","6",NULL
"15009","2018-05-15T18:10:52.052Z","31.162637","5",NULL
"15010","2018-05-15T18:10:52.088Z","31.10375","5",NULL
"15011","2018-05-15T18:10:50.818Z","31.213062","6",NULL
"15012","2018-05-15T18:10:51.413Z","30.519137","6",NULL
"15013","2018-05-15T18:10:52.893Z","30.30653","5",NULL
"15014","2018-05-15T18:10:53.243Z","29.966507","5",NULL
"15015","2018-05-15T18:10:51.757Z","29.953248","6",NULL
"15016","2018-05-15T18:10:51.883Z","29.792839","6",NULL
"15017","2018-05-15T18:10:53.247Z","29.952261","5",NULL
"15018","2018-05-15T18:10:51.907Z","29.752605","6",NULL
"15019","2018-05-15T18:10:53.474Z","31.732186","5",NULL
"15020","2018-05-15T18:10:52.056Z","29.56797","6",NULL
"15021","2018-05-15T18:10:53.710Z","31.731104","5",NULL
"15022","2018-05-15T18:10:52.101Z","29.509083","6",NULL
"15023","2018-05-15T18:10:54.107Z","31.23163","5",NULL
"15024","2018-05-15T18:10:52.897Z","28.711863","6",NULL
"15025","2018-05-15T18:10:54.147Z","31.047249","5",NULL
"15026","2018-05-15T18:10:54.267Z","30.939112","5",NULL
"15027","2018-05-15T18:10:53.131Z","30.429134","6",NULL
"15028","2018-05-15T18:10:54.787Z","30.432145","5",NULL
"15029","2018-05-15T18:10:53.246Z","30.334507","6",NULL
"15030","2018-05-15T18:10:55.305Z","29.959989","5",NULL
"15031","2018-05-15T18:10:53.298Z","30.320261","6",NULL
"15032","2018-05-15T18:10:53.708Z","30.100186","6",NULL
"15033","2018-05-15T18:10:55.634Z","29.907484","5",NULL
"15034","2018-05-15T18:10:55.765Z","29.852641","5",NULL
"15035","2018-05-15T18:10:54.124Z","29.59963","6",NULL
"15036","2018-05-15T18:10:55.912Z","30.345869","5",NULL
"15037","2018-05-15T18:10:54.153Z","31.377916","6",NULL
"15038","2018-05-15T18:10:54.193Z","31.331106","6",NULL
"15039","2018-05-15T18:10:56.131Z","30.724908","5",NULL
"15040","2018-05-15T18:10:56.219Z","31.058697","5",NULL
"15041","2018-05-15T18:10:54.323Z","31.269779","6",NULL
"15042","2018-05-15T18:10:56.338Z","30.898043","5",NULL
"15043","2018-05-15T18:10:54.795Z","30.762812","6",NULL
"15044","2018-05-15T18:10:55.315Z","30.290656","6",NULL
"15045","2018-05-15T18:10:56.607Z","30.884197","5",NULL
"15046","2018-05-15T18:10:55.459Z","32.027658","6",NULL
"15047","2018-05-15T18:10:56.775Z","30.482499","5",NULL
"15048","2018-05-15T18:10:55.658Z","31.90915","6",NULL
"15049","2018-05-15T18:10:57.078Z","30.186809","5",NULL
"15050","2018-05-15T18:10:57.261Z","29.933474","5",NULL
"15051","2018-05-15T18:10:55.767Z","31.854307","6",NULL
"15052","2018-05-15T18:10:58.144Z","29.097534","5",NULL
"15053","2018-05-15T18:10:55.961Z","31.597535","6",NULL
"15054","2018-05-15T18:10:58.454Z","28.810062","5",NULL
"15055","2018-05-15T18:10:56.166Z","31.393241","6",NULL
"15056","2018-05-15T18:10:56.412Z","31.191376","6",NULL
"15057","2018-05-15T18:10:58.949Z","28.630566","5",NULL
"15058","2018-05-15T18:10:58.954Z","28.630566","5",NULL
"15059","2018-05-15T18:10:56.619Z","31.17753","6",NULL
"15060","2018-05-15T18:10:58.984Z","29.2139","5",NULL
"15061","2018-05-15T18:10:56.811Z","30.775832","6",NULL
"15062","2018-05-15T18:10:57.112Z","30.480142","6",NULL
"15063","2018-05-15T18:10:59.062Z","30.297233","5",NULL
"15064","2018-05-15T18:10:57.263Z","30.226807","6",NULL
"15065","2018-05-15T18:10:59.203Z","30.3389","5",NULL
"15066","2018-05-15T18:10:58.152Z","29.390867","6",NULL
"15067","2018-05-15T18:10:59.243Z","32.297233","5",NULL
"15068","2018-05-15T18:10:58.500Z","31.024395","6",NULL
"15069","2018-05-15T18:10:59.447Z","32.297233","5",NULL
"15070","2018-05-15T18:10:58.557Z","30.987017","6",NULL
"15071","2018-05-15T18:11:00.826Z","33.8389","5",NULL
"15072","2018-05-15T18:10:58.951Z","30.553233","6",NULL
"15073","2018-05-15T18:11:00.884Z","34.293402","5",NULL
"15074","2018-05-15T18:10:58.955Z","30.553233","6",NULL
"15075","2018-05-15T18:10:58.987Z","32.5159","6",NULL
"15076","2018-05-15T18:11:00.924Z","34.285717","5",NULL
"15077","2018-05-15T18:11:01.166Z","34.096555","5",NULL
"15078","2018-05-15T18:10:58.989Z","32.5159","6",NULL
"15079","2018-05-15T18:10:59.206Z","32.5159","6",NULL
"15080","2018-05-15T18:11:01.307Z","33.974672","5",NULL
"15081","2018-05-15T18:10:59.494Z","32.5159","6",NULL
"15082","2018-05-15T18:11:01.786Z","33.502476","5",NULL
"15083","2018-05-15T18:11:02.076Z","33.230153","5",NULL
"15084","2018-05-15T18:11:00.723Z","34.478566","6",NULL
"15085","2018-05-15T18:11:02.326Z","32.95856","5",NULL
"15086","2018-05-15T18:11:00.864Z","34.478566","6",NULL
"15087","2018-05-15T18:11:02.622Z","32.653563","5",NULL
"15088","2018-05-15T18:11:00.934Z","34.46705","6",NULL
"15089","2018-05-15T18:11:01.173Z","34.277888","6",NULL
"15090","2018-05-15T18:11:03.043Z","32.237438","5",NULL
"15091","2018-05-15T18:11:03.509Z","31.753288","5",NULL
"15092","2018-05-15T18:11:01.332Z","34.156005","6",NULL
"15093","2018-05-15T18:11:03.758Z","31.502372","5",NULL
"15094","2018-05-15T18:11:01.824Z","33.683809","6",NULL
"15095","2018-05-15T18:11:04.282Z","31.002423","5",NULL
"15096","2018-05-15T18:11:02.093Z","33.411486","6",NULL
"15097","2018-05-15T18:11:04.529Z","30.752006","5",NULL
"15098","2018-05-15T18:11:02.373Z","33.139893","6",NULL
"15099","2018-05-15T18:11:05.588Z","29.754475","5",NULL
"15100","2018-05-15T18:11:02.626Z","32.834896","6",NULL
"15101","2018-05-15T18:11:06.020Z","29.250325","5",NULL
"15102","2018-05-15T18:11:03.045Z","32.418771","6",NULL
"15103","2018-05-15T18:11:03.511Z","31.934621","6",NULL
"15104","2018-05-15T18:11:06.356Z","28.972346","5",NULL
"15105","2018-05-15T18:11:06.444Z","28.938286","5",NULL
"15106","2018-05-15T18:11:03.760Z","31.683705","6",NULL
"15107","2018-05-15T18:11:06.831Z","29.130962","5",NULL
"15108","2018-05-15T18:11:04.297Z","31.183756","6",NULL
"15109","2018-05-15T18:11:04.532Z","30.933339","6",NULL
"15110","2018-05-15T18:11:06.882Z","29.10926","5",NULL
"15111","2018-05-15T18:11:05.597Z","29.935808","6",NULL
"15112","2018-05-15T18:11:06.963Z","30.272312","5",NULL
"15113","2018-05-15T18:11:07.108Z","30.200525","5",NULL
"15114","2018-05-15T18:11:06.038Z","29.431658","6",NULL
"15115","2018-05-15T18:11:06.238Z","31.142322","6",NULL
"15116","2018-05-15T18:11:07.212Z","30.028092","5",NULL
"15117","2018-05-15T18:11:06.386Z","31.116346","6",NULL
"15118","2018-05-15T18:11:07.723Z","29.51383","5",NULL
"15119","2018-05-15T18:11:07.798Z","29.446345","5",NULL
"15120","2018-05-15T18:11:06.491Z","31.082286","6",NULL
"15121","2018-05-15T18:11:06.834Z","30.608295","6",NULL
"15122","2018-05-15T18:11:08.038Z","29.283462","5",NULL
"15123","2018-05-15T18:11:06.897Z","30.586593","6",NULL
"15124","2018-05-15T18:11:08.110Z","31.138972","5",NULL
"15125","2018-05-15T18:11:07.111Z","30.344525","6",NULL
"15126","2018-05-15T18:11:08.221Z","31.060371","5",NULL
"15127","2018-05-15T18:11:07.216Z","30.172092","6",NULL
"15128","2018-05-15T18:11:08.331Z","30.928272","5",NULL
"15129","2018-05-15T18:11:07.725Z","29.65783","6",NULL
"15130","2018-05-15T18:11:09.185Z","30.634648","5",NULL
"15131","2018-05-15T18:11:07.804Z","31.553012","6",NULL
"15132","2018-05-15T18:11:09.453Z","30.634648","5",NULL
"15133","2018-05-15T18:11:07.880Z","31.467844","6",NULL
"15134","2018-05-15T18:11:09.670Z","31.176315","5",NULL
"15135","2018-05-15T18:11:09.825Z","31.737005","5",NULL
"15136","2018-05-15T18:11:08.044Z","31.306796","6",NULL
"15137","2018-05-15T18:11:09.975Z","32.450393","5",NULL
"15138","2018-05-15T18:11:08.225Z","31.167038","6",NULL
"15139","2018-05-15T18:11:10.147Z","32.24741","5",NULL
"15140","2018-05-15T18:11:08.353Z","31.034939","6",NULL
"15141","2018-05-15T18:11:09.238Z","32.703981","6",NULL
"15142","2018-05-15T18:11:11.366Z","31.055836","5",NULL
"15143","2018-05-15T18:11:09.278Z","32.703981","6",NULL
"15144","2018-05-15T18:11:12.095Z","30.419645","5",NULL
"15145","2018-05-15T18:11:12.402Z","30.11679","5",NULL
"15146","2018-05-15T18:11:09.491Z","32.703981","6",NULL
"15147","2018-05-15T18:11:09.728Z","32.703981","6",NULL
"15148","2018-05-15T18:11:12.532Z","30.598076","5",NULL
"15149","2018-05-15T18:11:09.840Z","32.681338","6",NULL
"15150","2018-05-15T18:11:12.625Z","30.567321","5",NULL
"15151","2018-05-15T18:11:14.759Z","29.061156","5",NULL
"15152","2018-05-15T18:11:09.980Z","32.519726","6",NULL
"15153","2018-05-15T18:11:14.774Z","29.037086","5",NULL
"15154","2018-05-15T18:11:11.381Z","31.125169","6",NULL
"15155","2018-05-15T18:11:12.129Z","30.488978","6",NULL
"15156","2018-05-15T18:11:14.820Z","29.348534","5",NULL
"15157","2018-05-15T18:11:14.853Z","29.345646","5",NULL
"15158","2018-05-15T18:11:12.149Z","32.314829","6",NULL
"15159","2018-05-15T18:11:15.284Z","29.173606","5",NULL
"15160","2018-05-15T18:11:12.404Z","32.107123","6",NULL
"15161","2018-05-15T18:11:12.623Z","31.963409","6",NULL
"15162","2018-05-15T18:11:15.340Z","29.170432","5",NULL
"15163","2018-05-15T18:11:12.638Z","31.932654","6",NULL
"15164","2018-05-15T18:11:15.402Z","29.154738","5",NULL
"15165","2018-05-15T18:11:15.642Z","29.238071","5",NULL
"15166","2018-05-15T18:11:14.771Z","29.843156","6",NULL
"15167","2018-05-15T18:11:15.647Z","29.238071","5",NULL
"15168","2018-05-15T18:11:14.776Z","29.819086","6",NULL
"15169","2018-05-15T18:11:15.730Z","31.154738","5",NULL
"15170","2018-05-15T18:11:14.851Z","29.630534","6",NULL
"15171","2018-05-15T18:11:15.839Z","31.154738","5",NULL
"15172","2018-05-15T18:11:14.921Z","29.627646","6",NULL
"15173","2018-05-15T18:11:15.338Z","31.168273","6",NULL
"15174","2018-05-15T18:11:18.009Z","30.984511","5",NULL
"15175","2018-05-15T18:11:15.380Z","31.165099","6",NULL
"15176","2018-05-15T18:11:18.224Z","31.049778","5",NULL
"15177","2018-05-15T18:11:15.570Z","31.149405","6",NULL
"15178","2018-05-15T18:11:18.316Z","32.044012","5",NULL
"15179","2018-05-15T18:11:15.645Z","31.149405","6",NULL
"15180","2018-05-15T18:11:18.395Z","32.548653","5",NULL
"15181","2018-05-15T18:11:15.648Z","31.149405","6",NULL
"15182","2018-05-15T18:11:18.507Z","32.438673","5",NULL
"15183","2018-05-15T18:11:15.841Z","31.149405","6",NULL
"15184","2018-05-15T18:11:18.637Z","32.305742","5",NULL
"15185","2018-05-15T18:11:18.035Z","30.979178","6",NULL
"15186","2018-05-15T18:11:18.266Z","30.752778","6",NULL
"15187","2018-05-15T18:11:18.763Z","32.183858","5",NULL
"15188","2018-05-15T18:11:19.272Z","31.68492","5",NULL
"15189","2018-05-15T18:11:18.343Z","30.622012","6",NULL
"15190","2018-05-15T18:11:18.509Z","30.43334","6",NULL
"15191","2018-05-15T18:11:19.770Z","31.188787","5",NULL
"15192","2018-05-15T18:11:20.907Z","30.076904","5",NULL
"15193","2018-05-15T18:11:18.639Z","30.300409","6",NULL
"15194","2018-05-15T18:11:21.203Z","29.837319","5",NULL
"15195","2018-05-15T18:11:18.766Z","30.178525","6",NULL
"15196","2018-05-15T18:11:19.306Z","29.679587","6",NULL
"15197","2018-05-15T18:11:21.301Z","30.322749","5",NULL
"15198","2018-05-15T18:11:19.772Z","29.183454","6",NULL
"15199","2018-05-15T18:11:21.589Z","30.415453","5",NULL
"15200","2018-05-15T18:11:21.755Z","30.578176","5",NULL
"15201","2018-05-15T18:11:20.909Z","28.071571","6",NULL
"15202","2018-05-15T18:11:21.829Z","30.577216","5",NULL
"15203","2018-05-15T18:11:21.143Z","29.771883","6",NULL
"15204","2018-05-15T18:11:21.936Z","31.009091","5",NULL
"15205","2018-05-15T18:11:21.246Z","29.752985","6",NULL
"15206","2018-05-15T18:11:22.009Z","30.965751","5",NULL
"15207","2018-05-15T18:11:21.456Z","31.576082","6",NULL
"15208","2018-05-15T18:11:21.476Z","31.563633","6",NULL
"15209","2018-05-15T18:11:22.079Z","30.909985","5",NULL
"15210","2018-05-15T18:11:22.137Z","30.807093","5",NULL
"15211","2018-05-15T18:11:21.645Z","31.37712","6",NULL
"15212","2018-05-15T18:11:22.729Z","30.2446","5",NULL
"15213","2018-05-15T18:11:21.775Z","31.206509","6",NULL
"15214","2018-05-15T18:11:23.389Z","29.672946","5",NULL
"15215","2018-05-15T18:11:21.841Z","31.205549","6",NULL
"15216","2018-05-15T18:11:23.751Z","29.438517","5",NULL
"15217","2018-05-15T18:11:21.947Z","30.929091","6",NULL
"15218","2018-05-15T18:11:23.784Z","29.389645","5",NULL
"15219","2018-05-15T18:11:22.118Z","30.829985","6",NULL
"15220","2018-05-15T18:11:24.057Z","29.934548","5",NULL
"15221","2018-05-15T18:11:22.147Z","30.727093","6",NULL
"15222","2018-05-15T18:11:24.099Z","29.896699","5",NULL
"15223","2018-05-15T18:11:22.730Z","30.1646","6",NULL
"15224","2018-05-15T18:11:24.319Z","30.246031","5",NULL
"15225","2018-05-15T18:11:24.381Z","30.246031","5",NULL
"15226","2018-05-15T18:11:23.391Z","31.555613","6",NULL
"15227","2018-05-15T18:11:24.397Z","30.246031","5",NULL
"15228","2018-05-15T18:11:23.393Z","31.521093","6",NULL
"15229","2018-05-15T18:11:24.457Z","30.746031","5",NULL
"15230","2018-05-15T18:11:23.782Z","31.196184","6",NULL
"15231","2018-05-15T18:11:24.587Z","30.746031","5",NULL
"15232","2018-05-15T18:11:23.832Z","31.147312","6",NULL
"15233","2018-05-15T18:11:25.252Z","30.701429","5",NULL
"15234","2018-05-15T18:11:24.097Z","30.900548","6",NULL
"15235","2018-05-15T18:11:25.610Z","30.36094","5",NULL
"15236","2018-05-15T18:11:24.101Z","30.862699","6",NULL
"15237","2018-05-15T18:11:25.918Z","30.229825","5",NULL
"15238","2018-05-15T18:11:24.359Z","30.628698","6",NULL
"15239","2018-05-15T18:11:24.390Z","30.628698","6",NULL
"15240","2018-05-15T18:11:25.951Z","30.228714","5",NULL
"15241","2018-05-15T18:11:24.399Z","30.628698","6",NULL
"15242","2018-05-15T18:11:26.080Z","30.948708","5",NULL
"15243","2018-05-15T18:11:24.589Z","30.628698","6",NULL
"15244","2018-05-15T18:11:26.388Z","31.603253","5",NULL
"15245","2018-05-15T18:11:25.286Z","30.584096","6",NULL
"15246","2018-05-15T18:11:26.510Z","31.543901","5",NULL
"15247","2018-05-15T18:11:25.490Z","32.308752","6",NULL
"15248","2018-05-15T18:11:26.527Z","31.40627","5",NULL
"15249","2018-05-15T18:11:25.614Z","32.206273","6",NULL
"15250","2018-05-15T18:11:26.755Z","31.178804","5",NULL
"15251","2018-05-15T18:11:25.943Z","31.950158","6",NULL
"15252","2018-05-15T18:11:27.094Z","30.927923","5",NULL
"15253","2018-05-15T18:11:25.972Z","31.949047","6",NULL
"15254","2018-05-15T18:11:27.735Z","30.301046","5",NULL
"15255","2018-05-15T18:11:26.155Z","31.752374","6",NULL
"15256","2018-05-15T18:11:28.265Z","29.701943","5",NULL
"15257","2018-05-15T18:11:26.394Z","31.448586","6",NULL
"15258","2018-05-15T18:11:28.415Z","29.583208","5",NULL
"15259","2018-05-15T18:11:26.560Z","31.251603","6",NULL
"15260","2018-05-15T18:11:28.424Z","29.581703","5",NULL
"15261","2018-05-15T18:11:26.758Z","31.024137","6",NULL
"15262","2018-05-15T18:11:28.438Z","30.704306","5",NULL
"15263","2018-05-15T18:11:27.117Z","30.773256","6",NULL
"15264","2018-05-15T18:11:28.501Z","31.432701","5",NULL
"15265","2018-05-15T18:11:28.756Z","31.181937","5",NULL
"15266","2018-05-15T18:11:27.794Z","30.146379","6",NULL
"15267","2018-05-15T18:11:28.315Z","29.547276","6",NULL
"15268","2018-05-15T18:11:28.827Z","31.109188","5",NULL
"15269","2018-05-15T18:11:29.079Z","30.88769","5",NULL
"15270","2018-05-15T18:11:28.376Z","31.365511","6",NULL
"15271","2018-05-15T18:11:28.421Z","31.349541","6",NULL
"15272","2018-05-15T18:11:29.322Z","30.668486","5",NULL
"15273","2018-05-15T18:11:28.426Z","31.348036","6",NULL
"15274","2018-05-15T18:11:29.756Z","30.209283","5",NULL
"15275","2018-05-15T18:11:28.441Z","31.303973","6",NULL
"15276","2018-05-15T18:11:29.892Z","30.079964","5",NULL
"15277","2018-05-15T18:11:28.758Z","30.989937","6",NULL
"15278","2018-05-15T18:11:30.224Z","30.079964","5",NULL
"15279","2018-05-15T18:11:28.854Z","30.917188","6",NULL
"15280","2018-05-15T18:11:30.386Z","32.079964","5",NULL
"15281","2018-05-15T18:11:29.138Z","30.69569","6",NULL
"15282","2018-05-15T18:11:30.562Z","32.079964","5",NULL
"15283","2018-05-15T18:11:29.345Z","30.476486","6",NULL
"15284","2018-05-15T18:11:30.921Z","33.704964","5",NULL
"15285","2018-05-15T18:11:31.028Z","34.079964","5",NULL
"15286","2018-05-15T18:11:29.758Z","30.017283","6",NULL
"15287","2018-05-15T18:11:31.246Z","34.079964","5",NULL
"15288","2018-05-15T18:11:29.894Z","29.887964","6",NULL
"15289","2018-05-15T18:11:31.538Z","33.930156","5",NULL
"15290","2018-05-15T18:11:30.226Z","29.887964","6",NULL
"15291","2018-05-15T18:11:31.882Z","33.677675","5",NULL
"15292","2018-05-15T18:11:30.285Z","31.850631","6",NULL
"15293","2018-05-15T18:11:32.124Z","33.354925","5",NULL
"15294","2018-05-15T18:11:30.594Z","33.813297","6",NULL
"15295","2018-05-15T18:11:32.725Z","32.72233","5",NULL
"15296","2018-05-15T18:11:30.689Z","33.813297","6",NULL
"15297","2018-05-15T18:11:33.050Z","32.417248","5",NULL
"15298","2018-05-15T18:11:30.943Z","33.813297","6",NULL
"15299","2018-05-15T18:11:31.262Z","33.813297","6",NULL
"15300","2018-05-15T18:11:33.507Z","31.936435","5",NULL
"15301","2018-05-15T18:11:31.594Z","33.663489","6",NULL
"15302","2018-05-15T18:11:33.767Z","31.680143","5",NULL
"15303","2018-05-15T18:11:31.942Z","33.411008","6",NULL
"15304","2018-05-15T18:11:34.256Z","31.175162","5",NULL
"15305","2018-05-15T18:11:32.156Z","33.088258","6",NULL
"15306","2018-05-15T18:11:34.506Z","30.926525","5",NULL
"15307","2018-05-15T18:11:32.758Z","32.455663","6",NULL
"15308","2018-05-15T18:11:34.817Z","30.646499","5",NULL
"15309","2018-05-15T18:11:33.075Z","32.150581","6",NULL
"15310","2018-05-15T18:11:35.583Z","29.965574","5",NULL
"15311","2018-05-15T18:11:33.511Z","31.669768","6",NULL
"15312","2018-05-15T18:11:35.614Z","29.965574","5",NULL
"15313","2018-05-15T18:11:33.776Z","31.413476","6",NULL
"15314","2018-05-15T18:11:35.747Z","31.965574","5",NULL
"15315","2018-05-15T18:11:34.258Z","30.908495","6",NULL
"15316","2018-05-15T18:11:35.780Z","31.965574","5",NULL
"15317","2018-05-15T18:11:34.516Z","30.659858","6",NULL
"15318","2018-05-15T18:11:35.801Z","31.965574","5",NULL
"15319","2018-05-15T18:11:34.834Z","30.379832","6",NULL
"15320","2018-05-15T18:11:36.268Z","31.881445","5",NULL
"15321","2018-05-15T18:11:35.605Z","29.698907","6",NULL
"15322","2018-05-15T18:11:36.758Z","31.387922","5",NULL
"15323","2018-05-15T18:11:35.621Z","29.698907","6",NULL
"15324","2018-05-15T18:11:37.018Z","31.132272","5",NULL
"15325","2018-05-15T18:11:35.680Z","31.661574","6",NULL
"15326","2018-05-15T18:11:38.264Z","29.89844","5",NULL
"15327","2018-05-15T18:11:35.782Z","31.661574","6",NULL
"15328","2018-05-15T18:11:38.332Z","29.82935","5",NULL
"15329","2018-05-15T18:11:35.808Z","31.661574","6",NULL
"15330","2018-05-15T18:11:38.404Z","31.741323","5",NULL
"15331","2018-05-15T18:11:36.271Z","31.577445","6",NULL
"15332","2018-05-15T18:11:38.534Z","31.641168","5",NULL
"15333","2018-05-15T18:11:36.760Z","31.083922","6",NULL
"15334","2018-05-15T18:11:38.617Z","31.557318","5",NULL
"15335","2018-05-15T18:11:37.023Z","30.828272","6",NULL
"15336","2018-05-15T18:11:38.757Z","31.40108","5",NULL
"15337","2018-05-15T18:11:38.267Z","29.59444","6",NULL
"15338","2018-05-15T18:11:39.254Z","30.890076","5",NULL
"15339","2018-05-15T18:11:38.295Z","31.506327","6",NULL
"15340","2018-05-15T18:11:39.525Z","30.639911","5",NULL
"15341","2018-05-15T18:11:38.335Z","31.488017","6",NULL
"15342","2018-05-15T18:11:40.043Z","30.111281","5",NULL
"15343","2018-05-15T18:11:38.545Z","31.299835","6",NULL
"15344","2018-05-15T18:11:40.451Z","29.845111","5",NULL
"15345","2018-05-15T18:11:38.621Z","31.215985","6",NULL
"15346","2018-05-15T18:11:40.623Z","29.527332","5",NULL
"15347","2018-05-15T18:11:38.759Z","31.059747","6",NULL
"15348","2018-05-15T18:11:40.627Z","29.526002","5",NULL
"15349","2018-05-15T18:11:40.782Z","30.510082","5",NULL
"15350","2018-05-15T18:11:39.257Z","30.548743","6",NULL
"15351","2018-05-15T18:11:40.827Z","31.324414","5",NULL
"15352","2018-05-15T18:11:39.527Z","30.298578","6",NULL
"15353","2018-05-15T18:11:41.006Z","31.143015","5",NULL
"15354","2018-05-15T18:11:41.035Z","31.109411","5",NULL
"15355","2018-05-15T18:11:40.044Z","29.769948","6",NULL
"15356","2018-05-15T18:11:41.274Z","30.888116","5",NULL
"15357","2018-05-15T18:11:41.763Z","30.384441","5",NULL
"15358","2018-05-15T18:11:40.270Z","31.499718","6",NULL
"15359","2018-05-15T18:11:42.254Z","29.892939","5",NULL
"15360","2018-05-15T18:11:40.491Z","31.466444","6",NULL
"15361","2018-05-15T18:11:42.680Z","29.484721","5",NULL
"15362","2018-05-15T18:11:40.600Z","33.128683","6",NULL
"15363","2018-05-15T18:11:43.255Z","29.147728","5",NULL
"15364","2018-05-15T18:11:40.625Z","33.111332","6",NULL
"15365","2018-05-15T18:11:43.784Z","29.376609","5",NULL
"15366","2018-05-15T18:11:40.629Z","33.110002","6",NULL
"15367","2018-05-15T18:11:43.794Z","29.376609","5",NULL
"15368","2018-05-15T18:11:40.799Z","32.969082","6",NULL
"15369","2018-05-15T18:11:43.883Z","30.043275","5",NULL
"15370","2018-05-15T18:11:41.007Z","32.727015","6",NULL
"15371","2018-05-15T18:11:43.886Z","30.043275","5",NULL
"15372","2018-05-15T18:11:41.050Z","32.693411","6",NULL
"15373","2018-05-15T18:11:43.933Z","30.584942","5",NULL
"15374","2018-05-15T18:11:41.276Z","32.472116","6",NULL
"15375","2018-05-15T18:11:43.970Z","30.584942","5",NULL
"15376","2018-05-15T18:11:41.765Z","31.968441","6",NULL
"15377","2018-05-15T18:11:44.118Z","32.11158","5",NULL
"15378","2018-05-15T18:11:42.257Z","31.476939","6",NULL
"15379","2018-05-15T18:11:44.219Z","32.490023","5",NULL
"15380","2018-05-15T18:11:42.683Z","31.068721","6",NULL
"15381","2018-05-15T18:11:44.240Z","32.483928","5",NULL
"15382","2018-05-15T18:11:43.431Z","30.606728","6",NULL
"15383","2018-05-15T18:11:44.510Z","32.195491","5",NULL
"15384","2018-05-15T18:11:43.791Z","30.168942","6",NULL
"15385","2018-05-15T18:11:45.210Z","31.541166","5",NULL
"15386","2018-05-15T18:11:43.795Z","30.168942","6",NULL
"15387","2018-05-15T18:11:45.536Z","33.166918","5",NULL
"15388","2018-05-15T18:11:43.885Z","30.168942","6",NULL
"15389","2018-05-15T18:11:45.571Z","33.142397","5",NULL
"15390","2018-05-15T18:11:43.922Z","30.168942","6",NULL
"15391","2018-05-15T18:11:45.598Z","33.110225","5",NULL
"15392","2018-05-15T18:11:43.935Z","30.168942","6",NULL
"15393","2018-05-15T18:11:46.029Z","32.695066","5",NULL
"15394","2018-05-15T18:11:44.121Z","30.153913","6",NULL
"15395","2018-05-15T18:11:46.537Z","32.196922","5",NULL
"15396","2018-05-15T18:11:44.222Z","30.074023","6",NULL
"15397","2018-05-15T18:11:47.018Z","31.695619","5",NULL
"15398","2018-05-15T18:11:44.511Z","29.779491","6",NULL
"15399","2018-05-15T18:11:47.287Z","31.439225","5",NULL
"15400","2018-05-15T18:11:45.229Z","29.125166","6",NULL
"15401","2018-05-15T18:11:47.587Z","31.155666","5",NULL
"15402","2018-05-15T18:11:45.404Z","30.84419","6",NULL
"15403","2018-05-15T18:11:47.789Z","31.119147","5",NULL
"15404","2018-05-15T18:11:45.582Z","30.689064","6",NULL
"15405","2018-05-15T18:11:47.832Z","32.867654","5",NULL
"15406","2018-05-15T18:11:45.600Z","30.656892","6",NULL
"15407","2018-05-15T18:11:48.015Z","32.698721","5",NULL
"15408","2018-05-15T18:11:46.055Z","30.241733","6",NULL
"15409","2018-05-15T18:11:48.087Z","32.613485","5",NULL
"15410","2018-05-15T18:11:46.539Z","29.743589","6",NULL
"15411","2018-05-15T18:11:48.260Z","32.443132","5",NULL
"15412","2018-05-15T18:11:47.037Z","29.242286","6",NULL
"15413","2018-05-15T18:11:48.755Z","31.947735","5",NULL
"15414","2018-05-15T18:11:47.289Z","28.985892","6",NULL
"15415","2018-05-15T18:11:49.009Z","31.695502","5",NULL
"15416","2018-05-15T18:11:47.591Z","28.702333","6",NULL
"15417","2018-05-15T18:11:49.264Z","31.443573","5",NULL
"15418","2018-05-15T18:11:47.679Z","30.529945","6",NULL
"15419","2018-05-15T18:11:49.754Z","30.94929","5",NULL
"15420","2018-05-15T18:11:47.792Z","30.420147","6",NULL
"15421","2018-05-15T18:11:50.789Z","29.969399","5",NULL
"15422","2018-05-15T18:11:47.888Z","32.28515","6",NULL
"15423","2018-05-15T18:11:50.933Z","29.838202","5",NULL
"15424","2018-05-15T18:11:48.021Z","32.170721","6",NULL
"15425","2018-05-15T18:11:51.106Z","31.592622","5",NULL
"15426","2018-05-15T18:11:48.128Z","32.085485","6",NULL
"15427","2018-05-15T18:11:51.185Z","31.51428","5",NULL
"15428","2018-05-15T18:11:48.262Z","31.915132","6",NULL
"15429","2018-05-15T18:11:51.273Z","31.444863","5",NULL
"15430","2018-05-15T18:11:48.776Z","31.419735","6",NULL
"15431","2018-05-15T18:11:51.765Z","30.948232","5",NULL
"15432","2018-05-15T18:11:49.094Z","31.167502","6",NULL
"15433","2018-05-15T18:11:52.047Z","30.693935","5",NULL
"15434","2018-05-15T18:11:49.265Z","30.915573","6",NULL
"15435","2018-05-15T18:11:53.139Z","29.60636","5",NULL
"15436","2018-05-15T18:11:49.759Z","30.42129","6",NULL
"15437","2018-05-15T18:11:53.448Z","30.097803","5",NULL
"15438","2018-05-15T18:11:50.791Z","29.441399","6",NULL
"15439","2018-05-15T18:11:50.955Z","31.272869","6",NULL
"15440","2018-05-15T18:11:53.487Z","30.060144","5",NULL
"15441","2018-05-15T18:11:50.979Z","31.199981","6",NULL
"15442","2018-05-15T18:11:53.577Z","31.119484","5",NULL
"15443","2018-05-15T18:11:51.191Z","30.948947","6",NULL
"15444","2018-05-15T18:11:53.671Z","31.02562","5",NULL
"15445","2018-05-15T18:11:51.290Z","30.87953","6",NULL
"15446","2018-05-15T18:11:53.759Z","30.945051","5",NULL
"15447","2018-05-15T18:11:51.767Z","30.382899","6",NULL
"15448","2018-05-15T18:11:54.020Z","30.692442","5",NULL
"15449","2018-05-15T18:11:52.057Z","30.128602","6",NULL
"15450","2018-05-15T18:11:54.512Z","30.192488","5",NULL
"15451","2018-05-15T18:11:53.141Z","29.041027","6",NULL
"15452","2018-05-15T18:11:55.628Z","29.159145","5",NULL
"15453","2018-05-15T18:11:53.229Z","30.865806","6",NULL
"15454","2018-05-15T18:11:55.722Z","31.159145","5",NULL
"15455","2018-05-15T18:11:53.482Z","30.703469","6",NULL
"15456","2018-05-15T18:11:55.782Z","31.159145","5",NULL
"15457","2018-05-15T18:11:53.520Z","30.66581","6",NULL
"15458","2018-05-15T18:11:55.828Z","31.137505","5",NULL
"15459","2018-05-15T18:11:53.667Z","32.389747","6",NULL
"15460","2018-05-15T18:11:56.254Z","30.795954","5",NULL
"15461","2018-05-15T18:11:53.673Z","32.38562","6",NULL
"15462","2018-05-15T18:11:56.505Z","30.546174","5",NULL
"15463","2018-05-15T18:11:53.768Z","32.305051","6",NULL
"15464","2018-05-15T18:11:56.754Z","30.29477","5",NULL
"15465","2018-05-15T18:11:54.031Z","32.052442","6",NULL
"15466","2018-05-15T18:11:57.268Z","29.795826","5",NULL
"15467","2018-05-15T18:11:54.519Z","31.552488","6",NULL
"15468","2018-05-15T18:11:57.857Z","29.202559","5",NULL
"15469","2018-05-15T18:11:55.632Z","30.519145","6",NULL
"15470","2018-05-15T18:11:57.996Z","31.050332","5",NULL
"15471","2018-05-15T18:11:55.674Z","32.481812","6",NULL
"15472","2018-05-15T18:11:58.047Z","31.004007","5",NULL
"15473","2018-05-15T18:11:55.784Z","32.481812","6",NULL
"15474","2018-05-15T18:11:58.209Z","30.850315","5",NULL
"15475","2018-05-15T18:11:55.830Z","32.460172","6",NULL
"15476","2018-05-15T18:11:58.320Z","30.744684","5",NULL
"15477","2018-05-15T18:11:56.258Z","32.118621","6",NULL
"15478","2018-05-15T18:11:58.766Z","30.293865","5",NULL
"15479","2018-05-15T18:11:56.507Z","31.868841","6",NULL
"15480","2018-05-15T18:11:59.262Z","29.796384","5",NULL
"15481","2018-05-15T18:11:56.756Z","31.617437","6",NULL
"15482","2018-05-15T18:11:59.508Z","29.547863","5",NULL
"15483","2018-05-15T18:11:57.270Z","31.118493","6",NULL
"15484","2018-05-15T18:11:59.760Z","29.296206","5",NULL
"15485","2018-05-15T18:11:57.894Z","30.525226","6",NULL
"15486","2018-05-15T18:12:00.192Z","28.856843","5",NULL
"15487","2018-05-15T18:11:57.969Z","32.367314","6",NULL
"15488","2018-05-15T18:12:00.524Z","28.594398","5",NULL
"15489","2018-05-15T18:11:58.049Z","32.28934","6",NULL
"15490","2018-05-15T18:12:00.993Z","28.804593","5",NULL
"15491","2018-05-15T18:11:58.248Z","32.135648","6",NULL
"15492","2018-05-15T18:12:01.142Z","28.815252","5",NULL
"15493","2018-05-15T18:11:58.336Z","32.030017","6",NULL
"15494","2018-05-15T18:12:01.192Z","28.805053","5",NULL
"15495","2018-05-15T18:11:58.768Z","31.579198","6",NULL
"15496","2018-05-15T18:12:01.358Z","29.005238","5",NULL
"15497","2018-05-15T18:11:59.286Z","31.081717","6",NULL
"15498","2018-05-15T18:12:01.363Z","29.003685","5",NULL
"15499","2018-05-15T18:11:59.514Z","30.833196","6",NULL
"15500","2018-05-15T18:12:01.422Z","29.638116","5",NULL
"15501","2018-05-15T18:11:59.764Z","30.581539","6",NULL
"15502","2018-05-15T18:12:01.433Z","29.627851","5",NULL
"15503","2018-05-15T18:12:00.194Z","30.142176","6",NULL
"15504","2018-05-15T18:12:01.575Z","29.778851","5",NULL
"15505","2018-05-15T18:12:00.379Z","31.915676","6",NULL
"15506","2018-05-15T18:12:01.630Z","31.417042","5",NULL
"15507","2018-05-15T18:12:00.530Z","31.842398","6",NULL
"15508","2018-05-15T18:12:01.689Z","31.357356","5",NULL
"15509","2018-05-15T18:12:00.999Z","31.510926","6",NULL
"15510","2018-05-15T18:12:02.013Z","31.043166","5",NULL
"15511","2018-05-15T18:12:01.001Z","33.275066","6",NULL
"15512","2018-05-15T18:12:02.664Z","30.391134","5",NULL
"15513","2018-05-15T18:12:01.161Z","33.234252","6",NULL
"15514","2018-05-15T18:12:02.776Z","32.286184","5",NULL
"15515","2018-05-15T18:12:01.236Z","33.224053","6",NULL
"15516","2018-05-15T18:12:02.782Z","32.271173","5",NULL
"15517","2018-05-15T18:12:01.360Z","32.924238","6",NULL
"15518","2018-05-15T18:12:03.008Z","32.05236","5",NULL
"15519","2018-05-15T18:12:01.368Z","32.922685","6",NULL
"15520","2018-05-15T18:12:03.522Z","31.557925","5",NULL
"15521","2018-05-15T18:12:01.428Z","32.848783","6",NULL
"15522","2018-05-15T18:12:04.021Z","31.058895","5",NULL
"15523","2018-05-15T18:12:01.578Z","32.739518","6",NULL
"15524","2018-05-15T18:12:04.525Z","30.559166","5",NULL
"15525","2018-05-15T18:12:01.697Z","32.568023","6",NULL
"15526","2018-05-15T18:12:04.754Z","30.308801","5",NULL
"15527","2018-05-15T18:12:02.043Z","32.253833","6",NULL
"15528","2018-05-15T18:12:05.183Z","31.876547","5",NULL
"15529","2018-05-15T18:12:02.666Z","31.601801","6",NULL
"15530","2018-05-15T18:12:05.215Z","31.844569","5",NULL
"15531","2018-05-15T18:12:02.714Z","33.510516","6",NULL
"15532","2018-05-15T18:12:05.259Z","31.804163","5",NULL
"15533","2018-05-15T18:12:02.784Z","33.444506","6",NULL
"15534","2018-05-15T18:12:05.761Z","31.310146","5",NULL
"15535","2018-05-15T18:12:03.011Z","33.225693","6",NULL
"15536","2018-05-15T18:12:06.009Z","31.06083","5",NULL
"15537","2018-05-15T18:12:03.527Z","32.731258","6",NULL
"15538","2018-05-15T18:12:06.253Z","30.809886","5",NULL
"15539","2018-05-15T18:12:04.063Z","32.232228","6",NULL
"15540","2018-05-15T18:12:06.520Z","30.543385","5",NULL
"15541","2018-05-15T18:12:04.528Z","31.732499","6",NULL
"15542","2018-05-15T18:12:07.003Z","30.059785","5",NULL
"15543","2018-05-15T18:12:04.756Z","31.482134","6",NULL
"15544","2018-05-15T18:12:07.253Z","29.809275","5",NULL
"15545","2018-05-15T18:12:07.637Z","29.423632","5",NULL
"15546","2018-05-15T18:12:05.185Z","31.04988","6",NULL
"15547","2018-05-15T18:12:05.262Z","30.977496","6",NULL
"15548","2018-05-15T18:12:07.875Z","31.183989","5",NULL
"15549","2018-05-15T18:12:05.763Z","30.483479","6",NULL
"15550","2018-05-15T18:12:07.986Z","31.073378","5",NULL
"15551","2018-05-15T18:12:06.015Z","30.234163","6",NULL
"15552","2018-05-15T18:12:08.002Z","31.059623","5",NULL
"15553","2018-05-15T18:12:06.310Z","29.983219","6",NULL
"15554","2018-05-15T18:12:08.507Z","30.557071","5",NULL
"15555","2018-05-15T18:12:06.522Z","29.716718","6",NULL
"15556","2018-05-15T18:12:09.020Z","30.054761","5",NULL
"15557","2018-05-15T18:12:07.005Z","29.233118","6",NULL
"15558","2018-05-15T18:12:09.554Z","29.556315","5",NULL
"15559","2018-05-15T18:12:07.255Z","28.982608","6",NULL
"15560","2018-05-15T18:12:09.770Z","29.300795","5",NULL
"15561","2018-05-15T18:12:10.050Z","29.022445","5",NULL
"15562","2018-05-15T18:12:07.654Z","28.596965","6",NULL
"15563","2018-05-15T18:12:10.284Z","28.790353","5",NULL
"15564","2018-05-15T18:12:07.823Z","30.37178","6",NULL
"15565","2018-05-15T18:12:10.327Z","28.742378","5",NULL
"15566","2018-05-15T18:12:07.901Z","32.257224","6",NULL
"15567","2018-05-15T18:12:10.367Z","30.68908","5",NULL
"15568","2018-05-15T18:12:07.991Z","32.172045","6",NULL
"15569","2018-05-15T18:12:08.004Z","32.15829","6",NULL
"15570","2018-05-15T18:12:10.438Z","30.620513","5",NULL
"15571","2018-05-15T18:12:08.511Z","31.655738","6",NULL
"15572","2018-05-15T18:12:10.761Z","30.305798","5",NULL
"15573","2018-05-15T18:12:09.040Z","31.153428","6",NULL
"15574","2018-05-15T18:12:11.003Z","30.054707","5",NULL
"15575","2018-05-15T18:12:09.566Z","30.654982","6",NULL
"15576","2018-05-15T18:12:11.256Z","29.804327","5",NULL
"15577","2018-05-15T18:12:09.774Z","30.399462","6",NULL
"15578","2018-05-15T18:12:11.524Z","29.551501","5",NULL
"15579","2018-05-15T18:12:10.052Z","30.121112","6",NULL
"15580","2018-05-15T18:12:12.022Z","29.049239","5",NULL
"15581","2018-05-15T18:12:10.286Z","31.851686","6",NULL
"15582","2018-05-15T18:12:12.983Z","28.153893","5",NULL
"15583","2018-05-15T18:12:10.288Z","31.834534","6",NULL
"15584","2018-05-15T18:12:13.034Z","28.023891","5",NULL
"15585","2018-05-15T18:12:10.329Z","31.803711","6",NULL
"15586","2018-05-15T18:12:13.246Z","29.809702","5",NULL
"15587","2018-05-15T18:12:10.383Z","33.71308","6",NULL
"15588","2018-05-15T18:12:13.268Z","29.834202","5",NULL
"15589","2018-05-15T18:12:10.452Z","33.644513","6",NULL
"15590","2018-05-15T18:12:13.271Z","29.832071","5",NULL
"15591","2018-05-15T18:12:10.764Z","33.329798","6",NULL
"15592","2018-05-15T18:12:13.360Z","31.694211","5",NULL
"15593","2018-05-15T18:12:11.004Z","33.078707","6",NULL
"15594","2018-05-15T18:12:13.588Z","31.471637","5",NULL
"15595","2018-05-15T18:12:11.258Z","32.828327","6",NULL
"15596","2018-05-15T18:12:13.758Z","31.305229","5",NULL
"15597","2018-05-15T18:12:11.527Z","32.575501","6",NULL
"15598","2018-05-15T18:12:14.011Z","31.053063","5",NULL
"15599","2018-05-15T18:12:12.024Z","32.073239","6",NULL
"15600","2018-05-15T18:12:14.519Z","30.554","5",NULL
"15601","2018-05-15T18:12:12.989Z","31.177893","6",NULL
"15602","2018-05-15T18:12:14.768Z","30.301959","5",NULL
"15603","2018-05-15T18:12:13.047Z","33.010558","6",NULL
"15604","2018-05-15T18:12:15.229Z","29.825882","5",NULL
"15605","2018-05-15T18:12:13.049Z","33.007193","6",NULL
"15606","2018-05-15T18:12:15.790Z","29.382023","5",NULL
"15607","2018-05-15T18:12:13.270Z","32.779202","6",NULL
"15608","2018-05-15T18:12:15.863Z","29.309573","5",NULL
"15609","2018-05-15T18:12:13.298Z","32.777071","6",NULL
"15610","2018-05-15T18:12:15.956Z","31.166231","5",NULL
"15611","2018-05-15T18:12:13.603Z","32.458304","6",NULL
"15612","2018-05-15T18:12:16.047Z","31.091318","5",NULL
"15613","2018-05-15T18:12:13.761Z","32.291896","6",NULL
"15614","2018-05-15T18:12:16.127Z","31.033272","5",NULL
"15615","2018-05-15T18:12:14.030Z","32.03973","6",NULL
"15616","2018-05-15T18:12:16.527Z","30.617173","5",NULL
"15617","2018-05-15T18:12:14.522Z","31.540667","6",NULL
"15618","2018-05-15T18:12:17.031Z","30.100817","5",NULL
"15619","2018-05-15T18:12:14.776Z","31.288626","6",NULL
"15620","2018-05-15T18:12:17.555Z","29.560963","5",NULL
"15621","2018-05-15T18:12:15.231Z","30.812549","6",NULL
"15622","2018-05-15T18:12:17.788Z","31.32999","5",NULL
"15623","2018-05-15T18:12:15.795Z","32.331356","6",NULL
"15624","2018-05-15T18:12:17.792Z","31.320101","5",NULL
"15625","2018-05-15T18:12:15.799Z","32.282943","6",NULL
"15626","2018-05-15T18:12:18.345Z","30.901056","5",NULL
"15627","2018-05-15T18:12:18.528Z","31.101908","5",NULL
"15628","2018-05-15T18:12:15.874Z","32.258906","6",NULL
"15629","2018-05-15T18:12:18.613Z","31.512635","5",NULL
"15630","2018-05-15T18:12:16.055Z","32.040651","6",NULL
"15631","2018-05-15T18:12:18.665Z","32.446723","5",NULL
"15632","2018-05-15T18:12:16.134Z","31.982605","6",NULL
"15633","2018-05-15T18:12:18.752Z","32.364433","5",NULL
"15634","2018-05-15T18:12:16.530Z","31.566506","6",NULL
"15635","2018-05-15T18:12:18.834Z","32.281177","5",NULL
"15636","2018-05-15T18:12:17.053Z","31.05015","6",NULL
"15637","2018-05-15T18:12:19.002Z","32.115826","5",NULL
"15638","2018-05-15T18:12:17.557Z","30.510296","6",NULL
"15639","2018-05-15T18:12:19.252Z","31.863649","5",NULL
"15640","2018-05-15T18:12:17.675Z","32.351779","6",NULL
"15641","2018-05-15T18:12:19.786Z","31.338947","5",NULL
"15642","2018-05-15T18:12:17.812Z","32.232101","6",NULL
"15643","2018-05-15T18:12:20.074Z","31.043997","5",NULL
"15644","2018-05-15T18:12:18.354Z","31.813056","6",NULL
"15645","2018-05-15T18:12:20.304Z","30.833054","5",NULL
"15646","2018-05-15T18:12:18.567Z","31.513908","6",NULL
"15647","2018-05-15T18:12:20.361Z","32.770938","5",NULL
"15648","2018-05-15T18:12:18.617Z","31.424635","6",NULL
"15649","2018-05-15T18:12:20.504Z","32.624785","5",NULL
"15650","2018-05-15T18:12:18.757Z","31.276433","6",NULL
"15651","2018-05-15T18:12:20.584Z","32.544611","5",NULL
"15652","2018-05-15T18:12:18.837Z","31.193177","6",NULL
"15653","2018-05-15T18:12:20.753Z","32.374965","5",NULL
"15654","2018-05-15T18:12:19.004Z","31.027826","6",NULL
"15655","2018-05-15T18:12:21.010Z","32.1186","5",NULL
"15656","2018-05-15T18:12:19.254Z","30.775649","6",NULL
"15657","2018-05-15T18:12:21.509Z","31.624028","5",NULL
"15658","2018-05-15T18:12:19.790Z","30.250947","6",NULL
"15659","2018-05-15T18:12:22.006Z","31.12707","5",NULL
"15660","2018-05-15T18:12:20.077Z","29.955997","6",NULL
"15661","2018-05-15T18:12:22.795Z","30.33581","5",NULL
"15662","2018-05-15T18:12:20.259Z","31.758691","6",NULL
"15663","2018-05-15T18:12:22.939Z","32.193195","5",NULL
"15664","2018-05-15T18:12:20.306Z","31.707721","6",NULL
"15665","2018-05-15T18:12:23.003Z","32.125985","5",NULL
"15666","2018-05-15T18:12:20.512Z","31.499452","6",NULL
"15667","2018-05-15T18:12:23.046Z","32.085814","5",NULL
"15668","2018-05-15T18:12:20.594Z","31.419278","6",NULL
"15669","2018-05-15T18:12:23.517Z","31.626628","5",NULL
"15670","2018-05-15T18:12:20.755Z","31.249632","6",NULL
"15671","2018-05-15T18:12:23.758Z","31.37428","5",NULL
"15672","2018-05-15T18:12:21.039Z","30.993267","6",NULL
"15673","2018-05-15T18:12:24.021Z","31.122062","5",NULL
"15674","2018-05-15T18:12:21.516Z","30.498695","6",NULL
"15675","2018-05-15T18:12:24.523Z","30.62451","5",NULL
"15676","2018-05-15T18:12:22.029Z","30.001737","6",NULL
"15677","2018-05-15T18:12:24.767Z","30.371369","5",NULL
"15678","2018-05-15T18:12:22.797Z","29.210477","6",NULL
"15679","2018-05-15T18:12:25.113Z","30.029052","5",NULL
"15680","2018-05-15T18:12:22.854Z","31.109063","6",NULL
"15681","2018-05-15T18:12:25.306Z","29.84283","5",NULL
"15682","2018-05-15T18:12:23.005Z","30.963318","6",NULL
"15683","2018-05-15T18:12:25.557Z","30.606347","5",NULL
"15684","2018-05-15T18:12:23.048Z","30.923147","6",NULL
"15685","2018-05-15T18:12:25.585Z","30.590006","5",NULL
"15686","2018-05-15T18:12:23.520Z","30.463961","6",NULL
"15687","2018-05-15T18:12:25.664Z","31.459771","5",NULL
"15688","2018-05-15T18:12:23.762Z","30.211613","6",NULL
"15689","2018-05-15T18:12:25.841Z","31.292169","5",NULL
"15690","2018-05-15T18:12:24.024Z","29.959395","6",NULL
"15691","2018-05-15T18:12:26.025Z","31.119051","5",NULL
"15692","2018-05-15T18:12:24.549Z","29.461843","6",NULL
"15693","2018-05-15T18:12:26.510Z","30.622801","5",NULL
"15694","2018-05-15T18:12:24.797Z","29.208702","6",NULL
"15695","2018-05-15T18:12:26.754Z","30.372558","5",NULL
"15696","2018-05-15T18:12:25.115Z","28.866385","6",NULL
"15697","2018-05-15T18:12:27.251Z","29.875774","5",NULL
"15698","2018-05-15T18:12:25.310Z","30.64283","6",NULL
"15699","2018-05-15T18:12:27.572Z","29.551997","5",NULL
"15700","2018-05-15T18:12:25.314Z","30.617867","6",NULL
"15701","2018-05-15T18:12:27.982Z","30.604075","5",NULL
"15702","2018-05-15T18:12:25.576Z","32.369014","6",NULL
"15703","2018-05-15T18:12:28.067Z","31.094629","5",NULL
"15704","2018-05-15T18:12:25.605Z","32.352673","6",NULL
"15705","2018-05-15T18:12:28.072Z","31.0804","5",NULL
"15706","2018-05-15T18:12:25.607Z","32.329138","6",NULL
"15707","2018-05-15T18:12:28.164Z","32.958102","5",NULL
"15708","2018-05-15T18:12:25.844Z","32.054836","6",NULL
"15709","2018-05-15T18:12:28.287Z","32.848954","5",NULL
"15710","2018-05-15T18:12:26.030Z","31.881718","6",NULL
"15711","2018-05-15T18:12:28.511Z","32.623731","5",NULL
"15712","2018-05-15T18:12:26.553Z","31.385468","6",NULL
"15713","2018-05-15T18:12:28.769Z","32.373577","5",NULL
"15714","2018-05-15T18:12:26.758Z","31.135225","6",NULL
"15715","2018-05-15T18:12:29.342Z","31.873036","5",NULL
"15716","2018-05-15T18:12:27.253Z","30.638441","6",NULL
"15717","2018-05-15T18:12:29.510Z","31.621883","5",NULL
"15718","2018-05-15T18:12:27.574Z","30.314664","6",NULL
"15719","2018-05-15T18:12:30.126Z","31.011964","5",NULL
"15720","2018-05-15T18:12:27.995Z","29.908409","6",NULL
"15721","2018-05-15T18:12:30.383Z","30.741441","5",NULL
"15722","2018-05-15T18:12:28.069Z","29.857296","6",NULL
"15723","2018-05-15T18:12:30.501Z","30.625596","5",NULL
"15724","2018-05-15T18:12:28.293Z","29.611621","6",NULL
"15725","2018-05-15T18:12:30.757Z","30.370497","5",NULL
"15726","2018-05-15T18:12:28.525Z","29.386398","6",NULL
"15727","2018-05-15T18:12:31.252Z","29.875432","5",NULL
"15728","2018-05-15T18:12:28.772Z","29.136244","6",NULL
"15729","2018-05-15T18:12:31.777Z","29.375675","5",NULL
"15730","2018-05-15T18:12:29.393Z","28.635703","6",NULL
"15731","2018-05-15T18:12:32.001Z","29.129428","5",NULL
"15732","2018-05-15T18:12:29.512Z","28.38455","6",NULL
"15733","2018-05-15T18:12:32.252Z","28.884156","5",NULL
"15734","2018-05-15T18:12:30.128Z","27.774631","6",NULL
"15735","2018-05-15T18:12:32.535Z","28.628906","5",NULL
"15736","2018-05-15T18:12:30.191Z","29.656709","6",NULL
"15737","2018-05-15T18:12:32.765Z","28.377174","5",NULL
"15738","2018-05-15T18:12:30.318Z","30.932231","6",NULL
"15739","2018-05-15T18:12:33.251Z","27.881035","5",NULL
"15740","2018-05-15T18:12:30.390Z","30.867462","6",NULL
"15741","2018-05-15T18:12:33.501Z","27.63039","5",NULL
"15742","2018-05-15T18:12:30.503Z","30.751617","6",NULL
"15743","2018-05-15T18:12:34.012Z","27.13098","5",NULL
"15744","2018-05-15T18:12:30.760Z","30.496518","6",NULL
"15745","2018-05-15T18:12:34.520Z","26.62908","5",NULL
"15746","2018-05-15T18:12:31.254Z","30.001453","6",NULL
"15747","2018-05-15T18:12:34.761Z","26.378171","5",NULL
"15748","2018-05-15T18:12:31.779Z","29.501696","6",NULL
"15749","2018-05-15T18:12:35.017Z","26.119764","5",NULL
"15750","2018-05-15T18:12:32.007Z","29.255449","6",NULL
"15751","2018-05-15T18:12:35.513Z","25.630285","5",NULL
"15752","2018-05-15T18:12:32.261Z","29.010177","6",NULL
"15753","2018-05-15T18:12:35.761Z","25.380651","5",NULL
"15754","2018-05-15T18:12:32.540Z","28.754927","6",NULL
"15755","2018-05-15T18:12:36.001Z","25.130245","5",NULL
"15756","2018-05-15T18:12:32.772Z","28.503195","6",NULL
"15757","2018-05-15T18:12:36.261Z","24.880114","5",NULL
"15758","2018-05-15T18:12:33.312Z","28.007056","6",NULL
"15759","2018-05-15T18:12:36.754Z","24.374662","5",NULL
"15760","2018-05-15T18:12:33.504Z","27.756411","6",NULL
"15761","2018-05-15T18:12:37.270Z","23.875132","5",NULL
"15762","2018-05-15T18:12:34.015Z","27.257001","6",NULL
"15763","2018-05-15T18:12:37.515Z","23.622347","5",NULL
"15764","2018-05-15T18:12:34.526Z","26.755101","6",NULL
"15765","2018-05-15T18:12:38.008Z","23.12197","5",NULL
"15766","2018-05-15T18:12:34.781Z","26.504192","6",NULL
"15767","2018-05-15T18:12:38.500Z","22.628959","5",NULL
"15768","2018-05-15T18:12:35.022Z","26.245785","6",NULL
"15769","2018-05-15T18:12:39.001Z","22.128897","5",NULL
"15770","2018-05-15T18:12:35.516Z","25.756306","6",NULL
"15771","2018-05-15T18:12:39.252Z","21.878635","5",NULL
"15772","2018-05-15T18:12:35.769Z","25.506672","6",NULL
"15773","2018-05-15T18:12:39.517Z","21.628434","5",NULL
"15774","2018-05-15T18:12:36.004Z","25.256266","6",NULL
"15775","2018-05-15T18:12:40.041Z","21.12222","5",NULL
"15776","2018-05-15T18:12:36.265Z","25.006135","6",NULL
"15777","2018-05-15T18:12:40.509Z","20.626383","5",NULL
"15778","2018-05-15T18:12:36.771Z","24.500683","6",NULL
"15779","2018-05-15T18:12:41.010Z","20.128772","5",NULL
"15780","2018-05-15T18:12:37.272Z","24.001153","6",NULL
"15781","2018-05-15T18:12:41.256Z","19.878627","5",NULL
"15782","2018-05-15T18:12:37.522Z","23.748368","6",NULL
"15783","2018-05-15T18:12:41.758Z","19.378694","5",NULL
"15784","2018-05-15T18:12:38.010Z","23.247991","6",NULL
"15785","2018-05-15T18:12:42.000Z","19.126814","5",NULL
"15786","2018-05-15T18:12:38.507Z","22.75498","6",NULL
"15787","2018-05-15T18:12:42.509Z","18.628693","5",NULL
"15788","2018-05-15T18:12:39.004Z","22.254918","6",NULL
"15789","2018-05-15T18:12:43.023Z","18.124942","5",NULL
"15790","2018-05-15T18:12:39.254Z","22.004656","6",NULL
"15791","2018-05-15T18:12:43.522Z","17.628356","5",NULL
"15792","2018-05-15T18:12:39.531Z","21.754455","6",NULL
"15793","2018-05-15T18:12:43.752Z","17.37815","5",NULL
"15794","2018-05-15T18:12:40.067Z","21.248241","6",NULL
"15795","2018-05-15T18:12:44.250Z","16.878654","5",NULL
"15796","2018-05-15T18:12:40.519Z","20.752404","6",NULL
"15797","2018-05-15T18:12:44.757Z","16.378776","5",NULL
"15798","2018-05-15T18:12:41.023Z","20.254793","6",NULL
"15799","2018-05-15T18:12:45.001Z","16.128705","5",NULL
"15800","2018-05-15T18:12:41.259Z","20.004648","6",NULL
"15801","2018-05-15T18:12:45.520Z","15.640237","5",NULL
"15802","2018-05-15T18:12:41.761Z","19.504715","6",NULL
"15803","2018-05-15T18:12:46.054Z","15.119734","5",NULL
"15804","2018-05-15T18:12:42.005Z","19.252835","6",NULL
"15805","2018-05-15T18:12:46.518Z","14.631566","5",NULL
"15806","2018-05-15T18:12:42.511Z","18.754714","6",NULL
"15807","2018-05-15T18:12:46.765Z","14.376831","5",NULL
"15808","2018-05-15T18:12:43.043Z","18.250963","6",NULL
"15809","2018-05-15T18:12:47.249Z","13.878471","5",NULL
"15810","2018-05-15T18:12:43.527Z","17.754377","6",NULL
"15811","2018-05-15T18:12:47.750Z","13.378509","5",NULL
"15812","2018-05-15T18:12:43.765Z","17.504171","6",NULL
"15813","2018-05-15T18:12:48.003Z","13.128425","5",NULL
"15814","2018-05-15T18:12:44.252Z","17.004675","6",NULL
"15815","2018-05-15T18:12:48.529Z","12.625805","5",NULL
"15816","2018-05-15T18:12:44.760Z","16.504797","6",NULL
"15817","2018-05-15T18:12:49.000Z","12.128318","5",NULL
"15818","2018-05-15T18:12:45.022Z","16.254726","6",NULL
"15819","2018-05-15T18:12:49.267Z","11.87816","5",NULL
"15820","2018-05-15T18:12:45.559Z","15.766258","6",NULL
"15821","2018-05-15T18:12:49.761Z","11.379062","5",NULL
"15822","2018-05-15T18:12:46.057Z","15.245755","6",NULL
"15823","2018-05-15T18:12:50.255Z","10.878319","5",NULL
"15824","2018-05-15T18:12:46.532Z","14.757587","6",NULL
"15825","2018-05-15T18:12:50.502Z","10.626139","5",NULL
"15826","2018-05-15T18:12:46.767Z","14.502852","6",NULL
"15827","2018-05-15T18:12:51.019Z","10.12666","5",NULL
"15828","2018-05-15T18:12:47.251Z","14.004492","6",NULL
"15829","2018-05-15T18:12:51.267Z","9.8671409999999","5",NULL
"15830","2018-05-15T18:12:47.752Z","13.50453","6",NULL
"15831","2018-05-15T18:12:51.753Z","9.378314","5",NULL
"15832","2018-05-15T18:12:48.005Z","13.254446","6",NULL
"15833","2018-05-15T18:12:52.000Z","9.128349","5",NULL
"15834","2018-05-15T18:12:48.532Z","12.751826","6",NULL
"15835","2018-05-15T18:12:52.251Z","8.878341","5",NULL
"15836","2018-05-15T18:12:49.002Z","12.254339","6",NULL
"15837","2018-05-15T18:12:52.752Z","8.377971","5",NULL
"15838","2018-05-15T18:12:49.270Z","12.004181","6",NULL
"15839","2018-05-15T18:12:53.266Z","7.8701620000001","5",NULL
"15840","2018-05-15T18:12:49.764Z","11.505083","6",NULL
"15841","2018-05-15T18:12:53.529Z","7.6279070000001","5",NULL
"15842","2018-05-15T18:12:50.258Z","11.00434","6",NULL
"15843","2018-05-15T18:12:53.770Z","7.374197","5",NULL
"15844","2018-05-15T18:12:50.510Z","10.75216","6",NULL
"15845","2018-05-15T18:12:54.251Z","6.87812","5",NULL
"15846","2018-05-15T18:12:51.028Z","10.252681","6",NULL
"15847","2018-05-15T18:12:54.516Z","6.627801","5",NULL
"15848","2018-05-15T18:12:51.272Z","9.993162","6",NULL
"15849","2018-05-15T18:12:54.762Z","6.377576","5",NULL
"15850","2018-05-15T18:12:55.003Z","6.127567","5",NULL
"15851","2018-05-15T18:12:51.775Z","9.5043350000001","6",NULL
"15852","2018-05-15T18:12:55.500Z","5.62819","5",NULL
"15853","2018-05-15T18:12:52.003Z","9.25437","6",NULL
"15854","2018-05-15T18:12:55.754Z","5.37445","5",NULL
"15855","2018-05-15T18:12:52.253Z","9.004362","6",NULL
"15856","2018-05-15T18:12:56.260Z","4.873188","5",NULL
"15857","2018-05-15T18:12:52.756Z","8.503992","6",NULL
"15858","2018-05-15T18:12:56.502Z","4.620535","5",NULL
"15859","2018-05-15T18:12:53.273Z","7.9961830000001","6",NULL
"15860","2018-05-15T18:12:57.004Z","4.118026","5",NULL
"15861","2018-05-15T18:12:53.532Z","7.7539280000001","6",NULL
"15862","2018-05-15T18:12:57.506Z","3.625896","5",NULL
"15863","2018-05-15T18:12:53.772Z","7.500218","6",NULL
"15864","2018-05-15T18:12:57.749Z","3.377264","5",NULL
"15865","2018-05-15T18:12:54.253Z","7.004141","6",NULL
"15866","2018-05-15T18:12:58.020Z","3.137078","5",NULL
"15867","2018-05-15T18:12:54.519Z","6.753822","6",NULL
"15868","2018-05-15T18:12:58.506Z","2.62749","5",NULL
"15869","2018-05-15T18:12:54.767Z","6.503597","6",NULL
"15870","2018-05-15T18:12:58.749Z","2.377196","5",NULL
"15871","2018-05-15T18:12:55.014Z","6.253588","6",NULL
"15872","2018-05-15T18:12:59.308Z","1.87605","5",NULL
"15873","2018-05-15T18:12:55.502Z","5.7542110000001","6",NULL
"15874","2018-05-15T18:12:59.760Z","1.3731320000001","5",NULL
"15875","2018-05-15T18:12:55.756Z","5.5004710000001","6",NULL
"15876","2018-05-15T18:13:00.255Z","0.87977699999999","5",NULL
"15877","2018-05-15T18:12:56.269Z","4.9992090000001","6",NULL
"15878","2018-05-15T18:13:00.757Z","0.37754500000005","5",NULL
"15879","2018-05-15T18:12:56.504Z","4.7465560000001","6",NULL
"15880","2018-05-15T18:13:01.255Z","0","5",NULL
"15881","2018-05-15T18:12:57.012Z","4.244047","6",NULL
"15882","2018-05-15T18:12:57.509Z","3.751917","6",NULL
"15883","2018-05-15T18:12:57.752Z","3.503285","6",NULL
"15884","2018-05-15T18:12:58.022Z","3.263099","6",NULL
"15885","2018-05-15T18:12:58.508Z","2.753511","6",NULL
"15886","2018-05-15T18:12:58.751Z","2.5032170000001","6",NULL
"15887","2018-05-15T18:12:59.319Z","2.002071","6",NULL
"15888","2018-05-15T18:12:59.762Z","1.4991530000001","6",NULL
"15889","2018-05-15T18:13:00.257Z","1.005798","6",NULL
"15890","2018-05-15T18:13:00.767Z","0.50356600000009","6",NULL
"15891","2018-05-15T18:13:01.261Z","0.0022140000000945","6",NULL
