"1","video","2018-05-29T20:15:19.314Z","2018-05-29T20:15:18.693Z","2018-05-29T20:15:19.105Z","2018-05-29T20:15:19.296Z","1611680","2","1","1950.145","8438.1151832461","5"
"2","audio","2018-05-29T20:16:18.150Z","2018-05-29T20:16:17.573Z","2018-05-29T20:16:17.573Z","2018-05-29T20:16:18.030Z","66024","1.9619791666667","0","33.434","144.47264770241","6"
"3","video","2018-05-29T20:15:22.837Z","2018-05-29T20:15:22.597Z","2018-05-29T20:15:22.627Z","2018-05-29T20:15:22.798Z","1714616","2","1","1950.145","10026.994152047","5"
"4","audio","2018-05-29T20:16:19.283Z","2018-05-29T20:16:18.682Z","2018-05-29T20:16:18.682Z","2018-05-29T20:16:19.263Z","64880","1.9619791666667","0","33.434","111.66953528399","6"
"5","video","2018-05-29T20:15:23.786Z","2018-05-29T20:15:23.365Z","2018-05-29T20:15:23.484Z","2018-05-29T20:15:23.782Z","3317824","2","2","3893.089","11133.637583893","5"
"6","audio","2018-05-29T20:16:20.780Z","2018-05-29T20:16:19.920Z","2018-05-29T20:16:19.920Z","2018-05-29T20:16:20.776Z","65792","1.9619791666667","0","33.434","76.859813084112","6"
"7","video","2018-05-29T20:15:26.661Z","2018-05-29T20:15:25.412Z","2018-05-29T20:15:25.610Z","2018-05-29T20:15:26.640Z","7575584","2","2","3893.089","7354.9359223301","5"
"8","audio","2018-05-29T20:16:22.373Z","2018-05-29T20:16:22.188Z","2018-05-29T20:16:22.188Z","2018-05-29T20:16:22.358Z","65784","1.9619791666667","0","33.434","386.96470588235","6"
"9","video","2018-05-29T20:15:27.484Z","2018-05-29T20:15:26.284Z","2018-05-29T20:15:26.765Z","2018-05-29T20:15:27.374Z","5001912","2","2","3893.089","8213.3201970443","5"
"10","audio","2018-05-29T20:16:23.283Z","2018-05-29T20:16:23.064Z","2018-05-29T20:16:23.064Z","2018-05-29T20:16:23.238Z","65320","1.9619791666667","0","33.434","375.40229885057","6"
"11","video","2018-05-29T20:15:31.170Z","2018-05-29T20:15:29.744Z","2018-05-29T20:15:29.836Z","2018-05-29T20:15:31.131Z","10038720","2","2","3893.089","7751.9073359073","5"
"12","audio","2018-05-29T20:16:23.387Z","2018-05-29T20:16:23.156Z","2018-05-29T20:16:23.156Z","2018-05-29T20:16:23.332Z","65272","1.9619791666667","0","33.434","370.86363636364","6"
"13","video","2018-05-29T20:15:33.809Z","2018-05-29T20:15:33.419Z","2018-05-29T20:15:33.527Z","2018-05-29T20:15:33.805Z","8280592","2","2","3893.089","29786.302158273","5"
"14","audio","2018-05-29T20:16:28.488Z","2018-05-29T20:16:28.283Z","2018-05-29T20:16:28.283Z","2018-05-29T20:16:28.468Z","65408","1.9619791666667","0","33.434","353.55675675676","6"
"15","video","2018-05-29T20:15:34.281Z","2018-05-29T20:15:34.093Z","2018-05-29T20:15:34.230Z","2018-05-29T20:15:34.277Z","1342040","2","0","1046.778","28554.042553191","5"
"16","audio","2018-05-29T20:16:39.986Z","2018-05-29T20:16:39.712Z","2018-05-29T20:16:39.712Z","2018-05-29T20:16:39.967Z","65968","1.9619791666667","0","33.434","258.69803921569","6"
"17","video","2018-05-29T20:15:34.465Z","2018-05-29T20:15:34.017Z","2018-05-29T20:15:34.193Z","2018-05-29T20:15:34.434Z","8253168","2","2","3893.089","34245.510373444","5"
"18","audio","2018-05-29T20:16:40.465Z","2018-05-29T20:16:40.095Z","2018-05-29T20:16:40.095Z","2018-05-29T20:16:40.450Z","65720","1.9619791666667","0","33.434","185.12676056338","6"
"19","video","2018-05-29T20:15:35.105Z","2018-05-29T20:15:34.625Z","2018-05-29T20:15:35.003Z","2018-05-29T20:15:35.101Z","2469896","2","0","1046.778","25203.020408163","5"
"20","audio","2018-05-29T20:16:40.819Z","2018-05-29T20:16:40.304Z","2018-05-29T20:16:40.304Z","2018-05-29T20:16:40.784Z","66344","1.9619791666667","0","33.434","138.21666666667","6"
"21","video","2018-05-29T20:15:40.275Z","2018-05-29T20:15:39.567Z","2018-05-29T20:15:39.658Z","2018-05-29T20:15:40.238Z","4421736","2","1","1950.145","7623.6827586207","5"
"22","audio","2018-05-29T20:16:41.471Z","2018-05-29T20:16:41.210Z","2018-05-29T20:16:41.210Z","2018-05-29T20:16:41.467Z","64760","1.9619791666667","0","33.434","251.98443579767","6"
"23","video","2018-05-29T20:15:40.398Z","2018-05-29T20:15:39.708Z","2018-05-29T20:15:39.824Z","2018-05-29T20:15:40.354Z","4094376","2","1","1950.145","7725.2377358491","5"
"24","audio","2018-05-29T20:16:41.823Z","2018-05-29T20:16:41.692Z","2018-05-29T20:16:41.692Z","2018-05-29T20:16:41.762Z","65488","1.9619791666667","0","33.434","935.54285714286","6"
"25","video","2018-05-29T20:15:42.786Z","2018-05-29T20:15:40.970Z","2018-05-29T20:15:41.447Z","2018-05-29T20:15:42.736Z","4036104","2","1","1950.145","3131.1900698216","5"
"26","audio","2018-05-29T20:16:42.685Z","2018-05-29T20:16:42.433Z","2018-05-29T20:16:42.433Z","2018-05-29T20:16:42.683Z","65752","1.9619791666667","0","33.434","263.008","6"
"27","video","2018-05-29T20:15:43.452Z","2018-05-29T20:15:42.546Z","2018-05-29T20:15:43.086Z","2018-05-29T20:15:43.445Z","4331176","2","1","1950.145","12064.557103064","5"
"28","audio","2018-05-29T20:16:47.469Z","2018-05-29T20:16:47.316Z","2018-05-29T20:16:47.316Z","2018-05-29T20:16:47.466Z","65472","1.9619791666667","0","33.434","436.48","6"
"29","video","2018-05-29T20:15:43.914Z","2018-05-29T20:15:43.467Z","2018-05-29T20:15:43.575Z","2018-05-29T20:15:43.899Z","3200720","2","1","1950.145","9878.7654320988","5"
"30","audio","2018-05-29T20:16:50.440Z","2018-05-29T20:16:50.171Z","2018-05-29T20:16:50.171Z","2018-05-29T20:16:50.410Z","66024","1.9619791666667","0","33.434","276.2510460251","6"
"31","video","2018-05-29T20:15:44.162Z","2018-05-29T20:15:44.100Z","2018-05-29T20:15:44.146Z","2018-05-29T20:15:44.159Z","3735104","2","1","1950.145","287315.69230769","5"
"32","audio","2018-05-29T20:16:52.533Z","2018-05-29T20:16:52.386Z","2018-05-29T20:16:52.386Z","2018-05-29T20:16:52.529Z","65456","1.9619791666667","0","33.434","457.73426573427","6"
"33","video","2018-05-29T20:15:45.396Z","2018-05-29T20:15:44.789Z","2018-05-29T20:15:45.083Z","2018-05-29T20:15:45.374Z","3138312","2","1","1950.145","10784.577319588","5"
"34","audio","2018-05-29T20:16:55.749Z","2018-05-29T20:16:55.309Z","2018-05-29T20:16:55.309Z","2018-05-29T20:16:55.661Z","65408","1.9619791666667","0","33.434","185.81818181818","6"
"35","video","2018-05-29T20:15:47.217Z","2018-05-29T20:15:47.083Z","2018-05-29T20:15:47.128Z","2018-05-29T20:15:47.182Z","3054232","2","1","1950.145","56559.851851852","5"
"36","audio","2018-05-29T20:17:00.160Z","2018-05-29T20:16:59.881Z","2018-05-29T20:16:59.881Z","2018-05-29T20:17:00.113Z","65936","1.9619791666667","0","33.434","284.20689655172","6"
"37","video","2018-05-29T20:15:48.379Z","2018-05-29T20:15:47.507Z","2018-05-29T20:15:47.849Z","2018-05-29T20:15:48.265Z","3258088","2","1","1950.145","7831.9423076923","5"
"38","audio","2018-05-29T20:17:02.829Z","2018-05-29T20:17:02.693Z","2018-05-29T20:17:02.693Z","2018-05-29T20:17:02.797Z","65816","1.9619791666667","0","33.434","632.84615384615","6"
"39","video","2018-05-29T20:15:53.638Z","2018-05-29T20:15:52.956Z","2018-05-29T20:15:53.108Z","2018-05-29T20:15:53.618Z","7299968","2","2","3893.089","14313.662745098","5"
"40","audio","2018-05-29T20:17:03.605Z","2018-05-29T20:17:03.094Z","2018-05-29T20:17:03.094Z","2018-05-29T20:17:03.526Z","64896","1.9619791666667","0","33.434","150.22222222222","6"
"41","video","2018-05-29T20:15:54.908Z","2018-05-29T20:15:53.804Z","2018-05-29T20:15:53.896Z","2018-05-29T20:15:54.690Z","4814720","2","1","1950.145","6063.879093199","5"
"42","audio","2018-05-29T20:17:07.712Z","2018-05-29T20:17:07.345Z","2018-05-29T20:17:07.345Z","2018-05-29T20:17:07.656Z","65960","1.9619791666667","0","33.434","212.09003215434","6"
"43","video","2018-05-29T20:15:57.953Z","2018-05-29T20:15:55.651Z","2018-05-29T20:15:56.248Z","2018-05-29T20:15:57.790Z","9465104","2","2","3893.089","6138.1997405966","5"
"44","audio","2018-05-29T20:17:10.312Z","2018-05-29T20:17:10.075Z","2018-05-29T20:17:10.075Z","2018-05-29T20:17:10.309Z","65296","1.9619791666667","0","33.434","279.04273504274","6"
"45","video","2018-05-29T20:15:58.595Z","2018-05-29T20:15:57.421Z","2018-05-29T20:15:58.038Z","2018-05-29T20:15:58.593Z","7356352","2","2","3893.089","13254.688288288","5"
"46","audio","2018-05-29T20:17:13.196Z","2018-05-29T20:17:12.995Z","2018-05-29T20:17:12.995Z","2018-05-29T20:17:13.172Z","66064","1.9619791666667","0","33.434","373.24293785311","6"
"47","video","2018-05-29T20:15:59.186Z","2018-05-29T20:15:58.622Z","2018-05-29T20:15:58.671Z","2018-05-29T20:15:59.070Z","9056208","2","2","3893.089","22697.263157895","5"
"48","audio","2018-05-29T20:17:14.069Z","2018-05-29T20:17:13.721Z","2018-05-29T20:17:13.721Z","2018-05-29T20:17:14.046Z","65336","1.9619791666667","0","33.434","201.03384615385","6"
"49","video","2018-05-29T20:16:00.464Z","2018-05-29T20:15:59.664Z","2018-05-29T20:16:00.008Z","2018-05-29T20:16:00.445Z","8483904","2","2","3893.089","19413.967963387","5"
"50","audio","2018-05-29T20:17:22.903Z","2018-05-29T20:17:22.661Z","2018-05-29T20:17:22.661Z","2018-05-29T20:17:22.864Z","65512","1.9619791666667","0","33.434","322.71921182266","6"
"51","video","2018-05-29T20:16:02.909Z","2018-05-29T20:16:02.428Z","2018-05-29T20:16:02.650Z","2018-05-29T20:16:02.860Z","6905384","2","2","3893.089","32882.780952381","5"
"52","audio","2018-05-29T20:17:25.553Z","2018-05-29T20:17:25.087Z","2018-05-29T20:17:25.087Z","2018-05-29T20:17:25.541Z","65824","1.9619791666667","0","33.434","144.98678414097","6"
"53","video","2018-05-29T20:16:04.034Z","2018-05-29T20:16:03.232Z","2018-05-29T20:16:03.492Z","2018-05-29T20:16:04.018Z","9253960","2","2","3893.089","17593.079847909","5"
"54","video","2018-05-29T20:16:04.395Z","2018-05-29T20:16:03.765Z","2018-05-29T20:16:04.317Z","2018-05-29T20:16:04.352Z","2361496","2","2","3893.089","67471.314285714","5"
"55","audio","2018-05-29T20:17:26.029Z","2018-05-29T20:17:25.835Z","2018-05-29T20:17:25.835Z","2018-05-29T20:17:26.004Z","65208","1.9619791666667","0","33.434","385.84615384615","6"
"56","video","2018-05-29T20:16:05.785Z","2018-05-29T20:16:04.829Z","2018-05-29T20:16:05.566Z","2018-05-29T20:16:05.755Z","2937240","2","2","3893.089","15540.952380952","5"
"57","audio","2018-05-29T20:17:32.848Z","2018-05-29T20:17:32.691Z","2018-05-29T20:17:32.691Z","2018-05-29T20:17:32.814Z","66056","1.9619791666667","0","33.434","537.0406504065","6"
"58","video","2018-05-29T20:16:11.750Z","2018-05-29T20:16:10.608Z","2018-05-29T20:16:11.020Z","2018-05-29T20:16:11.685Z","5646640","2","2","3893.089","8491.1879699248","5"
"59","audio","2018-05-29T20:17:37.450Z","2018-05-29T20:17:37.353Z","2018-05-29T20:17:37.353Z","2018-05-29T20:17:37.436Z","65432","1.9619791666667","0","33.434","788.33734939759","6"
"60","video","2018-05-29T20:16:12.952Z","2018-05-29T20:16:11.847Z","2018-05-29T20:16:12.318Z","2018-05-29T20:16:12.944Z","8079904","2","2","3893.089","12907.194888179","5"
"61","audio","2018-05-29T20:17:38.450Z","2018-05-29T20:17:37.919Z","2018-05-29T20:17:37.919Z","2018-05-29T20:17:38.440Z","65568","1.9619791666667","0","33.434","125.85028790787","6"
"62","video","2018-05-29T20:16:14.795Z","2018-05-29T20:16:13.359Z","2018-05-29T20:16:13.912Z","2018-05-29T20:16:14.758Z","8064392","2","2","3893.089","9532.378250591","5"
"63","audio","2018-05-29T20:17:40.189Z","2018-05-29T20:17:40.006Z","2018-05-29T20:17:40.006Z","2018-05-29T20:17:40.148Z","65344","1.9619791666667","0","33.434","460.16901408451","6"
"64","video","2018-05-29T20:16:19.134Z","2018-05-29T20:16:17.530Z","2018-05-29T20:16:17.951Z","2018-05-29T20:16:19.131Z","10264592","2","2","3893.089","8698.806779661","5"
"65","audio","2018-05-29T20:17:42.510Z","2018-05-29T20:17:42.358Z","2018-05-29T20:17:42.358Z","2018-05-29T20:17:42.507Z","66440","1.9619791666667","0","33.434","445.90604026846","6"
"66","video","2018-05-29T20:16:27.606Z","2018-05-29T20:16:27.103Z","2018-05-29T20:16:27.169Z","2018-05-29T20:16:27.573Z","9187056","2","2","3893.089","22740.237623762","5"
"67","audio","2018-05-29T20:17:44.958Z","2018-05-29T20:17:44.792Z","2018-05-29T20:17:44.792Z","2018-05-29T20:17:44.948Z","65392","1.9619791666667","0","33.434","419.17948717949","6"
"68","video","2018-05-29T20:16:28.842Z","2018-05-29T20:16:28.578Z","2018-05-29T20:16:28.674Z","2018-05-29T20:16:28.838Z","5621064","2","2","3893.089","34274.780487805","5"
"69","audio","2018-05-29T20:17:47.842Z","2018-05-29T20:17:47.514Z","2018-05-29T20:17:47.514Z","2018-05-29T20:17:47.745Z","64824","1.9619791666667","0","33.434","280.62337662338","6"
"70","video","2018-05-29T20:16:29.568Z","2018-05-29T20:16:29.262Z","2018-05-29T20:16:29.382Z","2018-05-29T20:16:29.526Z","7053184","2","2","3893.089","48980.444444444","5"
"71","audio","2018-05-29T20:17:50.605Z","2018-05-29T20:17:50.081Z","2018-05-29T20:17:50.081Z","2018-05-29T20:17:50.586Z","65912","1.9619791666667","0","33.434","130.51881188119","6"
"72","video","2018-05-29T20:16:30.626Z","2018-05-29T20:16:29.830Z","2018-05-29T20:16:29.995Z","2018-05-29T20:16:30.623Z","8565376","2","2","3893.089","13639.133757962","5"
"73","audio","2018-05-29T20:17:52.678Z","2018-05-29T20:17:52.493Z","2018-05-29T20:17:52.493Z","2018-05-29T20:17:52.648Z","65720","1.9619791666667","0","33.434","424","6"
"74","video","2018-05-29T20:16:33.132Z","2018-05-29T20:16:32.478Z","2018-05-29T20:16:32.601Z","2018-05-29T20:16:33.062Z","9570272","2","2","3893.089","20759.809110629","5"
"75","audio","2018-05-29T20:17:55.355Z","2018-05-29T20:17:55.030Z","2018-05-29T20:17:55.030Z","2018-05-29T20:17:55.218Z","65392","1.9619791666667","0","33.434","347.82978723404","6"
"76","video","2018-05-29T20:16:35.346Z","2018-05-29T20:16:35.171Z","2018-05-29T20:16:35.242Z","2018-05-29T20:16:35.342Z","10329208","2","2","3893.089","103292.08","5"
"77","audio","2018-05-29T20:17:57.505Z","2018-05-29T20:17:57.444Z","2018-05-29T20:17:57.444Z","2018-05-29T20:17:57.499Z","66040","1.9619791666667","0","33.434","1200.7272727273","6"
"78","video","2018-05-29T20:16:35.914Z","2018-05-29T20:16:35.693Z","2018-05-29T20:16:35.760Z","2018-05-29T20:16:35.896Z","6843704","2","2","3893.089","50321.352941176","5"
"79","audio","2018-05-29T20:18:02.572Z","2018-05-29T20:18:02.380Z","2018-05-29T20:18:02.380Z","2018-05-29T20:18:02.537Z","65168","1.9619791666667","0","33.434","415.08280254777","6"
"80","video","2018-05-29T20:16:36.267Z","2018-05-29T20:16:36.009Z","2018-05-29T20:16:36.058Z","2018-05-29T20:16:36.247Z","8683424","2","2","3893.089","45944.042328042","5"
"81","audio","2018-05-29T20:18:08.005Z","2018-05-29T20:18:07.664Z","2018-05-29T20:18:07.664Z","2018-05-29T20:18:07.966Z","65784","1.9619791666667","0","33.434","217.82781456954","6"
"82","video","2018-05-29T20:16:41.324Z","2018-05-29T20:16:40.966Z","2018-05-29T20:16:41.141Z","2018-05-29T20:16:41.235Z","2988528","2","2","3893.089","31792.85106383","5"
"83","audio","2018-05-29T20:18:08.755Z","2018-05-29T20:18:08.449Z","2018-05-29T20:18:08.449Z","2018-05-29T20:18:08.713Z","65360","1.9619791666667","0","33.434","247.57575757576","6"
"84","video","2018-05-29T20:16:42.810Z","2018-05-29T20:16:42.384Z","2018-05-29T20:16:42.546Z","2018-05-29T20:16:42.804Z","6761024","2","2","3893.089","26205.519379845","5"
"85","audio","2018-05-29T20:18:09.484Z","2018-05-29T20:18:09.334Z","2018-05-29T20:18:09.334Z","2018-05-29T20:18:09.455Z","65792","1.9619791666667","0","33.434","543.73553719008","6"
"86","video","2018-05-29T20:16:45.363Z","2018-05-29T20:16:44.774Z","2018-05-29T20:16:44.978Z","2018-05-29T20:16:45.330Z","5888904","2","2","3893.089","16729.840909091","5"
"87","audio","2018-05-29T20:18:12.917Z","2018-05-29T20:18:12.678Z","2018-05-29T20:18:12.678Z","2018-05-29T20:18:12.864Z","65616","1.9619791666667","0","33.434","352.77419354839","6"
"88","video","2018-05-29T20:16:47.899Z","2018-05-29T20:16:47.309Z","2018-05-29T20:16:47.423Z","2018-05-29T20:16:47.892Z","9406944","2","2","3893.089","20057.44989339","5"
"89","audio","2018-05-29T20:18:14.904Z","2018-05-29T20:18:14.807Z","2018-05-29T20:18:14.807Z","2018-05-29T20:18:14.893Z","65536","1.9619791666667","0","33.434","762.04651162791","6"
"90","video","2018-05-29T20:16:50.539Z","2018-05-29T20:16:50.090Z","2018-05-29T20:16:50.279Z","2018-05-29T20:16:50.536Z","4414888","2","2","3893.089","17178.552529183","5"
"91","audio","2018-05-29T20:18:17.768Z","2018-05-29T20:18:17.456Z","2018-05-29T20:18:17.456Z","2018-05-29T20:18:17.755Z","65616","1.9619791666667","0","33.434","219.45150501672","6"
"92","video","2018-05-29T20:16:52.726Z","2018-05-29T20:16:52.381Z","2018-05-29T20:16:52.480Z","2018-05-29T20:16:52.718Z","6657768","2","2","3893.089","27973.81512605","5"
"93","audio","2018-05-29T20:18:19.885Z","2018-05-29T20:18:19.766Z","2018-05-29T20:18:19.766Z","2018-05-29T20:18:19.864Z","65624","1.9619791666667","0","33.434","669.63265306122","6"
"94","video","2018-05-29T20:16:56.094Z","2018-05-29T20:16:55.227Z","2018-05-29T20:16:55.512Z","2018-05-29T20:16:56.091Z","8935040","2","2","3893.089","15431.848013817","5"
"95","audio","2018-05-29T20:18:22.601Z","2018-05-29T20:18:22.491Z","2018-05-29T20:18:22.491Z","2018-05-29T20:18:22.586Z","65320","1.9619791666667","0","33.434","687.57894736842","6"
"96","video","2018-05-29T20:16:57.897Z","2018-05-29T20:16:57.561Z","2018-05-29T20:16:57.632Z","2018-05-29T20:16:57.858Z","6935440","2","2","3893.089","30687.787610619","5"
"97","audio","2018-05-29T20:18:28.482Z","2018-05-29T20:18:27.973Z","2018-05-29T20:18:27.973Z","2018-05-29T20:18:28.448Z","65920","1.9619791666667","0","33.434","138.77894736842","6"
"98","video","2018-05-29T20:17:03.317Z","2018-05-29T20:17:02.593Z","2018-05-29T20:17:02.778Z","2018-05-29T20:17:03.292Z","9611528","2","2","3893.089","18699.470817121","5"
"99","audio","2018-05-29T20:18:29.274Z","2018-05-29T20:18:29.044Z","2018-05-29T20:18:29.044Z","2018-05-29T20:18:29.248Z","65344","1.9619791666667","0","33.434","320.3137254902","6"
"100","video","2018-05-29T20:17:05.093Z","2018-05-29T20:17:04.835Z","2018-05-29T20:17:04.871Z","2018-05-29T20:17:05.078Z","7512168","2","2","3893.089","36290.666666667","5"
"101","audio","2018-05-29T20:18:35.884Z","2018-05-29T20:18:35.461Z","2018-05-29T20:18:35.461Z","2018-05-29T20:18:35.874Z","65336","1.9619791666667","0","33.434","158.1985472155","6"
"102","video","2018-05-29T20:17:08.064Z","2018-05-29T20:17:07.289Z","2018-05-29T20:17:07.546Z","2018-05-29T20:17:08.041Z","8376368","2","2","3893.089","16921.955555556","5"
"103","audio","2018-05-29T20:18:37.138Z","2018-05-29T20:18:36.768Z","2018-05-29T20:18:36.768Z","2018-05-29T20:18:37.135Z","66000","1.9619791666667","0","33.434","179.83651226158","6"
"104","video","2018-05-29T20:17:10.912Z","2018-05-29T20:17:10.062Z","2018-05-29T20:17:10.247Z","2018-05-29T20:17:10.873Z","7744336","2","2","3893.089","12371.143769968","5"
"105","audio","2018-05-29T20:18:39.634Z","2018-05-29T20:18:39.594Z","2018-05-29T20:18:39.594Z","2018-05-29T20:18:39.629Z","65568","1.9619791666667","0","33.434","1873.3714285714","6"
"106","video","2018-05-29T20:17:13.581Z","2018-05-29T20:17:12.957Z","2018-05-29T20:17:13.089Z","2018-05-29T20:17:13.555Z","8330872","2","2","3893.089","17877.407725322","5"
"107","audio","2018-05-29T20:18:40.590Z","2018-05-29T20:18:40.227Z","2018-05-29T20:18:40.227Z","2018-05-29T20:18:40.587Z","65616","1.9619791666667","0","33.434","182.26666666667","6"
"108","video","2018-05-29T20:17:14.822Z","2018-05-29T20:17:14.101Z","2018-05-29T20:17:14.272Z","2018-05-29T20:17:14.802Z","7019816","2","2","3893.089","13244.935849057","5"
"109","audio","2018-05-29T20:18:42.541Z","2018-05-29T20:18:42.511Z","2018-05-29T20:18:42.511Z","2018-05-29T20:18:42.537Z","65456","1.9619791666667","0","33.434","2517.5384615385","6"
"110","video","2018-05-29T20:17:23.267Z","2018-05-29T20:17:22.589Z","2018-05-29T20:17:22.728Z","2018-05-29T20:17:23.214Z","9114880","2","2","3893.089","18754.897119342","5"
"111","audio","2018-05-29T20:18:45.966Z","2018-05-29T20:18:45.723Z","2018-05-29T20:18:45.723Z","2018-05-29T20:18:45.932Z","65176","1.9619791666667","0","33.434","311.84688995215","6"
"112","video","2018-05-29T20:17:25.741Z","2018-05-29T20:17:25.033Z","2018-05-29T20:17:25.326Z","2018-05-29T20:17:25.737Z","7270224","2","2","3893.089","17689.109489051","5"
"113","audio","2018-05-29T20:18:46.618Z","2018-05-29T20:18:46.432Z","2018-05-29T20:18:46.432Z","2018-05-29T20:18:46.542Z","66288","1.9619791666667","0","33.434","602.61818181818","6"
"114","video","2018-05-29T20:17:27.788Z","2018-05-29T20:17:27.447Z","2018-05-29T20:17:27.529Z","2018-05-29T20:17:27.744Z","8020224","2","2","3893.089","37303.36744186","5"
"115","audio","2018-05-29T20:18:55.434Z","2018-05-29T20:18:55.219Z","2018-05-29T20:18:55.219Z","2018-05-29T20:18:55.424Z","65432","1.9619791666667","0","33.434","319.18048780488","6"
"116","video","2018-05-29T20:17:33.377Z","2018-05-29T20:17:32.687Z","2018-05-29T20:17:32.770Z","2018-05-29T20:17:33.350Z","9751544","2","2","3893.089","16813.006896552","5"
"117","audio","2018-05-29T20:18:57.746Z","2018-05-29T20:18:57.477Z","2018-05-29T20:18:57.477Z","2018-05-29T20:18:57.713Z","65264","1.9619791666667","0","33.434","276.54237288136","6"
"118","video","2018-05-29T20:17:35.493Z","2018-05-29T20:17:35.024Z","2018-05-29T20:17:35.167Z","2018-05-29T20:17:35.450Z","7309360","2","2","3893.089","25828.127208481","5"
"119","audio","2018-05-29T20:19:00.727Z","2018-05-29T20:19:00.447Z","2018-05-29T20:19:00.447Z","2018-05-29T20:19:00.708Z","65904","1.9619791666667","0","33.434","252.50574712644","6"
"120","video","2018-05-29T20:17:38.355Z","2018-05-29T20:17:37.331Z","2018-05-29T20:17:37.428Z","2018-05-29T20:17:38.299Z","8061264","2","2","3893.089","9255.1825487945","5"
"121","audio","2018-05-29T20:19:01.392Z","2018-05-29T20:19:01.041Z","2018-05-29T20:19:01.041Z","2018-05-29T20:19:01.348Z","65464","1.9619791666667","0","33.434","213.23778501629","6"
"122","video","2018-05-29T20:17:40.283Z","2018-05-29T20:17:39.980Z","2018-05-29T20:17:40.032Z","2018-05-29T20:17:40.267Z","6634344","2","2","3893.089","28231.25106383","5"
"123","audio","2018-05-29T20:19:02.609Z","2018-05-29T20:19:02.008Z","2018-05-29T20:19:02.008Z","2018-05-29T20:19:02.597Z","65608","1.9619791666667","0","33.434","111.38879456706","6"
"124","video","2018-05-29T20:17:42.736Z","2018-05-29T20:17:42.353Z","2018-05-29T20:17:42.478Z","2018-05-29T20:17:42.731Z","9417848","2","2","3893.089","37224.695652174","5"
"125","audio","2018-05-29T20:19:05.057Z","2018-05-29T20:19:04.938Z","2018-05-29T20:19:04.938Z","2018-05-29T20:19:05.010Z","65896","1.9619791666667","0","33.434","915.22222222222","6"
"126","video","2018-05-29T20:17:45.234Z","2018-05-29T20:17:44.780Z","2018-05-29T20:17:44.873Z","2018-05-29T20:17:45.232Z","8035152","2","2","3893.089","22382.038997214","5"
"127","audio","2018-05-29T20:19:10.550Z","2018-05-29T20:19:10.515Z","2018-05-29T20:19:10.515Z","2018-05-29T20:19:10.537Z","65184","1.9619791666667","0","33.434","2962.9090909091","6"
"128","video","2018-05-29T20:17:48.381Z","2018-05-29T20:17:47.496Z","2018-05-29T20:17:47.707Z","2018-05-29T20:17:48.361Z","7607448","2","2","3893.089","11632.183486239","5"
"129","audio","2018-05-29T20:19:13.484Z","2018-05-29T20:19:13.408Z","2018-05-29T20:19:13.408Z","2018-05-29T20:19:13.482Z","65408","1.9619791666667","0","33.434","883.89189189189","6"
"130","video","2018-05-29T20:17:51.168Z","2018-05-29T20:17:50.024Z","2018-05-29T20:17:50.274Z","2018-05-29T20:17:51.087Z","8033240","2","2","3893.089","9880.9840098401","5"
"131","audio","2018-05-29T20:19:15.951Z","2018-05-29T20:19:15.294Z","2018-05-29T20:19:15.294Z","2018-05-29T20:19:15.786Z","65920","1.9619791666667","0","33.434","133.9837398374","6"
"132","video","2018-05-29T20:17:55.805Z","2018-05-29T20:17:55.004Z","2018-05-29T20:17:55.160Z","2018-05-29T20:17:55.770Z","8359456","2","2","3893.089","13704.026229508","5"
"133","audio","2018-05-29T20:19:18.262Z","2018-05-29T20:19:18.121Z","2018-05-29T20:19:18.121Z","2018-05-29T20:19:18.253Z","65016","1.9619791666667","0","33.434","492.54545454545","6"
"134","video","2018-05-29T20:17:56.815Z","2018-05-29T20:17:56.277Z","2018-05-29T20:17:56.477Z","2018-05-29T20:17:56.770Z","7479976","2","2","3893.089","25528.928327645","5"
"135","audio","2018-05-29T20:19:22.474Z","2018-05-29T20:19:22.117Z","2018-05-29T20:19:22.117Z","2018-05-29T20:19:22.430Z","66200","1.9619791666667","0","33.434","211.50159744409","6"
"136","video","2018-05-29T20:17:57.790Z","2018-05-29T20:17:57.440Z","2018-05-29T20:17:57.458Z","2018-05-29T20:17:57.776Z","8153888","2","2","3893.089","25641.157232704","5"
"137","audio","2018-05-29T20:19:25.073Z","2018-05-29T20:19:24.832Z","2018-05-29T20:19:24.832Z","2018-05-29T20:19:25.055Z","65112","1.9619791666667","0","33.434","291.98206278027","6"
"138","video","2018-05-29T20:18:03.152Z","2018-05-29T20:18:02.322Z","2018-05-29T20:18:02.403Z","2018-05-29T20:18:03.003Z","7946968","2","2","3893.089","13244.946666667","5"
"139","audio","2018-05-29T20:19:25.681Z","2018-05-29T20:19:25.429Z","2018-05-29T20:19:25.429Z","2018-05-29T20:19:25.628Z","65776","1.9619791666667","0","33.434","330.53266331658","6"
"140","video","2018-05-29T20:18:05.504Z","2018-05-29T20:18:05.035Z","2018-05-29T20:18:05.134Z","2018-05-29T20:18:05.457Z","8743024","2","2","3893.089","27068.185758514","5"
"141","audio","2018-05-29T20:19:26.831Z","2018-05-29T20:19:26.286Z","2018-05-29T20:19:26.286Z","2018-05-29T20:19:26.577Z","65832","1.9619791666667","0","33.434","226.22680412371","6"
"142","video","2018-05-29T20:18:08.304Z","2018-05-29T20:18:07.654Z","2018-05-29T20:18:07.744Z","2018-05-29T20:18:08.274Z","6205608","2","2","3893.089","11708.694339623","5"
"143","audio","2018-05-29T20:19:30.414Z","2018-05-29T20:19:30.133Z","2018-05-29T20:19:30.133Z","2018-05-29T20:19:30.363Z","66112","1.9619791666667","0","33.434","287.44347826087","6"
"144","video","2018-05-29T20:18:09.165Z","2018-05-29T20:18:08.782Z","2018-05-29T20:18:08.922Z","2018-05-29T20:18:09.113Z","7205392","2","2","3893.089","37724.565445026","5"
"145","audio","2018-05-29T20:19:31.150Z","2018-05-29T20:19:30.934Z","2018-05-29T20:19:30.934Z","2018-05-29T20:19:31.105Z","65336","1.9619791666667","0","33.434","382.08187134503","6"
"146","video","2018-05-29T20:18:15.108Z","2018-05-29T20:18:14.722Z","2018-05-29T20:18:14.813Z","2018-05-29T20:18:15.087Z","8009840","2","2","3893.089","29232.99270073","5"
"147","audio","2018-05-29T20:19:33.559Z","2018-05-29T20:19:33.100Z","2018-05-29T20:19:33.100Z","2018-05-29T20:19:33.538Z","65704","1.9619791666667","0","33.434","150.00913242009","6"
"148","video","2018-05-29T20:18:18.127Z","2018-05-29T20:18:17.388Z","2018-05-29T20:18:17.506Z","2018-05-29T20:18:18.124Z","8258184","2","2","3893.089","13362.757281553","5"
"149","audio","2018-05-29T20:19:35.633Z","2018-05-29T20:19:35.325Z","2018-05-29T20:19:35.325Z","2018-05-29T20:19:35.618Z","65288","1.9619791666667","0","33.434","222.82593856655","6"
"150","video","2018-05-29T20:18:20.154Z","2018-05-29T20:18:19.754Z","2018-05-29T20:18:19.796Z","2018-05-29T20:18:20.150Z","11254424","2","2","3893.089","31792.15819209","5"
"151","audio","2018-05-29T20:19:37.602Z","2018-05-29T20:19:37.432Z","2018-05-29T20:19:37.432Z","2018-05-29T20:19:37.517Z","65576","1.9619791666667","0","33.434","771.48235294118","6"
"152","video","2018-05-29T20:18:20.883Z","2018-05-29T20:18:20.513Z","2018-05-29T20:18:20.667Z","2018-05-29T20:18:20.856Z","7614304","2","2","3893.089","40287.322751323","5"
"153","audio","2018-05-29T20:19:42.681Z","2018-05-29T20:19:42.548Z","2018-05-29T20:19:42.548Z","2018-05-29T20:19:42.670Z","65320","1.9619791666667","0","33.434","535.40983606557","6"
"154","video","2018-05-29T20:18:22.881Z","2018-05-29T20:18:22.486Z","2018-05-29T20:18:22.576Z","2018-05-29T20:18:22.869Z","4691824","2","2","3893.089","16013.051194539","5"
"155","audio","2018-05-29T20:19:45.393Z","2018-05-29T20:19:45.095Z","2018-05-29T20:19:45.095Z","2018-05-29T20:19:45.365Z","66296","1.9619791666667","0","33.434","245.54074074074","6"
"156","video","2018-05-29T20:18:28.770Z","2018-05-29T20:18:27.800Z","2018-05-29T20:18:28.032Z","2018-05-29T20:18:28.756Z","6904568","2","2","3893.089","9536.6961325967","5"
"157","audio","2018-05-29T20:19:47.701Z","2018-05-29T20:19:47.528Z","2018-05-29T20:19:47.528Z","2018-05-29T20:19:47.695Z","64912","1.9619791666667","0","33.434","388.69461077844","6"
"158","video","2018-05-29T20:18:31.563Z","2018-05-29T20:18:30.106Z","2018-05-29T20:18:30.568Z","2018-05-29T20:18:31.516Z","10629848","2","2","3893.089","11212.919831224","5"
"159","audio","2018-05-29T20:19:50.334Z","2018-05-29T20:19:50.064Z","2018-05-29T20:19:50.064Z","2018-05-29T20:19:50.276Z","65832","1.9619791666667","0","33.434","310.52830188679","6"
"160","video","2018-05-29T20:18:33.753Z","2018-05-29T20:18:32.712Z","2018-05-29T20:18:32.870Z","2018-05-29T20:18:33.721Z","8686976","2","2","3893.089","10207.96239718","5"
"161","audio","2018-05-29T20:19:53.738Z","2018-05-29T20:19:53.382Z","2018-05-29T20:19:53.382Z","2018-05-29T20:19:53.733Z","65672","1.9619791666667","0","33.434","187.09971509972","6"
"162","video","2018-05-29T20:18:36.748Z","2018-05-29T20:18:35.387Z","2018-05-29T20:18:35.688Z","2018-05-29T20:18:36.720Z","8802200","2","2","3893.089","8529.2635658915","5"
"163","audio","2018-05-29T20:19:56.215Z","2018-05-29T20:19:55.428Z","2018-05-29T20:19:55.428Z","2018-05-29T20:19:56.194Z","66120","1.9619791666667","0","33.434","86.318537859008","6"
"164","video","2018-05-29T20:18:42.896Z","2018-05-29T20:18:42.503Z","2018-05-29T20:18:42.532Z","2018-05-29T20:18:42.820Z","5660408","2","2","3893.089","19654.194444444","5"
"165","video","2018-05-29T20:18:44.734Z","2018-05-29T20:18:43.985Z","2018-05-29T20:18:44.061Z","2018-05-29T20:18:44.730Z","10212664","2","2","3893.089","15265.56651719","5"
"166","audio","2018-05-29T20:20:02.489Z","2018-05-29T20:20:02.383Z","2018-05-29T20:20:02.383Z","2018-05-29T20:20:02.468Z","64648","1.9619791666667","0","33.434","760.56470588235","6"
"167","audio","2018-05-29T20:20:03.324Z","2018-05-29T20:20:03.301Z","2018-05-29T20:20:03.301Z","2018-05-29T20:20:03.317Z","65504","1.9619791666667","0","33.434","4094","6"
"168","video","2018-05-29T20:18:46.171Z","2018-05-29T20:18:45.676Z","2018-05-29T20:18:45.849Z","2018-05-29T20:18:46.153Z","3946280","2","2","3893.089","12981.184210526","5"
"169","audio","2018-05-29T20:20:05.246Z","2018-05-29T20:20:05.038Z","2018-05-29T20:20:05.038Z","2018-05-29T20:20:05.215Z","65712","1.9619791666667","0","33.434","371.25423728814","6"
"170","video","2018-05-29T20:18:48.385Z","2018-05-29T20:18:46.687Z","2018-05-29T20:18:47.189Z","2018-05-29T20:18:48.371Z","6600720","2","2","3893.089","5584.3654822335","5"
"171","audio","2018-05-29T20:20:08.857Z","2018-05-29T20:20:08.345Z","2018-05-29T20:20:08.345Z","2018-05-29T20:20:08.824Z","65880","1.9619791666667","0","33.434","137.53653444676","6"
"172","video","2018-05-29T20:18:48.852Z","2018-05-29T20:18:47.886Z","2018-05-29T20:18:48.167Z","2018-05-29T20:18:48.788Z","7722168","2","2","3893.089","12435.053140097","5"
"173","audio","2018-05-29T20:20:10.831Z","2018-05-29T20:20:10.339Z","2018-05-29T20:20:10.339Z","2018-05-29T20:20:10.738Z","65656","1.9619791666667","0","33.434","164.55137844612","6"
"174","video","2018-05-29T20:18:49.396Z","2018-05-29T20:18:48.427Z","2018-05-29T20:18:48.559Z","2018-05-29T20:18:49.366Z","12112128","2","2","3893.089","15008.832713755","5"
"175","audio","2018-05-29T20:20:15.281Z","2018-05-29T20:20:14.991Z","2018-05-29T20:20:14.991Z","2018-05-29T20:20:15.256Z","65472","1.9619791666667","0","33.434","247.0641509434","6"
"176","video","2018-05-29T20:18:52.522Z","2018-05-29T20:18:52.047Z","2018-05-29T20:18:52.120Z","2018-05-29T20:18:52.429Z","6551024","2","2","3893.089","21200.724919094","5"
"177","audio","2018-05-29T20:20:17.494Z","2018-05-29T20:20:17.268Z","2018-05-29T20:20:17.268Z","2018-05-29T20:20:17.458Z","65064","1.9619791666667","0","33.434","342.44210526316","6"
"178","video","2018-05-29T20:19:01.526Z","2018-05-29T20:19:00.432Z","2018-05-29T20:19:00.536Z","2018-05-29T20:19:01.499Z","8417144","2","2","3893.089","8740.544132918","5"
"179","audio","2018-05-29T20:20:20.297Z","2018-05-29T20:20:20.165Z","2018-05-29T20:20:20.165Z","2018-05-29T20:20:20.294Z","65704","1.9619791666667","0","33.434","509.33333333333","6"
"180","video","2018-05-29T20:19:10.040Z","2018-05-29T20:19:09.547Z","2018-05-29T20:19:09.562Z","2018-05-29T20:19:10.032Z","8549832","2","2","3893.089","18191.131914894","5"
"181","audio","2018-05-29T20:20:22.957Z","2018-05-29T20:20:22.552Z","2018-05-29T20:20:22.552Z","2018-05-29T20:20:22.922Z","65888","1.9619791666667","0","33.434","178.07567567568","6"
"182","video","2018-05-29T20:19:10.945Z","2018-05-29T20:19:10.680Z","2018-05-29T20:19:10.773Z","2018-05-29T20:19:10.927Z","8486088","2","2","3893.089","55104.467532468","5"
"183","audio","2018-05-29T20:20:25.268Z","2018-05-29T20:20:24.994Z","2018-05-29T20:20:24.994Z","2018-05-29T20:20:25.171Z","65504","1.9619791666667","0","33.434","370.0790960452","6"
"184","video","2018-05-29T20:19:11.922Z","2018-05-29T20:19:11.362Z","2018-05-29T20:19:11.415Z","2018-05-29T20:19:11.888Z","8791872","2","2","3893.089","18587.467230444","5"
"185","audio","2018-05-29T20:20:27.474Z","2018-05-29T20:20:27.284Z","2018-05-29T20:20:27.284Z","2018-05-29T20:20:27.471Z","65080","1.9619791666667","0","33.434","348.02139037433","6"
"186","video","2018-05-29T20:19:13.568Z","2018-05-29T20:19:13.312Z","2018-05-29T20:19:13.472Z","2018-05-29T20:19:13.564Z","7581800","2","2","3893.089","82410.869565217","5"
"187","audio","2018-05-29T20:20:35.036Z","2018-05-29T20:20:34.825Z","2018-05-29T20:20:34.825Z","2018-05-29T20:20:35.026Z","65800","1.9619791666667","0","33.434","327.3631840796","6"
"188","video","2018-05-29T20:19:14.408Z","2018-05-29T20:19:13.877Z","2018-05-29T20:19:14.355Z","2018-05-29T20:19:14.394Z","3192008","2","2","3893.089","81846.358974359","5"
"189","audio","2018-05-29T20:20:37.535Z","2018-05-29T20:20:37.363Z","2018-05-29T20:20:37.363Z","2018-05-29T20:20:37.525Z","66008","1.9619791666667","0","33.434","407.45679012346","6"
"190","video","2018-05-29T20:19:17.132Z","2018-05-29T20:19:15.286Z","2018-05-29T20:19:15.458Z","2018-05-29T20:19:17.107Z","11797472","2","2","3893.089","7154.3189812007","5"
"191","audio","2018-05-29T20:20:38.013Z","2018-05-29T20:20:37.872Z","2018-05-29T20:20:37.872Z","2018-05-29T20:20:37.974Z","65568","1.9619791666667","0","33.434","642.82352941176","6"
"192","video","2018-05-29T20:19:18.696Z","2018-05-29T20:19:18.083Z","2018-05-29T20:19:18.235Z","2018-05-29T20:19:18.666Z","8442344","2","2","3893.089","19587.805104408","5"
"193","audio","2018-05-29T20:20:40.921Z","2018-05-29T20:20:40.544Z","2018-05-29T20:20:40.544Z","2018-05-29T20:20:40.892Z","65792","1.9619791666667","0","33.434","189.05747126437","6"
"194","video","2018-05-29T20:19:22.922Z","2018-05-29T20:19:22.068Z","2018-05-29T20:19:22.371Z","2018-05-29T20:19:22.877Z","8008760","2","2","3893.089","15827.588932806","5"
"195","audio","2018-05-29T20:20:42.942Z","2018-05-29T20:20:42.880Z","2018-05-29T20:20:42.880Z","2018-05-29T20:20:42.940Z","65480","1.9619791666667","0","33.434","1091.3333333333","6"
"196","video","2018-05-29T20:19:25.276Z","2018-05-29T20:19:24.815Z","2018-05-29T20:19:24.946Z","2018-05-29T20:19:25.264Z","7269464","2","2","3893.089","22859.949685535","5"
"197","audio","2018-05-29T20:20:47.552Z","2018-05-29T20:20:47.356Z","2018-05-29T20:20:47.356Z","2018-05-29T20:20:47.535Z","65328","1.9619791666667","0","33.434","364.96089385475","6"
"198","video","2018-05-29T20:19:27.112Z","2018-05-29T20:19:25.734Z","2018-05-29T20:19:26.205Z","2018-05-29T20:19:27.066Z","9053248","2","2","3893.089","10514.806039489","5"
"199","audio","2018-05-29T20:20:50.322Z","2018-05-29T20:20:50.062Z","2018-05-29T20:20:50.062Z","2018-05-29T20:20:50.270Z","65704","1.9619791666667","0","33.434","315.88461538462","6"
"200","video","2018-05-29T20:19:27.682Z","2018-05-29T20:19:27.525Z","2018-05-29T20:19:27.552Z","2018-05-29T20:19:27.666Z","7407968","2","2","3893.089","64982.175438596","5"
"201","audio","2018-05-29T20:20:52.526Z","2018-05-29T20:20:52.305Z","2018-05-29T20:20:52.305Z","2018-05-29T20:20:52.517Z","65416","1.9619791666667","0","33.434","308.56603773585","6"
"202","video","2018-05-29T20:19:29.321Z","2018-05-29T20:19:28.592Z","2018-05-29T20:19:28.709Z","2018-05-29T20:19:29.309Z","5882480","2","2","3893.089","9804.1333333333","5"
"203","audio","2018-05-29T20:20:56.460Z","2018-05-29T20:20:55.829Z","2018-05-29T20:20:55.829Z","2018-05-29T20:20:56.455Z","65440","1.9619791666667","0","33.434","104.53674121406","6"
"204","video","2018-05-29T20:19:30.882Z","2018-05-29T20:19:30.097Z","2018-05-29T20:19:30.238Z","2018-05-29T20:19:30.879Z","9316456","2","2","3893.089","14534.252730109","5"
"205","audio","2018-05-29T20:20:58.651Z","2018-05-29T20:20:58.270Z","2018-05-29T20:20:58.270Z","2018-05-29T20:20:58.640Z","65568","1.9619791666667","0","33.434","177.21081081081","6"
"206","audio","2018-05-29T20:20:59.993Z","2018-05-29T20:20:59.501Z","2018-05-29T20:20:59.501Z","2018-05-29T20:20:59.957Z","65504","1.9619791666667","0","33.434","143.64912280702","6"
"207","video","2018-05-29T20:19:33.975Z","2018-05-29T20:19:33.087Z","2018-05-29T20:19:33.129Z","2018-05-29T20:19:33.954Z","8367080","2","2","3893.089","10141.915151515","5"
"208","audio","2018-05-29T20:21:08.196Z","2018-05-29T20:21:07.869Z","2018-05-29T20:21:07.869Z","2018-05-29T20:21:08.142Z","66096","1.9619791666667","0","33.434","242.10989010989","6"
"209","video","2018-05-29T20:19:36.255Z","2018-05-29T20:19:35.194Z","2018-05-29T20:19:35.564Z","2018-05-29T20:19:36.218Z","7951800","2","2","3893.089","12158.71559633","5"
"210","audio","2018-05-29T20:21:08.806Z","2018-05-29T20:21:08.645Z","2018-05-29T20:21:08.645Z","2018-05-29T20:21:08.804Z","65424","1.9619791666667","0","33.434","411.47169811321","6"
"211","video","2018-05-29T20:19:43.293Z","2018-05-29T20:19:42.491Z","2018-05-29T20:19:42.609Z","2018-05-29T20:19:43.257Z","10500040","2","2","3893.089","16203.765432099","5"
"212","audio","2018-05-29T20:21:09.485Z","2018-05-29T20:21:09.328Z","2018-05-29T20:21:09.328Z","2018-05-29T20:21:09.481Z","66040","1.9619791666667","0","33.434","431.6339869281","6"
"213","video","2018-05-29T20:19:45.877Z","2018-05-29T20:19:45.076Z","2018-05-29T20:19:45.198Z","2018-05-29T20:19:45.844Z","6313392","2","2","3893.089","9773.0526315789","5"
"214","audio","2018-05-29T20:21:09.764Z","2018-05-29T20:21:09.670Z","2018-05-29T20:21:09.670Z","2018-05-29T20:21:09.753Z","64936","1.9619791666667","0","33.434","782.36144578313","6"
"215","video","2018-05-29T20:19:47.801Z","2018-05-29T20:19:47.508Z","2018-05-29T20:19:47.612Z","2018-05-29T20:19:47.775Z","7898944","2","2","3893.089","48459.779141104","5"
"216","audio","2018-05-29T20:21:15.381Z","2018-05-29T20:21:15.013Z","2018-05-29T20:21:15.013Z","2018-05-29T20:21:15.314Z","65816","1.9619791666667","0","33.434","218.65780730897","6"
"217","video","2018-05-29T20:19:50.607Z","2018-05-29T20:19:50.020Z","2018-05-29T20:19:50.217Z","2018-05-29T20:19:50.585Z","8318432","2","2","3893.089","22604.434782609","5"
"218","audio","2018-05-29T20:21:18.277Z","2018-05-29T20:21:18.106Z","2018-05-29T20:21:18.106Z","2018-05-29T20:21:18.274Z","65552","1.9619791666667","0","33.434","390.19047619048","6"
"219","audio","2018-05-29T20:21:25.146Z","2018-05-29T20:21:24.966Z","2018-05-29T20:21:24.966Z","2018-05-29T20:21:25.132Z","65512","1.9619791666667","0","33.434","394.65060240964","6"
"220","video","2018-05-29T20:19:54.134Z","2018-05-29T20:19:53.192Z","2018-05-29T20:19:53.424Z","2018-05-29T20:19:54.072Z","5915728","2","2","3893.089","9129.2098765432","5"
"221","audio","2018-05-29T20:21:27.781Z","2018-05-29T20:21:27.549Z","2018-05-29T20:21:27.549Z","2018-05-29T20:21:27.765Z","65568","1.9619791666667","0","33.434","303.55555555556","6"
"222","video","2018-05-29T20:19:56.515Z","2018-05-29T20:19:55.346Z","2018-05-29T20:19:55.538Z","2018-05-29T20:19:56.500Z","6256208","2","2","3893.089","6503.3347193347","5"
"223","audio","2018-05-29T20:21:30.889Z","2018-05-29T20:21:30.398Z","2018-05-29T20:21:30.398Z","2018-05-29T20:21:30.865Z","65808","1.9619791666667","0","33.434","140.9164882227","6"
"224","video","2018-05-29T20:20:02.623Z","2018-05-29T20:20:02.336Z","2018-05-29T20:20:02.413Z","2018-05-29T20:20:02.564Z","6885520","2","2","3893.089","45599.470198675","5"
"225","audio","2018-05-29T20:21:32.737Z","2018-05-29T20:21:32.527Z","2018-05-29T20:21:32.527Z","2018-05-29T20:21:32.725Z","65688","1.9619791666667","0","33.434","331.75757575758","6"
"226","video","2018-05-29T20:20:04.141Z","2018-05-29T20:20:03.389Z","2018-05-29T20:20:03.464Z","2018-05-29T20:20:04.078Z","11400512","2","2","3893.089","18567.609120521","5"
"227","audio","2018-05-29T20:21:35.617Z","2018-05-29T20:21:35.354Z","2018-05-29T20:21:35.354Z","2018-05-29T20:21:35.610Z","65544","1.9619791666667","0","33.434","256.03125","6"
"228","video","2018-05-29T20:20:05.977Z","2018-05-29T20:20:04.971Z","2018-05-29T20:20:05.085Z","2018-05-29T20:20:05.921Z","7945552","2","2","3893.089","9504.2488038278","5"
"229","audio","2018-05-29T20:21:39.820Z","2018-05-29T20:21:39.789Z","2018-05-29T20:21:39.789Z","2018-05-29T20:21:39.818Z","65112","1.9619791666667","0","33.434","2245.2413793103","6"
"230","video","2018-05-29T20:20:08.961Z","2018-05-29T20:20:08.328Z","2018-05-29T20:20:08.744Z","2018-05-29T20:20:08.943Z","4425152","2","2","3893.089","22236.944723618","5"
"231","audio","2018-05-29T20:21:42.603Z","2018-05-29T20:21:42.489Z","2018-05-29T20:21:42.489Z","2018-05-29T20:21:42.599Z","65776","1.9619791666667","0","33.434","597.96363636364","6"
"232","video","2018-05-29T20:20:09.782Z","2018-05-29T20:20:09.224Z","2018-05-29T20:20:09.284Z","2018-05-29T20:20:09.766Z","9783624","2","2","3893.089","20297.975103734","5"
"233","audio","2018-05-29T20:21:45.089Z","2018-05-29T20:21:44.924Z","2018-05-29T20:21:44.924Z","2018-05-29T20:21:45.085Z","65832","1.9619791666667","0","33.434","408.89440993789","6"
"234","video","2018-05-29T20:20:11.226Z","2018-05-29T20:20:10.328Z","2018-05-29T20:20:10.734Z","2018-05-29T20:20:11.188Z","8444592","2","2","3893.089","18600.422907489","5"
"235","audio","2018-05-29T20:21:47.666Z","2018-05-29T20:21:47.507Z","2018-05-29T20:21:47.507Z","2018-05-29T20:21:47.647Z","65632","1.9619791666667","0","33.434","468.8","6"
"236","video","2018-05-29T20:20:17.877Z","2018-05-29T20:20:17.248Z","2018-05-29T20:20:17.348Z","2018-05-29T20:20:17.846Z","9249656","2","2","3893.089","18573.606425703","5"
"237","audio","2018-05-29T20:21:50.339Z","2018-05-29T20:21:50.046Z","2018-05-29T20:21:50.046Z","2018-05-29T20:21:50.304Z","64600","1.9619791666667","0","33.434","250.38759689922","6"
"238","video","2018-05-29T20:20:21.046Z","2018-05-29T20:20:20.159Z","2018-05-29T20:20:20.249Z","2018-05-29T20:20:21.022Z","8042144","2","2","3893.089","10403.808538163","5"
"239","audio","2018-05-29T20:21:52.692Z","2018-05-29T20:21:52.640Z","2018-05-29T20:21:52.640Z","2018-05-29T20:21:52.674Z","66296","1.9619791666667","0","33.434","1949.8823529412","6"
"240","video","2018-05-29T20:20:23.322Z","2018-05-29T20:20:22.543Z","2018-05-29T20:20:22.887Z","2018-05-29T20:20:23.272Z","5190056","2","2","3893.089","13480.664935065","5"
"241","audio","2018-05-29T20:21:55.649Z","2018-05-29T20:21:54.944Z","2018-05-29T20:21:54.944Z","2018-05-29T20:21:55.643Z","65736","1.9619791666667","0","33.434","94.042918454936","6"
"242","video","2018-05-29T20:20:28.590Z","2018-05-29T20:20:27.276Z","2018-05-29T20:20:27.384Z","2018-05-29T20:20:28.566Z","9696352","2","2","3893.089","8203.3434856176","5"
"243","audio","2018-05-29T20:21:57.590Z","2018-05-29T20:21:57.271Z","2018-05-29T20:21:57.271Z","2018-05-29T20:21:57.571Z","65872","1.9619791666667","0","33.434","219.57333333333","6"
"244","video","2018-05-29T20:20:30.589Z","2018-05-29T20:20:30.134Z","2018-05-29T20:20:30.193Z","2018-05-29T20:20:30.565Z","8926488","2","2","3893.089","23995.935483871","5"
"245","audio","2018-05-29T20:22:02.454Z","2018-05-29T20:22:02.370Z","2018-05-29T20:22:02.370Z","2018-05-29T20:22:02.449Z","65600","1.9619791666667","0","33.434","830.37974683544","6"
"246","video","2018-05-29T20:20:35.298Z","2018-05-29T20:20:34.769Z","2018-05-29T20:20:34.879Z","2018-05-29T20:20:35.276Z","8285728","2","2","3893.089","20870.85138539","5"
"247","audio","2018-05-29T20:22:03.318Z","2018-05-29T20:22:03.192Z","2018-05-29T20:22:03.192Z","2018-05-29T20:22:03.305Z","65568","1.9619791666667","0","33.434","580.24778761062","6"
"248","video","2018-05-29T20:20:37.741Z","2018-05-29T20:20:37.336Z","2018-05-29T20:20:37.404Z","2018-05-29T20:20:37.668Z","8610688","2","2","3893.089","32616.242424242","5"
"249","audio","2018-05-29T20:22:04.883Z","2018-05-29T20:22:04.693Z","2018-05-29T20:22:04.693Z","2018-05-29T20:22:04.840Z","64536","1.9619791666667","0","33.434","439.02040816327","6"
"250","video","2018-05-29T20:20:38.783Z","2018-05-29T20:20:38.280Z","2018-05-29T20:20:38.391Z","2018-05-29T20:20:38.760Z","5906976","2","2","3893.089","16008.06504065","5"
"251","audio","2018-05-29T20:22:13.443Z","2018-05-29T20:22:12.738Z","2018-05-29T20:22:12.738Z","2018-05-29T20:22:13.359Z","65688","1.9619791666667","0","33.434","105.77777777778","6"
"252","video","2018-05-29T20:20:41.116Z","2018-05-29T20:20:40.476Z","2018-05-29T20:20:40.713Z","2018-05-29T20:20:41.112Z","9664128","2","2","3893.089","24220.872180451","5"
"253","audio","2018-05-29T20:22:15.380Z","2018-05-29T20:22:15.253Z","2018-05-29T20:22:15.253Z","2018-05-29T20:22:15.367Z","66640","1.9619791666667","0","33.434","584.56140350877","6"
"254","video","2018-05-29T20:20:43.066Z","2018-05-29T20:20:42.873Z","2018-05-29T20:20:42.929Z","2018-05-29T20:20:43.034Z","6938328","2","2","3893.089","66079.314285714","5"
"255","video","2018-05-29T20:20:48.336Z","2018-05-29T20:20:47.317Z","2018-05-29T20:20:47.519Z","2018-05-29T20:20:48.327Z","7080592","2","2","3893.089","8763.1089108911","5"
"256","audio","2018-05-29T20:22:16.351Z","2018-05-29T20:22:16.210Z","2018-05-29T20:22:16.210Z","2018-05-29T20:22:16.347Z","65200","1.9619791666667","0","33.434","475.91240875912","6"
"257","video","2018-05-29T20:20:50.628Z","2018-05-29T20:20:49.980Z","2018-05-29T20:20:50.189Z","2018-05-29T20:20:50.625Z","9114624","2","2","3893.089","20905.100917431","5"
"258","audio","2018-05-29T20:22:20.429Z","2018-05-29T20:22:19.872Z","2018-05-29T20:22:19.872Z","2018-05-29T20:22:20.383Z","65528","1.9619791666667","0","33.434","128.23483365949","6"
"259","video","2018-05-29T20:20:52.813Z","2018-05-29T20:20:52.245Z","2018-05-29T20:20:52.434Z","2018-05-29T20:20:52.720Z","8849336","2","2","3893.089","30941.734265734","5"
"260","audio","2018-05-29T20:22:22.663Z","2018-05-29T20:22:22.424Z","2018-05-29T20:22:22.424Z","2018-05-29T20:22:22.651Z","65744","1.9619791666667","0","33.434","289.62114537445","6"
"261","video","2018-05-29T20:20:56.501Z","2018-05-29T20:20:55.746Z","2018-05-29T20:20:56.450Z","2018-05-29T20:20:56.493Z","7392408","2","2","3893.089","171916.46511628","5"
"262","audio","2018-05-29T20:22:25.191Z","2018-05-29T20:22:24.954Z","2018-05-29T20:22:24.954Z","2018-05-29T20:22:25.105Z","65920","1.9619791666667","0","33.434","436.55629139073","6"
"263","video","2018-05-29T20:20:59.030Z","2018-05-29T20:20:58.248Z","2018-05-29T20:20:58.533Z","2018-05-29T20:20:58.987Z","6687392","2","2","3893.089","14729.938325991","5"
"264","audio","2018-05-29T20:22:27.759Z","2018-05-29T20:22:27.539Z","2018-05-29T20:22:27.539Z","2018-05-29T20:22:27.713Z","65096","1.9619791666667","0","33.434","374.11494252874","6"
"265","video","2018-05-29T20:21:05.325Z","2018-05-29T20:21:05.033Z","2018-05-29T20:21:05.124Z","2018-05-29T20:21:05.321Z","9072936","2","2","3893.089","46055.512690355","5"
"266","audio","2018-05-29T20:22:31.277Z","2018-05-29T20:22:30.437Z","2018-05-29T20:22:30.437Z","2018-05-29T20:22:31.259Z","65664","1.9619791666667","0","33.434","79.883211678832","6"
"267","video","2018-05-29T20:21:06.100Z","2018-05-29T20:21:05.654Z","2018-05-29T20:21:05.706Z","2018-05-29T20:21:06.089Z","6852808","2","2","3893.089","17892.449086162","5"
"268","audio","2018-05-29T20:22:32.960Z","2018-05-29T20:22:32.632Z","2018-05-29T20:22:32.632Z","2018-05-29T20:22:32.957Z","65696","1.9619791666667","0","33.434","202.14153846154","6"
"269","video","2018-05-29T20:21:08.509Z","2018-05-29T20:21:07.863Z","2018-05-29T20:21:07.923Z","2018-05-29T20:21:08.497Z","9190600","2","2","3893.089","16011.49825784","5"
"270","audio","2018-05-29T20:22:35.241Z","2018-05-29T20:22:35.132Z","2018-05-29T20:22:35.132Z","2018-05-29T20:22:35.203Z","65696","1.9619791666667","0","33.434","925.29577464789","6"
"271","video","2018-05-29T20:21:09.898Z","2018-05-29T20:21:09.650Z","2018-05-29T20:21:09.733Z","2018-05-29T20:21:09.894Z","9405600","2","2","3893.089","58419.875776398","5"
"272","audio","2018-05-29T20:22:40.389Z","2018-05-29T20:22:40.161Z","2018-05-29T20:22:40.161Z","2018-05-29T20:22:40.334Z","65416","1.9619791666667","0","33.434","378.12716763006","6"
"273","video","2018-05-29T20:21:15.790Z","2018-05-29T20:21:14.988Z","2018-05-29T20:21:15.144Z","2018-05-29T20:21:15.772Z","7427432","2","2","3893.089","11827.121019108","5"
"274","audio","2018-05-29T20:22:46.054Z","2018-05-29T20:22:45.388Z","2018-05-29T20:22:45.388Z","2018-05-29T20:22:46.047Z","66192","1.9619791666667","0","33.434","100.44309559939","6"
"275","video","2018-05-29T20:21:18.466Z","2018-05-29T20:21:18.054Z","2018-05-29T20:21:18.240Z","2018-05-29T20:21:18.397Z","6933480","2","2","3893.089","44162.292993631","5"
"276","video","2018-05-29T20:21:19.453Z","2018-05-29T20:21:18.929Z","2018-05-29T20:21:19.161Z","2018-05-29T20:21:19.444Z","8737624","2","2","3893.089","30874.996466431","5"
"277","audio","2018-05-29T20:22:47.585Z","2018-05-29T20:22:47.504Z","2018-05-29T20:22:47.504Z","2018-05-29T20:22:47.583Z","64696","1.9619791666667","0","33.434","818.93670886076","6"
"278","video","2018-05-29T20:21:20.582Z","2018-05-29T20:21:20.174Z","2018-05-29T20:21:20.345Z","2018-05-29T20:21:20.580Z","8240384","2","2","3893.089","35065.463829787","5"
"279","audio","2018-05-29T20:22:48.470Z","2018-05-29T20:22:48.423Z","2018-05-29T20:22:48.423Z","2018-05-29T20:22:48.439Z","65944","1.9619791666667","0","33.434","4121.5","6"
"280","video","2018-05-29T20:21:27.850Z","2018-05-29T20:21:27.486Z","2018-05-29T20:21:27.590Z","2018-05-29T20:21:27.848Z","8127272","2","2","3893.089","31501.054263566","5"
"281","audio","2018-05-29T20:22:52.587Z","2018-05-29T20:22:52.494Z","2018-05-29T20:22:52.494Z","2018-05-29T20:22:52.580Z","65240","1.9619791666667","0","33.434","758.60465116279","6"
"282","video","2018-05-29T20:21:33.039Z","2018-05-29T20:21:32.455Z","2018-05-29T20:21:32.659Z","2018-05-29T20:21:33.015Z","6699480","2","2","3893.089","18818.764044944","5"
"283","audio","2018-05-29T20:22:52.995Z","2018-05-29T20:22:52.885Z","2018-05-29T20:22:52.885Z","2018-05-29T20:22:52.985Z","65592","1.9619791666667","0","33.434","655.92","6"
"284","video","2018-05-29T20:21:35.876Z","2018-05-29T20:21:35.307Z","2018-05-29T20:21:35.507Z","2018-05-29T20:21:35.848Z","5309688","2","2","3893.089","15570.93255132","5"
"285","audio","2018-05-29T20:22:58.048Z","2018-05-29T20:22:57.640Z","2018-05-29T20:22:57.640Z","2018-05-29T20:22:58.036Z","66096","1.9619791666667","0","33.434","166.90909090909","6"
"286","video","2018-05-29T20:21:37.900Z","2018-05-29T20:21:37.539Z","2018-05-29T20:21:37.612Z","2018-05-29T20:21:37.848Z","5658480","2","2","3893.089","23976.610169492","5"
"287","audio","2018-05-29T20:23:00.286Z","2018-05-29T20:22:59.955Z","2018-05-29T20:22:59.955Z","2018-05-29T20:23:00.238Z","65760","1.9619791666667","0","33.434","232.36749116608","6"
"288","video","2018-05-29T20:21:42.709Z","2018-05-29T20:21:42.457Z","2018-05-29T20:21:42.562Z","2018-05-29T20:21:42.706Z","4656144","2","2","3893.089","32334.333333333","5"
"289","audio","2018-05-29T20:23:01.270Z","2018-05-29T20:23:00.876Z","2018-05-29T20:23:00.876Z","2018-05-29T20:23:01.244Z","64760","1.9619791666667","0","33.434","175.97826086957","6"
"290","video","2018-05-29T20:21:43.320Z","2018-05-29T20:21:42.809Z","2018-05-29T20:21:42.838Z","2018-05-29T20:21:43.276Z","10407664","2","2","3893.089","23761.789954338","5"
"291","video","2018-05-29T20:21:48.170Z","2018-05-29T20:21:47.468Z","2018-05-29T20:21:47.613Z","2018-05-29T20:21:48.157Z","10536384","2","2","3893.089","19368.352941176","5"
"292","audio","2018-05-29T20:23:05.152Z","2018-05-29T20:23:04.961Z","2018-05-29T20:23:04.961Z","2018-05-29T20:23:05.140Z","65872","1.9619791666667","0","33.434","368","6"
"293","video","2018-05-29T20:21:50.598Z","2018-05-29T20:21:49.906Z","2018-05-29T20:21:50.228Z","2018-05-29T20:21:50.582Z","6653720","2","2","3893.089","18795.81920904","5"
"294","audio","2018-05-29T20:23:07.819Z","2018-05-29T20:23:07.609Z","2018-05-29T20:23:07.609Z","2018-05-29T20:23:07.769Z","65704","1.9619791666667","0","33.434","410.65","6"
"295","video","2018-05-29T20:21:52.758Z","2018-05-29T20:21:52.587Z","2018-05-29T20:21:52.656Z","2018-05-29T20:21:52.753Z","8196056","2","2","3893.089","84495.422680412","5"
"296","audio","2018-05-29T20:23:13.344Z","2018-05-29T20:23:12.968Z","2018-05-29T20:23:12.968Z","2018-05-29T20:23:13.324Z","65648","1.9619791666667","0","33.434","184.40449438202","6"
"297","video","2018-05-29T20:21:55.740Z","2018-05-29T20:21:54.905Z","2018-05-29T20:21:55.225Z","2018-05-29T20:21:55.738Z","8697248","2","2","3893.089","16953.699805068","5"
"298","audio","2018-05-29T20:23:17.701Z","2018-05-29T20:23:17.608Z","2018-05-29T20:23:17.608Z","2018-05-29T20:23:17.698Z","65808","1.9619791666667","0","33.434","731.2","6"
"299","video","2018-05-29T20:21:58.005Z","2018-05-29T20:21:57.222Z","2018-05-29T20:21:57.499Z","2018-05-29T20:21:57.908Z","8664232","2","2","3893.089","21183.941320293","5"
"300","audio","2018-05-29T20:23:18.784Z","2018-05-29T20:23:18.391Z","2018-05-29T20:23:18.391Z","2018-05-29T20:23:18.737Z","65096","1.9619791666667","0","33.434","188.1387283237","6"
"301","video","2018-05-29T20:22:00.917Z","2018-05-29T20:21:59.941Z","2018-05-29T20:22:00.112Z","2018-05-29T20:22:00.902Z","7793632","2","2","3893.089","9865.3569620253","5"
"302","audio","2018-05-29T20:23:22.491Z","2018-05-29T20:23:22.381Z","2018-05-29T20:23:22.381Z","2018-05-29T20:23:22.444Z","66168","1.9619791666667","0","33.434","1050.2857142857","6"
"303","video","2018-05-29T20:22:02.520Z","2018-05-29T20:22:02.367Z","2018-05-29T20:22:02.427Z","2018-05-29T20:22:02.516Z","6212216","2","2","3893.089","69800.179775281","5"
"304","audio","2018-05-29T20:23:25.113Z","2018-05-29T20:23:24.950Z","2018-05-29T20:23:24.950Z","2018-05-29T20:23:25.105Z","65960","1.9619791666667","0","33.434","425.54838709677","6"
"305","video","2018-05-29T20:22:05.214Z","2018-05-29T20:22:04.687Z","2018-05-29T20:22:04.748Z","2018-05-29T20:22:05.166Z","7310032","2","2","3893.089","17488.114832536","5"
"306","audio","2018-05-29T20:23:30.160Z","2018-05-29T20:23:29.865Z","2018-05-29T20:23:29.865Z","2018-05-29T20:23:30.129Z","65288","1.9619791666667","0","33.434","247.30303030303","6"
"307","video","2018-05-29T20:22:10.645Z","2018-05-29T20:22:09.855Z","2018-05-29T20:22:10.157Z","2018-05-29T20:22:10.640Z","7829008","2","2","3893.089","16209.126293996","5"
"308","audio","2018-05-29T20:23:33.017Z","2018-05-29T20:23:32.727Z","2018-05-29T20:23:32.727Z","2018-05-29T20:23:32.993Z","65496","1.9619791666667","0","33.434","246.22556390977","6"
"309","video","2018-05-29T20:22:13.737Z","2018-05-29T20:22:12.720Z","2018-05-29T20:22:12.983Z","2018-05-29T20:22:13.722Z","9349320","2","2","3893.089","12651.312584574","5"
"310","audio","2018-05-29T20:23:35.273Z","2018-05-29T20:23:35.092Z","2018-05-29T20:23:35.092Z","2018-05-29T20:23:35.249Z","65360","1.9619791666667","0","33.434","416.30573248408","6"
"311","video","2018-05-29T20:22:15.586Z","2018-05-29T20:22:15.058Z","2018-05-29T20:22:15.274Z","2018-05-29T20:22:15.584Z","9263712","2","2","3893.089","29882.941935484","5"
"312","audio","2018-05-29T20:23:37.665Z","2018-05-29T20:23:37.371Z","2018-05-29T20:23:37.371Z","2018-05-29T20:23:37.622Z","65496","1.9619791666667","0","33.434","260.94023904382","6"
"313","video","2018-05-29T20:22:20.644Z","2018-05-29T20:22:19.822Z","2018-05-29T20:22:20.013Z","2018-05-29T20:22:20.606Z","6952112","2","2","3893.089","11723.629005059","5"
"314","audio","2018-05-29T20:23:40.324Z","2018-05-29T20:23:40.223Z","2018-05-29T20:23:40.223Z","2018-05-29T20:23:40.319Z","65528","1.9619791666667","0","33.434","682.58333333333","6"
"315","video","2018-05-29T20:22:22.711Z","2018-05-29T20:22:22.379Z","2018-05-29T20:22:22.571Z","2018-05-29T20:22:22.702Z","7751952","2","2","3893.089","59175.20610687","5"
"316","audio","2018-05-29T20:23:42.821Z","2018-05-29T20:23:42.531Z","2018-05-29T20:23:42.531Z","2018-05-29T20:23:42.745Z","66088","1.9619791666667","0","33.434","308.82242990654","6"
"317","video","2018-05-29T20:22:25.647Z","2018-05-29T20:22:24.938Z","2018-05-29T20:22:25.039Z","2018-05-29T20:22:25.630Z","10373992","2","2","3893.089","17553.285956007","5"
"318","audio","2018-05-29T20:23:45.155Z","2018-05-29T20:23:44.762Z","2018-05-29T20:23:44.762Z","2018-05-29T20:23:45.065Z","65888","1.9619791666667","0","33.434","217.45214521452","6"
"319","video","2018-05-29T20:22:28.065Z","2018-05-29T20:22:27.459Z","2018-05-29T20:22:27.599Z","2018-05-29T20:22:28.013Z","5970832","2","2","3893.089","14422.299516908","5"
"320","audio","2018-05-29T20:23:50.333Z","2018-05-29T20:23:50.083Z","2018-05-29T20:23:50.083Z","2018-05-29T20:23:50.290Z","65832","1.9619791666667","0","33.434","318.02898550725","6"
"321","video","2018-05-29T20:22:31.592Z","2018-05-29T20:22:30.348Z","2018-05-29T20:22:30.560Z","2018-05-29T20:22:31.558Z","8160224","2","2","3893.089","8176.5771543086","5"
"322","audio","2018-05-29T20:23:51.286Z","2018-05-29T20:23:50.915Z","2018-05-29T20:23:50.915Z","2018-05-29T20:23:51.282Z","64808","1.9619791666667","0","33.434","176.58855585831","6"
"323","video","2018-05-29T20:22:33.180Z","2018-05-29T20:22:32.612Z","2018-05-29T20:22:32.817Z","2018-05-29T20:22:33.165Z","8610224","2","2","3893.089","24742.022988506","5"
"324","audio","2018-05-29T20:23:52.710Z","2018-05-29T20:23:52.455Z","2018-05-29T20:23:52.455Z","2018-05-29T20:23:52.701Z","65128","1.9619791666667","0","33.434","264.74796747967","6"
"325","video","2018-05-29T20:22:34.169Z","2018-05-29T20:22:33.777Z","2018-05-29T20:22:33.844Z","2018-05-29T20:22:34.160Z","8230136","2","2","3893.089","26044.734177215","5"
"326","audio","2018-05-29T20:23:57.881Z","2018-05-29T20:23:57.579Z","2018-05-29T20:23:57.579Z","2018-05-29T20:23:57.823Z","66224","1.9619791666667","0","33.434","271.40983606557","6"
"327","video","2018-05-29T20:22:40.711Z","2018-05-29T20:22:40.130Z","2018-05-29T20:22:40.200Z","2018-05-29T20:22:40.658Z","7458160","2","2","3893.089","16284.192139738","5"
"328","audio","2018-05-29T20:24:00.957Z","2018-05-29T20:24:00.550Z","2018-05-29T20:24:00.550Z","2018-05-29T20:24:00.772Z","65408","1.9619791666667","0","33.434","294.63063063063","6"
"329","video","2018-05-29T20:22:43.595Z","2018-05-29T20:22:43.157Z","2018-05-29T20:22:43.229Z","2018-05-29T20:22:43.564Z","6394376","2","2","3893.089","19087.689552239","5"
"330","audio","2018-05-29T20:24:07.653Z","2018-05-29T20:24:07.344Z","2018-05-29T20:24:07.344Z","2018-05-29T20:24:07.628Z","65296","1.9619791666667","0","33.434","229.91549295775","6"
"331","video","2018-05-29T20:22:46.606Z","2018-05-29T20:22:45.282Z","2018-05-29T20:22:45.642Z","2018-05-29T20:22:46.591Z","9360696","2","2","3893.089","9863.7471022129","5"
"332","audio","2018-05-29T20:24:10.185Z","2018-05-29T20:24:10.017Z","2018-05-29T20:24:10.017Z","2018-05-29T20:24:10.182Z","65928","1.9619791666667","0","33.434","399.56363636364","6"
"333","video","2018-05-29T20:22:47.913Z","2018-05-29T20:22:47.473Z","2018-05-29T20:22:47.575Z","2018-05-29T20:22:47.855Z","7003024","2","2","3893.089","25010.8","5"
"334","audio","2018-05-29T20:24:11.194Z","2018-05-29T20:24:10.807Z","2018-05-29T20:24:10.807Z","2018-05-29T20:24:10.992Z","65664","1.9619791666667","0","33.434","354.94054054054","6"
"335","video","2018-05-29T20:22:52.693Z","2018-05-29T20:22:52.422Z","2018-05-29T20:22:52.548Z","2018-05-29T20:22:52.686Z","4869184","2","2","3893.089","35283.942028986","5"
"336","audio","2018-05-29T20:24:13.597Z","2018-05-29T20:24:13.210Z","2018-05-29T20:24:13.210Z","2018-05-29T20:24:13.593Z","65216","1.9619791666667","0","33.434","170.27676240209","6"
"337","video","2018-05-29T20:22:55.182Z","2018-05-29T20:22:54.696Z","2018-05-29T20:22:54.737Z","2018-05-29T20:22:55.172Z","8564768","2","2","3893.089","19689.12183908","5"
"338","audio","2018-05-29T20:24:16.509Z","2018-05-29T20:24:16.092Z","2018-05-29T20:24:16.092Z","2018-05-29T20:24:16.440Z","65560","1.9619791666667","0","33.434","188.3908045977","6"
"339","video","2018-05-29T20:22:58.410Z","2018-05-29T20:22:57.623Z","2018-05-29T20:22:57.968Z","2018-05-29T20:22:58.408Z","8713096","2","2","3893.089","19802.490909091","5"
"340","audio","2018-05-29T20:24:25.098Z","2018-05-29T20:24:24.903Z","2018-05-29T20:24:24.903Z","2018-05-29T20:24:25.077Z","65552","1.9619791666667","0","33.434","376.73563218391","6"
"341","video","2018-05-29T20:23:01.103Z","2018-05-29T20:22:59.945Z","2018-05-29T20:23:00.163Z","2018-05-29T20:23:01.100Z","8439416","2","2","3893.089","9006.8473852721","5"
"342","audio","2018-05-29T20:24:30.244Z","2018-05-29T20:24:29.962Z","2018-05-29T20:24:29.962Z","2018-05-29T20:24:30.206Z","65296","1.9619791666667","0","33.434","267.60655737705","6"
"343","video","2018-05-29T20:23:02.919Z","2018-05-29T20:23:02.565Z","2018-05-29T20:23:02.627Z","2018-05-29T20:23:02.841Z","8754720","2","2","3893.089","40909.906542056","5"
"344","audio","2018-05-29T20:24:33.253Z","2018-05-29T20:24:32.996Z","2018-05-29T20:24:32.996Z","2018-05-29T20:24:33.235Z","65712","1.9619791666667","0","33.434","274.94560669456","6"
"345","video","2018-05-29T20:23:05.347Z","2018-05-29T20:23:04.916Z","2018-05-29T20:23:04.985Z","2018-05-29T20:23:05.337Z","7598928","2","2","3893.089","21587.863636364","5"
"346","audio","2018-05-29T20:24:33.752Z","2018-05-29T20:24:33.640Z","2018-05-29T20:24:33.640Z","2018-05-29T20:24:33.740Z","65712","1.9619791666667","0","33.434","657.12","6"
"347","video","2018-05-29T20:23:10.888Z","2018-05-29T20:23:10.182Z","2018-05-29T20:23:10.391Z","2018-05-29T20:23:10.833Z","8999160","2","2","3893.089","20360.090497738","5"
"348","audio","2018-05-29T20:24:38.559Z","2018-05-29T20:24:37.897Z","2018-05-29T20:24:37.897Z","2018-05-29T20:24:38.360Z","65632","1.9619791666667","0","33.434","141.75377969762","6"
"349","video","2018-05-29T20:23:13.842Z","2018-05-29T20:23:12.773Z","2018-05-29T20:23:13.093Z","2018-05-29T20:23:13.820Z","8309344","2","2","3893.089","11429.634112792","5"
"350","audio","2018-05-29T20:24:40.531Z","2018-05-29T20:24:40.312Z","2018-05-29T20:24:40.312Z","2018-05-29T20:24:40.521Z","65080","1.9619791666667","0","33.434","311.38755980861","6"
"351","video","2018-05-29T20:23:16.233Z","2018-05-29T20:23:15.042Z","2018-05-29T20:23:15.680Z","2018-05-29T20:23:16.230Z","8261288","2","2","3893.089","15020.523636364","5"
"352","audio","2018-05-29T20:24:41.641Z","2018-05-29T20:24:41.524Z","2018-05-29T20:24:41.524Z","2018-05-29T20:24:41.639Z","66240","1.9619791666667","0","33.434","576","6"
"353","video","2018-05-29T20:23:18.083Z","2018-05-29T20:23:17.604Z","2018-05-29T20:23:17.689Z","2018-05-29T20:23:18.080Z","6165256","2","2","3893.089","15767.918158568","5"
"354","video","2018-05-29T20:23:25.556Z","2018-05-29T20:23:24.933Z","2018-05-29T20:23:25.017Z","2018-05-29T20:23:25.523Z","8333384","2","2","3893.089","16469.138339921","5"
"355","audio","2018-05-29T20:24:45.258Z","2018-05-29T20:24:44.987Z","2018-05-29T20:24:44.987Z","2018-05-29T20:24:45.223Z","65424","1.9619791666667","0","33.434","277.22033898305","6"
"356","video","2018-05-29T20:23:27.909Z","2018-05-29T20:23:27.390Z","2018-05-29T20:23:27.560Z","2018-05-29T20:23:27.897Z","9632520","2","2","3893.089","28583.145400593","5"
"357","audio","2018-05-29T20:24:47.933Z","2018-05-29T20:24:47.713Z","2018-05-29T20:24:47.713Z","2018-05-29T20:24:47.864Z","65328","1.9619791666667","0","33.434","432.6357615894","6"
"358","video","2018-05-29T20:23:33.398Z","2018-05-29T20:23:32.593Z","2018-05-29T20:23:32.830Z","2018-05-29T20:23:33.357Z","5121592","2","2","3893.089","9718.3908918406","5"
"359","audio","2018-05-29T20:24:48.530Z","2018-05-29T20:24:48.411Z","2018-05-29T20:24:48.411Z","2018-05-29T20:24:48.512Z","65520","1.9619791666667","0","33.434","648.71287128713","6"
"360","video","2018-05-29T20:23:35.722Z","2018-05-29T20:23:35.041Z","2018-05-29T20:23:35.151Z","2018-05-29T20:23:35.684Z","9229472","2","2","3893.089","17316.082551595","5"
"361","audio","2018-05-29T20:24:50.847Z","2018-05-29T20:24:50.470Z","2018-05-29T20:24:50.470Z","2018-05-29T20:24:50.841Z","64904","1.9619791666667","0","33.434","174.94339622642","6"
"362","video","2018-05-29T20:23:37.784Z","2018-05-29T20:23:37.362Z","2018-05-29T20:23:37.527Z","2018-05-29T20:23:37.774Z","8584496","2","2","3893.089","34755.044534413","5"
"363","audio","2018-05-29T20:24:52.330Z","2018-05-29T20:24:52.189Z","2018-05-29T20:24:52.189Z","2018-05-29T20:24:52.307Z","66056","1.9619791666667","0","33.434","559.79661016949","6"
"364","video","2018-05-29T20:23:38.281Z","2018-05-29T20:23:37.982Z","2018-05-29T20:23:38.045Z","2018-05-29T20:23:38.272Z","8947984","2","2","3893.089","39418.431718062","5"
"365","audio","2018-05-29T20:25:00.293Z","2018-05-29T20:24:59.926Z","2018-05-29T20:24:59.926Z","2018-05-29T20:25:00.283Z","65560","1.9619791666667","0","33.434","183.64145658263","6"
"366","video","2018-05-29T20:23:43.038Z","2018-05-29T20:23:42.491Z","2018-05-29T20:23:42.741Z","2018-05-29T20:23:43.036Z","7110696","2","2","3893.089","24104.054237288","5"
"367","audio","2018-05-29T20:25:03.082Z","2018-05-29T20:25:02.585Z","2018-05-29T20:25:02.585Z","2018-05-29T20:25:03.080Z","66208","1.9619791666667","0","33.434","133.75353535354","6"
"368","video","2018-05-29T20:23:45.444Z","2018-05-29T20:23:44.750Z","2018-05-29T20:23:44.911Z","2018-05-29T20:23:45.432Z","5614432","2","2","3893.089","10776.261036468","5"
"369","audio","2018-05-29T20:25:05.611Z","2018-05-29T20:25:05.225Z","2018-05-29T20:25:05.225Z","2018-05-29T20:25:05.605Z","65760","1.9619791666667","0","33.434","173.05263157895","6"
"370","video","2018-05-29T20:23:48.308Z","2018-05-29T20:23:47.842Z","2018-05-29T20:23:48.193Z","2018-05-29T20:23:48.282Z","5548568","2","2","3893.089","62343.460674157","5"
"371","audio","2018-05-29T20:25:06.405Z","2018-05-29T20:25:06.206Z","2018-05-29T20:25:06.206Z","2018-05-29T20:25:06.357Z","65144","1.9619791666667","0","33.434","431.41721854305","6"
"372","video","2018-05-29T20:23:50.705Z","2018-05-29T20:23:50.012Z","2018-05-29T20:23:50.262Z","2018-05-29T20:23:50.689Z","6447552","2","2","3893.089","15099.653395785","5"
"373","audio","2018-05-29T20:25:07.823Z","2018-05-29T20:25:07.545Z","2018-05-29T20:25:07.545Z","2018-05-29T20:25:07.820Z","65696","1.9619791666667","0","33.434","238.89454545455","6"
"374","video","2018-05-29T20:23:52.966Z","2018-05-29T20:23:52.443Z","2018-05-29T20:23:52.528Z","2018-05-29T20:23:52.941Z","7119160","2","2","3893.089","17237.675544794","5"
"375","audio","2018-05-29T20:25:10.326Z","2018-05-29T20:25:10.149Z","2018-05-29T20:25:10.149Z","2018-05-29T20:25:10.289Z","66136","1.9619791666667","0","33.434","472.4","6"
"376","video","2018-05-29T20:23:58.419Z","2018-05-29T20:23:57.422Z","2018-05-29T20:23:57.798Z","2018-05-29T20:23:58.405Z","8388088","2","2","3893.089","13818.925864909","5"
"377","audio","2018-05-29T20:25:13.009Z","2018-05-29T20:25:12.715Z","2018-05-29T20:25:12.715Z","2018-05-29T20:25:12.971Z","65160","1.9619791666667","0","33.434","254.53125","6"
"378","video","2018-05-29T20:24:01.344Z","2018-05-29T20:24:00.413Z","2018-05-29T20:24:00.708Z","2018-05-29T20:24:01.304Z","5041984","2","2","3893.089","8459.7046979866","5"
"379","audio","2018-05-29T20:25:15.761Z","2018-05-29T20:25:15.367Z","2018-05-29T20:25:15.367Z","2018-05-29T20:25:15.675Z","65808","1.9619791666667","0","33.434","213.66233766234","6"
"380","video","2018-05-29T20:24:03.357Z","2018-05-29T20:24:02.788Z","2018-05-29T20:24:02.954Z","2018-05-29T20:24:03.323Z","6478544","2","2","3893.089","17557.029810298","5"
"381","audio","2018-05-29T20:25:17.906Z","2018-05-29T20:25:17.850Z","2018-05-29T20:25:17.850Z","2018-05-29T20:25:17.902Z","65272","1.9619791666667","0","33.434","1255.2307692308","6"
"382","video","2018-05-29T20:24:08.018Z","2018-05-29T20:24:07.316Z","2018-05-29T20:24:07.495Z","2018-05-29T20:24:07.992Z","4267312","2","2","3893.089","8586.1408450704","5"
"383","audio","2018-05-29T20:25:21.099Z","2018-05-29T20:25:20.612Z","2018-05-29T20:25:20.612Z","2018-05-29T20:25:21.072Z","65656","1.9619791666667","0","33.434","142.73043478261","6"
"384","video","2018-05-29T20:24:10.282Z","2018-05-29T20:24:09.997Z","2018-05-29T20:24:10.042Z","2018-05-29T20:24:10.276Z","7586880","2","2","3893.089","32422.564102564","5"
"385","audio","2018-05-29T20:25:23.057Z","2018-05-29T20:25:22.657Z","2018-05-29T20:25:22.657Z","2018-05-29T20:25:22.993Z","65504","1.9619791666667","0","33.434","194.95238095238","6"
"386","video","2018-05-29T20:24:14.974Z","2018-05-29T20:24:13.164Z","2018-05-29T20:24:13.463Z","2018-05-29T20:24:14.824Z","8695168","2","2","3893.089","6388.8082292432","5"
"387","audio","2018-05-29T20:25:27.773Z","2018-05-29T20:25:27.507Z","2018-05-29T20:25:27.507Z","2018-05-29T20:25:27.722Z","65488","1.9619791666667","0","33.434","304.59534883721","6"
"388","video","2018-05-29T20:24:16.653Z","2018-05-29T20:24:16.079Z","2018-05-29T20:24:16.195Z","2018-05-29T20:24:16.618Z","8146056","2","2","3893.089","19257.815602837","5"
"389","audio","2018-05-29T20:25:30.190Z","2018-05-29T20:25:29.952Z","2018-05-29T20:25:29.952Z","2018-05-29T20:25:30.124Z","65296","1.9619791666667","0","33.434","379.62790697674","6"
"390","video","2018-05-29T20:24:19.874Z","2018-05-29T20:24:19.548Z","2018-05-29T20:24:19.579Z","2018-05-29T20:24:19.831Z","9276712","2","2","3893.089","36812.349206349","5"
"391","audio","2018-05-29T20:25:32.878Z","2018-05-29T20:25:32.434Z","2018-05-29T20:25:32.434Z","2018-05-29T20:25:32.820Z","65968","1.9619791666667","0","33.434","170.90155440415","6"
"392","video","2018-05-29T20:24:25.372Z","2018-05-29T20:24:24.837Z","2018-05-29T20:24:24.986Z","2018-05-29T20:24:25.353Z","7330144","2","2","3893.089","19973.144414169","5"
"393","audio","2018-05-29T20:25:35.289Z","2018-05-29T20:25:35.120Z","2018-05-29T20:25:35.120Z","2018-05-29T20:25:35.285Z","66584","1.9619791666667","0","33.434","403.53939393939","6"
"394","video","2018-05-29T20:24:30.695Z","2018-05-29T20:24:29.946Z","2018-05-29T20:24:30.014Z","2018-05-29T20:24:30.676Z","10584096","2","2","3893.089","15988.060422961","5"
"395","audio","2018-05-29T20:25:37.549Z","2018-05-29T20:25:37.353Z","2018-05-29T20:25:37.353Z","2018-05-29T20:25:37.459Z","64888","1.9619791666667","0","33.434","612.15094339623","6"
"396","video","2018-05-29T20:24:33.394Z","2018-05-29T20:24:32.944Z","2018-05-29T20:24:33.138Z","2018-05-29T20:24:33.370Z","7763880","2","2","3893.089","33465","5"
"397","audio","2018-05-29T20:25:42.696Z","2018-05-29T20:25:42.508Z","2018-05-29T20:25:42.508Z","2018-05-29T20:25:42.664Z","65904","1.9619791666667","0","33.434","422.46153846154","6"
"398","video","2018-05-29T20:24:39.011Z","2018-05-29T20:24:37.829Z","2018-05-29T20:24:38.005Z","2018-05-29T20:24:38.937Z","7330816","2","2","3893.089","7865.6824034335","5"
"399","audio","2018-05-29T20:25:43.528Z","2018-05-29T20:25:43.192Z","2018-05-29T20:25:43.192Z","2018-05-29T20:25:43.457Z","65568","1.9619791666667","0","33.434","247.42641509434","6"
"400","video","2018-05-29T20:24:40.685Z","2018-05-29T20:24:40.258Z","2018-05-29T20:24:40.400Z","2018-05-29T20:24:40.664Z","6768736","2","2","3893.089","25639.151515152","5"
"401","audio","2018-05-29T20:25:45.237Z","2018-05-29T20:25:45.080Z","2018-05-29T20:25:45.080Z","2018-05-29T20:25:45.210Z","65352","1.9619791666667","0","33.434","502.70769230769","6"
"402","video","2018-05-29T20:24:43.041Z","2018-05-29T20:24:41.773Z","2018-05-29T20:24:41.949Z","2018-05-29T20:24:43.019Z","7456104","2","2","3893.089","6968.3214953271","5"
"403","audio","2018-05-29T20:25:47.883Z","2018-05-29T20:25:47.394Z","2018-05-29T20:25:47.394Z","2018-05-29T20:25:47.857Z","65480","1.9619791666667","0","33.434","141.42548596112","6"
"404","video","2018-05-29T20:24:43.897Z","2018-05-29T20:24:42.880Z","2018-05-29T20:24:43.230Z","2018-05-29T20:24:43.876Z","9362552","2","2","3893.089","14493.114551084","5"
"405","audio","2018-05-29T20:25:50.139Z","2018-05-29T20:25:49.908Z","2018-05-29T20:25:49.908Z","2018-05-29T20:25:50.118Z","65384","1.9619791666667","0","33.434","311.35238095238","6"
"406","video","2018-05-29T20:24:45.761Z","2018-05-29T20:24:44.979Z","2018-05-29T20:24:45.143Z","2018-05-29T20:24:45.700Z","8727880","2","2","3893.089","15669.443447038","5"
"407","audio","2018-05-29T20:25:57.503Z","2018-05-29T20:25:57.384Z","2018-05-29T20:25:57.384Z","2018-05-29T20:25:57.458Z","65536","1.9619791666667","0","33.434","885.62162162162","6"
"408","video","2018-05-29T20:24:48.282Z","2018-05-29T20:24:47.709Z","2018-05-29T20:24:47.798Z","2018-05-29T20:24:48.240Z","8337320","2","2","3893.089","18862.714932127","5"
"409","audio","2018-05-29T20:26:02.506Z","2018-05-29T20:26:02.296Z","2018-05-29T20:26:02.296Z","2018-05-29T20:26:02.454Z","66096","1.9619791666667","0","33.434","418.32911392405","6"
"410","video","2018-05-29T20:24:51.129Z","2018-05-29T20:24:50.467Z","2018-05-29T20:24:50.709Z","2018-05-29T20:24:51.086Z","8511320","2","2","3893.089","22576.445623342","5"
"411","audio","2018-05-29T20:26:05.594Z","2018-05-29T20:26:04.941Z","2018-05-29T20:26:04.941Z","2018-05-29T20:26:05.563Z","65400","1.9619791666667","0","33.434","105.14469453376","6"
"412","video","2018-05-29T20:24:52.894Z","2018-05-29T20:24:52.183Z","2018-05-29T20:24:52.359Z","2018-05-29T20:24:52.889Z","6917488","2","2","3893.089","13051.864150943","5"
"413","audio","2018-05-29T20:26:07.634Z","2018-05-29T20:26:07.397Z","2018-05-29T20:26:07.397Z","2018-05-29T20:26:07.619Z","65696","1.9619791666667","0","33.434","295.92792792793","6"
"414","video","2018-05-29T20:24:57.858Z","2018-05-29T20:24:57.562Z","2018-05-29T20:24:57.744Z","2018-05-29T20:24:57.855Z","5056040","2","2","3893.089","45549.90990991","5"
"415","audio","2018-05-29T20:26:08.592Z","2018-05-29T20:26:08.129Z","2018-05-29T20:26:08.129Z","2018-05-29T20:26:08.514Z","65288","1.9619791666667","0","33.434","169.57922077922","6"
"416","video","2018-05-29T20:25:00.732Z","2018-05-29T20:24:59.870Z","2018-05-29T20:25:00.034Z","2018-05-29T20:25:00.713Z","10477608","2","2","3893.089","15430.939617084","5"
"417","audio","2018-05-29T20:26:15.443Z","2018-05-29T20:26:15.167Z","2018-05-29T20:26:15.167Z","2018-05-29T20:26:15.391Z","65376","1.9619791666667","0","33.434","291.85714285714","6"
"418","video","2018-05-29T20:25:03.650Z","2018-05-29T20:25:02.539Z","2018-05-29T20:25:02.867Z","2018-05-29T20:25:03.633Z","10703664","2","2","3893.089","13973.451697128","5"
"419","audio","2018-05-29T20:26:16.267Z","2018-05-29T20:26:16.078Z","2018-05-29T20:26:16.078Z","2018-05-29T20:26:16.259Z","66008","1.9619791666667","0","33.434","364.68508287293","6"
"420","video","2018-05-29T20:25:05.814Z","2018-05-29T20:25:05.188Z","2018-05-29T20:25:05.435Z","2018-05-29T20:25:05.811Z","6380856","2","2","3893.089","16970.361702128","5"
"421","audio","2018-05-29T20:26:20.610Z","2018-05-29T20:26:20.313Z","2018-05-29T20:26:20.313Z","2018-05-29T20:26:20.569Z","65432","1.9619791666667","0","33.434","255.59375","6"
"422","video","2018-05-29T20:25:07.516Z","2018-05-29T20:25:06.661Z","2018-05-29T20:25:06.798Z","2018-05-29T20:25:07.437Z","10444872","2","2","3893.089","16345.65258216","5"
"423","audio","2018-05-29T20:26:21.113Z","2018-05-29T20:26:20.981Z","2018-05-29T20:26:20.981Z","2018-05-29T20:26:21.092Z","65600","1.9619791666667","0","33.434","590.99099099099","6"
"424","video","2018-05-29T20:25:13.453Z","2018-05-29T20:25:12.576Z","2018-05-29T20:25:12.778Z","2018-05-29T20:25:13.449Z","5181352","2","2","3893.089","7721.8360655738","5"
"425","audio","2018-05-29T20:26:23.585Z","2018-05-29T20:26:23.095Z","2018-05-29T20:26:23.095Z","2018-05-29T20:26:23.526Z","65776","1.9619791666667","0","33.434","152.61252900232","6"
"426","video","2018-05-29T20:25:14.581Z","2018-05-29T20:25:13.869Z","2018-05-29T20:25:14.125Z","2018-05-29T20:25:14.534Z","7200752","2","2","3893.089","17605.750611247","5"
"427","audio","2018-05-29T20:26:28.128Z","2018-05-29T20:26:27.765Z","2018-05-29T20:26:27.765Z","2018-05-29T20:26:28.072Z","65352","1.9619791666667","0","33.434","212.87296416938","6"
"428","video","2018-05-29T20:25:16.549Z","2018-05-29T20:25:15.327Z","2018-05-29T20:25:15.438Z","2018-05-29T20:25:16.530Z","12481760","2","2","3893.089","11430.183150183","5"
"429","audio","2018-05-29T20:26:30.161Z","2018-05-29T20:26:29.792Z","2018-05-29T20:26:29.792Z","2018-05-29T20:26:30.050Z","65680","1.9619791666667","0","33.434","254.57364341085","6"
"430","video","2018-05-29T20:25:18.089Z","2018-05-29T20:25:17.837Z","2018-05-29T20:25:17.886Z","2018-05-29T20:25:18.042Z","5567512","2","2","3893.089","35689.179487179","5"
"431","audio","2018-05-29T20:26:35.616Z","2018-05-29T20:26:35.345Z","2018-05-29T20:26:35.345Z","2018-05-29T20:26:35.584Z","65728","1.9619791666667","0","33.434","275.01255230126","6"
"432","video","2018-05-29T20:25:19.840Z","2018-05-29T20:25:19.191Z","2018-05-29T20:25:19.479Z","2018-05-29T20:25:19.818Z","7381280","2","2","3893.089","21773.687315634","5"
"433","audio","2018-05-29T20:26:36.066Z","2018-05-29T20:26:35.930Z","2018-05-29T20:26:35.930Z","2018-05-29T20:26:36.058Z","65856","1.9619791666667","0","33.434","514.5","6"
"434","video","2018-05-29T20:25:21.959Z","2018-05-29T20:25:20.533Z","2018-05-29T20:25:20.997Z","2018-05-29T20:25:21.957Z","5089864","2","2","3893.089","5301.9416666667","5"
"435","audio","2018-05-29T20:26:37.572Z","2018-05-29T20:26:37.372Z","2018-05-29T20:26:37.372Z","2018-05-29T20:26:37.550Z","65464","1.9619791666667","0","33.434","367.77528089888","6"
"436","video","2018-05-29T20:25:23.127Z","2018-05-29T20:25:22.651Z","2018-05-29T20:25:22.903Z","2018-05-29T20:25:23.123Z","3651240","2","2","3893.089","16596.545454545","5"
"437","audio","2018-05-29T20:26:42.953Z","2018-05-29T20:26:42.849Z","2018-05-29T20:26:42.849Z","2018-05-29T20:26:42.947Z","65392","1.9619791666667","0","33.434","667.26530612245","6"
"438","video","2018-05-29T20:25:24.690Z","2018-05-29T20:25:23.839Z","2018-05-29T20:25:24.036Z","2018-05-29T20:25:24.687Z","12073704","2","2","3893.089","18546.396313364","5"
"439","audio","2018-05-29T20:26:44.200Z","2018-05-29T20:26:43.829Z","2018-05-29T20:26:43.829Z","2018-05-29T20:26:44.179Z","65736","1.9619791666667","0","33.434","187.81714285714","6"
"440","video","2018-05-29T20:25:33.043Z","2018-05-29T20:25:32.370Z","2018-05-29T20:25:32.585Z","2018-05-29T20:25:33.036Z","10009432","2","2","3893.089","22193.862527716","5"
"441","audio","2018-05-29T20:26:45.003Z","2018-05-29T20:26:44.952Z","2018-05-29T20:26:44.952Z","2018-05-29T20:26:45.000Z","65408","1.9619791666667","0","33.434","1362.6666666667","6"
"442","video","2018-05-29T20:25:35.313Z","2018-05-29T20:25:35.056Z","2018-05-29T20:25:35.219Z","2018-05-29T20:25:35.301Z","4267184","2","2","3893.089","52038.829268293","5"
"443","audio","2018-05-29T20:26:50.181Z","2018-05-29T20:26:50.040Z","2018-05-29T20:26:50.040Z","2018-05-29T20:26:50.154Z","65920","1.9619791666667","0","33.434","578.24561403509","6"
"444","video","2018-05-29T20:25:37.736Z","2018-05-29T20:25:37.349Z","2018-05-29T20:25:37.452Z","2018-05-29T20:25:37.693Z","4839568","2","2","3893.089","20081.195020747","5"
"445","audio","2018-05-29T20:26:52.799Z","2018-05-29T20:26:52.547Z","2018-05-29T20:26:52.547Z","2018-05-29T20:26:52.772Z","65152","1.9619791666667","0","33.434","289.56444444444","6"
"446","video","2018-05-29T20:25:42.976Z","2018-05-29T20:25:42.425Z","2018-05-29T20:25:42.595Z","2018-05-29T20:25:42.970Z","7868432","2","2","3893.089","20982.485333333","5"
"447","audio","2018-05-29T20:26:56.913Z","2018-05-29T20:26:56.126Z","2018-05-29T20:26:56.126Z","2018-05-29T20:26:56.911Z","66096","1.9619791666667","0","33.434","84.19872611465","6"
"448","video","2018-05-29T20:25:45.458Z","2018-05-29T20:25:45.040Z","2018-05-29T20:25:45.099Z","2018-05-29T20:25:45.398Z","12536304","2","2","3893.089","41927.43812709","5"
"449","audio","2018-05-29T20:26:58.780Z","2018-05-29T20:26:58.119Z","2018-05-29T20:26:58.119Z","2018-05-29T20:26:58.747Z","65352","1.9619791666667","0","33.434","104.06369426752","6"
"450","video","2018-05-29T20:25:45.979Z","2018-05-29T20:25:45.630Z","2018-05-29T20:25:45.775Z","2018-05-29T20:25:45.953Z","3915664","2","2","3893.089","21998.112359551","5"
"451","audio","2018-05-29T20:26:59.533Z","2018-05-29T20:26:59.398Z","2018-05-29T20:26:59.398Z","2018-05-29T20:26:59.530Z","65984","1.9619791666667","0","33.434","499.87878787879","6"
"452","video","2018-05-29T20:25:48.549Z","2018-05-29T20:25:47.389Z","2018-05-29T20:25:47.795Z","2018-05-29T20:25:48.546Z","9506552","2","2","3893.089","12658.524633822","5"
"453","audio","2018-05-29T20:27:07.279Z","2018-05-29T20:27:07.156Z","2018-05-29T20:27:07.156Z","2018-05-29T20:27:07.268Z","65288","1.9619791666667","0","33.434","582.92857142857","6"
"454","video","2018-05-29T20:25:50.574Z","2018-05-29T20:25:49.900Z","2018-05-29T20:25:49.923Z","2018-05-29T20:25:50.534Z","10460160","2","2","3893.089","17119.738134206","5"
"455","audio","2018-05-29T20:27:10.357Z","2018-05-29T20:27:09.924Z","2018-05-29T20:27:09.924Z","2018-05-29T20:27:10.322Z","65104","1.9619791666667","0","33.434","163.57788944724","6"
"456","video","2018-05-29T20:25:57.708Z","2018-05-29T20:25:57.380Z","2018-05-29T20:25:57.409Z","2018-05-29T20:25:57.693Z","4803624","2","2","3893.089","16914.169014085","5"
"457","audio","2018-05-29T20:27:10.887Z","2018-05-29T20:27:10.788Z","2018-05-29T20:27:10.788Z","2018-05-29T20:27:10.881Z","65760","1.9619791666667","0","33.434","707.09677419355","6"
"458","video","2018-05-29T20:26:01.038Z","2018-05-29T20:26:00.432Z","2018-05-29T20:26:00.624Z","2018-05-29T20:26:01.035Z","10184896","2","2","3893.089","24780.768856448","5"
"459","audio","2018-05-29T20:27:13.589Z","2018-05-29T20:27:13.296Z","2018-05-29T20:27:13.296Z","2018-05-29T20:27:13.569Z","65568","1.9619791666667","0","33.434","240.17582417582","6"
"460","video","2018-05-29T20:26:02.933Z","2018-05-29T20:26:02.231Z","2018-05-29T20:26:02.371Z","2018-05-29T20:26:02.931Z","7387448","2","2","3893.089","13191.871428571","5"
"461","audio","2018-05-29T20:27:15.138Z","2018-05-29T20:27:15.035Z","2018-05-29T20:27:15.035Z","2018-05-29T20:27:15.120Z","65464","1.9619791666667","0","33.434","770.16470588235","6"
"462","video","2018-05-29T20:26:07.879Z","2018-05-29T20:26:07.352Z","2018-05-29T20:26:07.551Z","2018-05-29T20:26:07.873Z","9449608","2","2","3893.089","29346.608695652","5"
"463","audio","2018-05-29T20:27:20.146Z","2018-05-29T20:27:19.989Z","2018-05-29T20:27:19.989Z","2018-05-29T20:27:20.104Z","65640","1.9619791666667","0","33.434","570.78260869565","6"
"464","video","2018-05-29T20:26:10.476Z","2018-05-29T20:26:09.990Z","2018-05-29T20:26:10.123Z","2018-05-29T20:26:10.430Z","7992736","2","2","3893.089","26034.970684039","5"
"465","audio","2018-05-29T20:27:23.097Z","2018-05-29T20:27:22.822Z","2018-05-29T20:27:22.822Z","2018-05-29T20:27:23.069Z","65752","1.9619791666667","0","33.434","266.2024291498","6"
"466","video","2018-05-29T20:26:15.706Z","2018-05-29T20:26:15.097Z","2018-05-29T20:26:15.227Z","2018-05-29T20:26:15.677Z","7944280","2","2","3893.089","17653.955555556","5"
"467","audio","2018-05-29T20:27:25.365Z","2018-05-29T20:27:25.098Z","2018-05-29T20:27:25.098Z","2018-05-29T20:27:25.358Z","65424","1.9619791666667","0","33.434","251.63076923077","6"
"468","video","2018-05-29T20:26:17.465Z","2018-05-29T20:26:17.378Z","2018-05-29T20:26:17.412Z","2018-05-29T20:26:17.455Z","4447880","2","2","3893.089","103439.06976744","5"
"469","audio","2018-05-29T20:27:27.810Z","2018-05-29T20:27:27.627Z","2018-05-29T20:27:27.627Z","2018-05-29T20:27:27.729Z","65808","1.9619791666667","0","33.434","645.17647058824","6"
"470","video","2018-05-29T20:26:20.898Z","2018-05-29T20:26:20.293Z","2018-05-29T20:26:20.360Z","2018-05-29T20:26:20.893Z","7947456","2","2","3893.089","14910.799249531","5"
"471","audio","2018-05-29T20:27:31.149Z","2018-05-29T20:27:30.622Z","2018-05-29T20:27:30.622Z","2018-05-29T20:27:31.120Z","65576","1.9619791666667","0","33.434","131.67871485944","6"
"472","video","2018-05-29T20:26:23.915Z","2018-05-29T20:26:22.913Z","2018-05-29T20:26:23.353Z","2018-05-29T20:26:23.856Z","7394608","2","2","3893.089","14701.009940358","5"
"473","audio","2018-05-29T20:27:32.706Z","2018-05-29T20:27:32.379Z","2018-05-29T20:27:32.379Z","2018-05-29T20:27:32.560Z","65296","1.9619791666667","0","33.434","360.75138121547","6"
"474","video","2018-05-29T20:26:25.256Z","2018-05-29T20:26:24.807Z","2018-05-29T20:26:24.847Z","2018-05-29T20:26:25.238Z","10780664","2","2","3893.089","27572.030690537","5"
"475","audio","2018-05-29T20:27:37.342Z","2018-05-29T20:27:37.293Z","2018-05-29T20:27:37.293Z","2018-05-29T20:27:37.339Z","65176","1.9619791666667","0","33.434","1416.8695652174","6"
"476","video","2018-05-29T20:26:30.612Z","2018-05-29T20:26:29.759Z","2018-05-29T20:26:29.988Z","2018-05-29T20:26:30.576Z","7760520","2","2","3893.089","13198.163265306","5"
"477","audio","2018-05-29T20:27:38.095Z","2018-05-29T20:27:37.803Z","2018-05-29T20:27:37.803Z","2018-05-29T20:27:38.049Z","65984","1.9619791666667","0","33.434","268.22764227642","6"
"478","video","2018-05-29T20:26:33.088Z","2018-05-29T20:26:32.695Z","2018-05-29T20:26:32.771Z","2018-05-29T20:26:33.060Z","4860736","2","2","3893.089","16819.155709343","5"
"479","audio","2018-05-29T20:27:40.312Z","2018-05-29T20:27:40.104Z","2018-05-29T20:27:40.104Z","2018-05-29T20:27:40.282Z","65608","1.9619791666667","0","33.434","368.58426966292","6"
"480","video","2018-05-29T20:26:35.794Z","2018-05-29T20:26:35.315Z","2018-05-29T20:26:35.509Z","2018-05-29T20:26:35.743Z","7257264","2","2","3893.089","31013.948717949","5"
"481","audio","2018-05-29T20:27:43.055Z","2018-05-29T20:27:42.798Z","2018-05-29T20:27:42.798Z","2018-05-29T20:27:42.989Z","65952","1.9619791666667","0","33.434","345.29842931937","6"
"482","video","2018-05-29T20:26:37.764Z","2018-05-29T20:26:37.320Z","2018-05-29T20:26:37.432Z","2018-05-29T20:26:37.747Z","8355968","2","2","3893.089","26526.882539683","5"
"483","audio","2018-05-29T20:27:45.537Z","2018-05-29T20:27:45.260Z","2018-05-29T20:27:45.260Z","2018-05-29T20:27:45.506Z","65296","1.9619791666667","0","33.434","265.43089430894","6"
"484","video","2018-05-29T20:26:39.929Z","2018-05-29T20:26:39.727Z","2018-05-29T20:26:39.766Z","2018-05-29T20:26:39.926Z","6374736","2","2","3893.089","39842.1","5"
"485","audio","2018-05-29T20:27:47.726Z","2018-05-29T20:27:47.540Z","2018-05-29T20:27:47.540Z","2018-05-29T20:27:47.710Z","66056","1.9619791666667","0","33.434","388.56470588235","6"
"486","video","2018-05-29T20:26:43.521Z","2018-05-29T20:26:42.744Z","2018-05-29T20:26:42.932Z","2018-05-29T20:26:43.471Z","9342912","2","2","3893.089","17333.788497217","5"
"487","audio","2018-05-29T20:27:50.194Z","2018-05-29T20:27:50.028Z","2018-05-29T20:27:50.028Z","2018-05-29T20:27:50.181Z","65480","1.9619791666667","0","33.434","427.97385620915","6"
"488","video","2018-05-29T20:26:45.562Z","2018-05-29T20:26:44.949Z","2018-05-29T20:26:44.995Z","2018-05-29T20:26:45.515Z","8525928","2","2","3893.089","16396.015384615","5"
"489","audio","2018-05-29T20:27:54.960Z","2018-05-29T20:27:54.905Z","2018-05-29T20:27:54.905Z","2018-05-29T20:27:54.951Z","65744","1.9619791666667","0","33.434","1429.2173913043","6"
"490","video","2018-05-29T20:26:50.537Z","2018-05-29T20:26:49.992Z","2018-05-29T20:26:50.084Z","2018-05-29T20:26:50.510Z","7688000","2","2","3893.089","18046.948356808","5"
"491","audio","2018-05-29T20:27:55.152Z","2018-05-29T20:27:55.105Z","2018-05-29T20:27:55.105Z","2018-05-29T20:27:55.144Z","65768","1.9619791666667","0","33.434","1686.358974359","6"
"492","video","2018-05-29T20:26:53.006Z","2018-05-29T20:26:52.497Z","2018-05-29T20:26:52.608Z","2018-05-29T20:26:52.976Z","8860736","2","2","3893.089","24078.086956522","5"
"493","audio","2018-05-29T20:28:00.204Z","2018-05-29T20:28:00.026Z","2018-05-29T20:28:00.026Z","2018-05-29T20:28:00.201Z","65520","1.9619791666667","0","33.434","374.4","6"
"494","video","2018-05-29T20:26:54.008Z","2018-05-29T20:26:53.240Z","2018-05-29T20:26:53.352Z","2018-05-29T20:26:53.897Z","8014808","2","2","3893.089","14706.069724771","5"
"495","audio","2018-05-29T20:28:02.697Z","2018-05-29T20:28:02.598Z","2018-05-29T20:28:02.598Z","2018-05-29T20:28:02.695Z","66136","1.9619791666667","0","33.434","681.81443298969","6"
"496","video","2018-05-29T20:26:57.120Z","2018-05-29T20:26:56.020Z","2018-05-29T20:26:56.402Z","2018-05-29T20:26:57.118Z","8159192","2","2","3893.089","11395.519553073","5"
"497","audio","2018-05-29T20:28:07.390Z","2018-05-29T20:28:07.234Z","2018-05-29T20:28:07.234Z","2018-05-29T20:28:07.368Z","65392","1.9619791666667","0","33.434","488","6"
"498","video","2018-05-29T20:26:59.302Z","2018-05-29T20:26:58.043Z","2018-05-29T20:26:58.310Z","2018-05-29T20:26:59.244Z","7938384","2","2","3893.089","8499.3404710921","5"
"499","audio","2018-05-29T20:28:07.787Z","2018-05-29T20:28:07.485Z","2018-05-29T20:28:07.485Z","2018-05-29T20:28:07.717Z","65448","1.9619791666667","0","33.434","282.10344827586","6"
"500","video","2018-05-29T20:27:05.268Z","2018-05-29T20:27:04.941Z","2018-05-29T20:27:04.998Z","2018-05-29T20:27:05.235Z","8066792","2","2","3893.089","34037.097046414","5"
"501","audio","2018-05-29T20:28:10.112Z","2018-05-29T20:28:09.980Z","2018-05-29T20:28:09.980Z","2018-05-29T20:28:10.105Z","65512","1.9619791666667","0","33.434","524.096","6"
"502","video","2018-05-29T20:27:10.573Z","2018-05-29T20:27:09.844Z","2018-05-29T20:27:10.226Z","2018-05-29T20:27:10.527Z","7786552","2","2","3893.089","25868.943521595","5"
"503","audio","2018-05-29T20:28:10.377Z","2018-05-29T20:28:10.307Z","2018-05-29T20:28:10.307Z","2018-05-29T20:28:10.357Z","65088","1.9619791666667","0","33.434","1301.76","6"
"504","video","2018-05-29T20:27:13.794Z","2018-05-29T20:27:13.263Z","2018-05-29T20:27:13.469Z","2018-05-29T20:27:13.785Z","8360600","2","2","3893.089","26457.594936709","5"
"505","audio","2018-05-29T20:28:12.763Z","2018-05-29T20:28:12.565Z","2018-05-29T20:28:12.565Z","2018-05-29T20:28:12.733Z","65568","1.9619791666667","0","33.434","390.28571428571","6"
"506","video","2018-05-29T20:27:15.906Z","2018-05-29T20:27:15.019Z","2018-05-29T20:27:15.079Z","2018-05-29T20:27:15.903Z","7920480","2","2","3893.089","9612.2330097087","5"
"507","audio","2018-05-29T20:28:15.236Z","2018-05-29T20:28:15.026Z","2018-05-29T20:28:15.026Z","2018-05-29T20:28:15.226Z","65544","1.9619791666667","0","33.434","327.72","6"
"508","video","2018-05-29T20:27:17.528Z","2018-05-29T20:27:17.257Z","2018-05-29T20:27:17.309Z","2018-05-29T20:27:17.444Z","7972504","2","2","3893.089","59055.585185185","5"
"509","audio","2018-05-29T20:28:17.460Z","2018-05-29T20:28:17.286Z","2018-05-29T20:28:17.286Z","2018-05-29T20:28:17.432Z","65400","1.9619791666667","0","33.434","447.94520547945","6"
"510","video","2018-05-29T20:27:20.264Z","2018-05-29T20:27:19.922Z","2018-05-29T20:27:20.025Z","2018-05-29T20:27:20.262Z","8037080","2","2","3893.089","33911.729957806","5"
"511","audio","2018-05-29T20:28:19.933Z","2018-05-29T20:28:19.775Z","2018-05-29T20:28:19.775Z","2018-05-29T20:28:19.912Z","65608","1.9619791666667","0","33.434","478.89051094891","6"
"512","video","2018-05-29T20:27:23.353Z","2018-05-29T20:27:22.646Z","2018-05-29T20:27:22.893Z","2018-05-29T20:27:23.351Z","8208752","2","2","3893.089","17923.03930131","5"
"513","audio","2018-05-29T20:28:22.396Z","2018-05-29T20:28:22.330Z","2018-05-29T20:28:22.330Z","2018-05-29T20:28:22.388Z","65632","1.9619791666667","0","33.434","1131.5862068966","6"
"514","video","2018-05-29T20:27:25.590Z","2018-05-29T20:27:25.095Z","2018-05-29T20:27:25.188Z","2018-05-29T20:27:25.550Z","7706096","2","2","3893.089","21287.55801105","5"
"515","audio","2018-05-29T20:28:24.798Z","2018-05-29T20:28:24.757Z","2018-05-29T20:28:24.757Z","2018-05-29T20:28:24.794Z","65696","1.9619791666667","0","33.434","1775.5675675676","6"
"516","video","2018-05-29T20:27:28.183Z","2018-05-29T20:27:27.605Z","2018-05-29T20:27:27.652Z","2018-05-29T20:27:28.146Z","7908792","2","2","3893.089","16009.700404858","5"
"517","audio","2018-05-29T20:28:27.391Z","2018-05-29T20:28:27.312Z","2018-05-29T20:28:27.312Z","2018-05-29T20:28:27.380Z","65960","1.9619791666667","0","33.434","970","6"
"518","video","2018-05-29T20:27:31.339Z","2018-05-29T20:27:30.485Z","2018-05-29T20:27:30.858Z","2018-05-29T20:27:31.294Z","8319904","2","2","3893.089","19082.348623853","5"
"519","audio","2018-05-29T20:28:32.750Z","2018-05-29T20:28:32.517Z","2018-05-29T20:28:32.517Z","2018-05-29T20:28:32.709Z","65752","1.9619791666667","0","33.434","342.45833333333","6"
"520","video","2018-05-29T20:27:32.870Z","2018-05-29T20:27:32.344Z","2018-05-29T20:27:32.420Z","2018-05-29T20:27:32.857Z","8024688","2","2","3893.089","18363.130434783","5"
"521","audio","2018-05-29T20:28:35.795Z","2018-05-29T20:28:35.608Z","2018-05-29T20:28:35.608Z","2018-05-29T20:28:35.764Z","64952","1.9619791666667","0","33.434","416.35897435897","6"
"522","video","2018-05-29T20:27:34.140Z","2018-05-29T20:27:33.242Z","2018-05-29T20:27:33.857Z","2018-05-29T20:27:34.138Z","7818088","2","2","3893.089","27822.377224199","5"
"523","audio","2018-05-29T20:28:36.257Z","2018-05-29T20:28:36.141Z","2018-05-29T20:28:36.141Z","2018-05-29T20:28:36.217Z","65184","1.9619791666667","0","33.434","857.68421052632","6"
"524","video","2018-05-29T20:27:35.479Z","2018-05-29T20:27:34.933Z","2018-05-29T20:27:35.172Z","2018-05-29T20:27:35.435Z","7820392","2","2","3893.089","29735.330798479","5"
"525","audio","2018-05-29T20:28:36.540Z","2018-05-29T20:28:36.453Z","2018-05-29T20:28:36.453Z","2018-05-29T20:28:36.516Z","65280","1.9619791666667","0","33.434","1036.1904761905","6"
"526","video","2018-05-29T20:27:40.575Z","2018-05-29T20:27:40.057Z","2018-05-29T20:27:40.184Z","2018-05-29T20:27:40.557Z","8226160","2","2","3893.089","22054.048257373","5"
"527","audio","2018-05-29T20:28:39.936Z","2018-05-29T20:28:39.897Z","2018-05-29T20:28:39.897Z","2018-05-29T20:28:39.929Z","66368","1.9619791666667","0","33.434","2074","6"
"528","video","2018-05-29T20:27:43.116Z","2018-05-29T20:27:42.777Z","2018-05-29T20:27:42.871Z","2018-05-29T20:27:43.114Z","7653728","2","2","3893.089","31496.823045267","5"
"529","audio","2018-05-29T20:28:42.264Z","2018-05-29T20:28:42.239Z","2018-05-29T20:28:42.239Z","2018-05-29T20:28:42.260Z","65200","1.9619791666667","0","33.434","3104.7619047619","6"
"530","video","2018-05-29T20:27:45.723Z","2018-05-29T20:27:45.153Z","2018-05-29T20:27:45.361Z","2018-05-29T20:27:45.719Z","7899408","2","2","3893.089","22065.38547486","5"
"531","audio","2018-05-29T20:28:44.903Z","2018-05-29T20:28:44.794Z","2018-05-29T20:28:44.794Z","2018-05-29T20:28:44.877Z","66232","1.9619791666667","0","33.434","797.97590361446","6"
"532","video","2018-05-29T20:27:48.227Z","2018-05-29T20:27:47.524Z","2018-05-29T20:27:47.631Z","2018-05-29T20:27:48.224Z","7941576","2","2","3893.089","13392.202360877","5"
"533","audio","2018-05-29T20:28:47.159Z","2018-05-29T20:28:47.117Z","2018-05-29T20:28:47.117Z","2018-05-29T20:28:47.156Z","65496","1.9619791666667","0","33.434","1679.3846153846","6"
"534","video","2018-05-29T20:27:50.352Z","2018-05-29T20:27:49.973Z","2018-05-29T20:27:50.132Z","2018-05-29T20:27:50.339Z","8484976","2","2","3893.089","40990.222222222","5"
"535","audio","2018-05-29T20:28:49.997Z","2018-05-29T20:28:49.920Z","2018-05-29T20:28:49.920Z","2018-05-29T20:28:49.994Z","65408","1.9619791666667","0","33.434","883.89189189189","6"
"536","video","2018-05-29T20:27:55.029Z","2018-05-29T20:27:54.884Z","2018-05-29T20:27:54.919Z","2018-05-29T20:27:55.025Z","8305952","2","2","3893.089","78358.037735849","5"
"537","audio","2018-05-29T20:28:52.597Z","2018-05-29T20:28:52.434Z","2018-05-29T20:28:52.434Z","2018-05-29T20:28:52.540Z","65824","1.9619791666667","0","33.434","620.98113207547","6"
"538","video","2018-05-29T20:27:55.463Z","2018-05-29T20:27:55.190Z","2018-05-29T20:27:55.273Z","2018-05-29T20:27:55.458Z","8081624","2","2","3893.089","43684.454054054","5"
"539","audio","2018-05-29T20:28:55.139Z","2018-05-29T20:28:55.016Z","2018-05-29T20:28:55.016Z","2018-05-29T20:28:55.127Z","65512","1.9619791666667","0","33.434","590.1981981982","6"
"540","video","2018-05-29T20:28:00.340Z","2018-05-29T20:27:59.944Z","2018-05-29T20:28:00.087Z","2018-05-29T20:28:00.337Z","8105520","2","2","3893.089","32422.08","5"
"541","audio","2018-05-29T20:28:55.446Z","2018-05-29T20:28:55.310Z","2018-05-29T20:28:55.310Z","2018-05-29T20:28:55.443Z","65712","1.9619791666667","0","33.434","494.07518796992","6"
"542","video","2018-05-29T20:28:03.114Z","2018-05-29T20:28:02.559Z","2018-05-29T20:28:02.628Z","2018-05-29T20:28:03.111Z","7975016","2","2","3893.089","16511.420289855","5"
"543","audio","2018-05-29T20:28:57.336Z","2018-05-29T20:28:57.225Z","2018-05-29T20:28:57.225Z","2018-05-29T20:28:57.324Z","48304","1.9619791666667","0","33.434","487.91919191919","6"
"544","video","2018-05-29T20:28:05.366Z","2018-05-29T20:28:04.939Z","2018-05-29T20:28:05.013Z","2018-05-29T20:28:05.323Z","7871688","2","2","3893.089","25392.541935484","5"
"545","video","2018-05-29T20:28:06.081Z","2018-05-29T20:28:05.586Z","2018-05-29T20:28:05.664Z","2018-05-29T20:28:05.991Z","7950856","2","2","3893.089","24314.544342508","5"
"546","video","2018-05-29T20:28:10.205Z","2018-05-29T20:28:09.968Z","2018-05-29T20:28:10.045Z","2018-05-29T20:28:10.201Z","8026784","2","2","3893.089","51453.743589744","5"
"547","video","2018-05-29T20:28:13.000Z","2018-05-29T20:28:12.551Z","2018-05-29T20:28:12.680Z","2018-05-29T20:28:12.996Z","8347688","2","2","3893.089","26416.734177215","5"
"548","video","2018-05-29T20:28:15.399Z","2018-05-29T20:28:15.022Z","2018-05-29T20:28:15.070Z","2018-05-29T20:28:15.385Z","8062240","2","2","3893.089","25594.412698413","5"
"549","video","2018-05-29T20:28:15.822Z","2018-05-29T20:28:15.527Z","2018-05-29T20:28:15.654Z","2018-05-29T20:28:15.817Z","8057304","2","2","3893.089","49431.312883436","5"
"550","video","2018-05-29T20:28:17.633Z","2018-05-29T20:28:17.281Z","2018-05-29T20:28:17.344Z","2018-05-29T20:28:17.630Z","8336064","2","2","3893.089","29147.076923077","5"
"551","video","2018-05-29T20:28:20.085Z","2018-05-29T20:28:19.766Z","2018-05-29T20:28:19.904Z","2018-05-29T20:28:20.056Z","7979128","2","2","3893.089","52494.263157895","5"
"552","video","2018-05-29T20:28:22.586Z","2018-05-29T20:28:22.295Z","2018-05-29T20:28:22.357Z","2018-05-29T20:28:22.574Z","8323040","2","2","3893.089","38355.023041475","5"
"553","video","2018-05-29T20:28:25.047Z","2018-05-29T20:28:24.752Z","2018-05-29T20:28:24.778Z","2018-05-29T20:28:25.023Z","7342728","2","2","3893.089","29970.318367347","5"
"554","video","2018-05-29T20:28:27.607Z","2018-05-29T20:28:27.295Z","2018-05-29T20:28:27.347Z","2018-05-29T20:28:27.604Z","8155640","2","2","3893.089","31734.007782101","5"
"555","video","2018-05-29T20:28:30.177Z","2018-05-29T20:28:29.986Z","2018-05-29T20:28:30.044Z","2018-05-29T20:28:30.166Z","5158104","2","2","3893.089","42279.540983607","5"
"556","video","2018-05-29T20:28:32.944Z","2018-05-29T20:28:32.501Z","2018-05-29T20:28:32.677Z","2018-05-29T20:28:32.941Z","8318272","2","2","3893.089","31508.606060606","5"
"557","video","2018-05-29T20:28:36.042Z","2018-05-29T20:28:35.574Z","2018-05-29T20:28:35.726Z","2018-05-29T20:28:36.012Z","8269432","2","2","3893.089","28914.097902098","5"
"558","video","2018-05-29T20:28:40.288Z","2018-05-29T20:28:39.846Z","2018-05-29T20:28:39.917Z","2018-05-29T20:28:40.271Z","9592896","2","2","3893.089","27098.576271186","5"
"559","video","2018-05-29T20:28:42.346Z","2018-05-29T20:28:42.236Z","2018-05-29T20:28:42.251Z","2018-05-29T20:28:42.343Z","5466176","2","2","3893.089","59414.956521739","5"
"560","video","2018-05-29T20:28:44.918Z","2018-05-29T20:28:44.763Z","2018-05-29T20:28:44.806Z","2018-05-29T20:28:44.916Z","2179584","2","2","3893.089","19814.4","5"
"561","video","2018-05-29T20:28:47.278Z","2018-05-29T20:28:47.113Z","2018-05-29T20:28:47.138Z","2018-05-29T20:28:47.276Z","7794960","2","2","3893.089","56485.217391304","5"
"562","video","2018-05-29T20:28:50.060Z","2018-05-29T20:28:49.886Z","2018-05-29T20:28:49.960Z","2018-05-29T20:28:50.057Z","6775192","2","2","3893.089","69847.340206186","5"
"563","video","2018-05-29T20:28:52.655Z","2018-05-29T20:28:52.426Z","2018-05-29T20:28:52.477Z","2018-05-29T20:28:52.653Z","5222840","2","2","3893.089","29675.227272727","5"
"564","video","2018-05-29T20:28:55.437Z","2018-05-29T20:28:54.957Z","2018-05-29T20:28:55.101Z","2018-05-29T20:28:55.430Z","10179168","2","2","3893.089","30939.720364742","5"
"565","video","2018-05-29T20:28:57.553Z","2018-05-29T20:28:57.204Z","2018-05-29T20:28:57.293Z","2018-05-29T20:28:57.551Z","9200216","2","2","3893.089","35659.751937984","5"
"566","video","2018-05-29T20:28:57.972Z","2018-05-29T20:28:57.657Z","2018-05-29T20:28:57.689Z","2018-05-29T20:28:57.961Z","9076632","2","2","3893.089","33369.970588235","5"
"567","video","2018-05-29T20:35:24.261Z","2018-05-29T20:35:23.888Z","2018-05-29T20:35:24.142Z","2018-05-29T20:35:24.255Z","3245912","2","0","1046.778","28724.884955752","1"
"568","video","2018-05-29T20:35:24.954Z","2018-05-29T20:35:24.528Z","2018-05-29T20:35:24.616Z","2018-05-29T20:35:24.920Z","2201368","2","0","1046.778","7241.3421052632","1"
"569","video","2018-05-29T20:35:25.454Z","2018-05-29T20:35:25.249Z","2018-05-29T20:35:25.362Z","2018-05-29T20:35:25.451Z","2362584","2","0","1046.778","26545.887640449","1"
"570","video","2018-05-29T20:35:25.773Z","2018-05-29T20:35:25.592Z","2018-05-29T20:35:25.643Z","2018-05-29T20:35:25.771Z","2180184","2","0","1046.778","17032.6875","1"
"571","video","2018-05-29T20:35:26.012Z","2018-05-29T20:35:25.731Z","2018-05-29T20:35:25.791Z","2018-05-29T20:35:26.006Z","2367560","2","0","1046.778","11011.906976744","1"
"572","video","2018-05-29T20:35:26.170Z","2018-05-29T20:35:25.877Z","2018-05-29T20:35:26.015Z","2018-05-29T20:35:26.163Z","2294840","2","0","1046.778","15505.675675676","1"
"573","video","2018-05-29T20:35:26.479Z","2018-05-29T20:35:26.297Z","2018-05-29T20:35:26.323Z","2018-05-29T20:35:26.475Z","1940344","2","0","1046.778","12765.421052632","1"
"574","video","2018-05-29T20:35:29.244Z","2018-05-29T20:35:28.821Z","2018-05-29T20:35:28.881Z","2018-05-29T20:35:29.221Z","3679928","2","1","1950.145","10823.317647059","1"
"575","video","2018-05-29T20:35:29.389Z","2018-05-29T20:35:29.022Z","2018-05-29T20:35:29.272Z","2018-05-29T20:35:29.385Z","1611680","2","1","1950.145","14262.654867257","1"
"576","video","2018-05-29T20:35:30.242Z","2018-05-29T20:35:29.546Z","2018-05-29T20:35:29.850Z","2018-05-29T20:35:30.198Z","1714616","2","1","1950.145","4927.0574712644","1"
"577","audio","2018-05-29T20:35:24.475Z","2018-05-29T20:35:24.155Z","2018-05-29T20:35:24.408Z","2018-05-29T20:35:24.452Z","67384","1.9619791666667","0","33.434","1531.4545454545","2"
"578","video","2018-05-29T20:35:30.509Z","2018-05-29T20:35:30.037Z","2018-05-29T20:35:30.363Z","2018-05-29T20:35:30.497Z","2545464","2","1","1950.145","18996","1"
"579","video","2018-05-29T20:35:30.978Z","2018-05-29T20:35:30.511Z","2018-05-29T20:35:30.650Z","2018-05-29T20:35:30.973Z","4891072","2","1","1950.145","15142.637770898","1"
"580","audio","2018-05-29T20:35:24.720Z","2018-05-29T20:35:24.562Z","2018-05-29T20:35:24.683Z","2018-05-29T20:35:24.693Z","65272","1.9619791666667","0","33.434","6527.2","2"
"581","video","2018-05-29T20:35:31.572Z","2018-05-29T20:35:30.995Z","2018-05-29T20:35:31.022Z","2018-05-29T20:35:31.567Z","5883584","2","1","1950.145","10795.566972477","1"
"582","audio","2018-05-29T20:35:25.219Z","2018-05-29T20:35:25.108Z","2018-05-29T20:35:25.204Z","2018-05-29T20:35:25.215Z","65880","1.9619791666667","0","33.434","5989.0909090909","2"
"583","video","2018-05-29T20:35:31.949Z","2018-05-29T20:35:31.256Z","2018-05-29T20:35:31.428Z","2018-05-29T20:35:31.945Z","4421736","2","1","1950.145","8552.6808510638","1"
"584","audio","2018-05-29T20:35:25.247Z","2018-05-29T20:35:25.187Z","2018-05-29T20:35:25.233Z","2018-05-29T20:35:25.242Z","65232","1.9619791666667","0","33.434","7248","2"
"585","video","2018-05-29T20:35:33.639Z","2018-05-29T20:35:31.891Z","2018-05-29T20:35:31.974Z","2018-05-29T20:35:33.636Z","4094376","2","1","1950.145","2463.523465704","1"
"586","audio","2018-05-29T20:35:25.590Z","2018-05-29T20:35:25.559Z","2018-05-29T20:35:25.575Z","2018-05-29T20:35:25.581Z","65584","1.9619791666667","0","33.434","10930.666666667","2"
"587","audio","2018-05-29T20:35:25.789Z","2018-05-29T20:35:25.684Z","2018-05-29T20:35:25.760Z","2018-05-29T20:35:25.784Z","65544","1.9619791666667","0","33.434","2731","2"
"588","video","2018-05-29T20:35:33.662Z","2018-05-29T20:35:32.586Z","2018-05-29T20:35:33.002Z","2018-05-29T20:35:33.660Z","4036104","2","1","1950.145","6133.896656535","1"
"589","video","2018-05-29T20:35:34.475Z","2018-05-29T20:35:33.829Z","2018-05-29T20:35:33.874Z","2018-05-29T20:35:34.469Z","7558920","2","2","3893.089","12704.067226891","1"
"590","audio","2018-05-29T20:35:26.460Z","2018-05-29T20:35:26.312Z","2018-05-29T20:35:26.433Z","2018-05-29T20:35:26.456Z","65416","1.9619791666667","0","33.434","2844.1739130435","2"
"591","video","2018-05-29T20:35:35.978Z","2018-05-29T20:35:35.080Z","2018-05-29T20:35:35.472Z","2018-05-29T20:35:35.964Z","8887328","2","2","3893.089","18063.674796748","1"
"592","audio","2018-05-29T20:35:28.940Z","2018-05-29T20:35:28.828Z","2018-05-29T20:35:28.920Z","2018-05-29T20:35:28.936Z","65624","1.9619791666667","0","33.434","4101.5","2"
"593","audio","2018-05-29T20:35:29.330Z","2018-05-29T20:35:28.996Z","2018-05-29T20:35:29.263Z","2018-05-29T20:35:29.295Z","65680","1.9619791666667","0","33.434","2052.5","2"
"594","video","2018-05-29T20:35:36.856Z","2018-05-29T20:35:36.081Z","2018-05-29T20:35:36.181Z","2018-05-29T20:35:36.810Z","7013704","2","2","3893.089","11150.562798092","1"
"595","video","2018-05-29T20:35:39.508Z","2018-05-29T20:35:38.738Z","2018-05-29T20:35:38.762Z","2018-05-29T20:35:39.490Z","8392816","2","2","3893.089","11528.593406593","1"
"596","audio","2018-05-29T20:35:29.849Z","2018-05-29T20:35:29.407Z","2018-05-29T20:35:29.837Z","2018-05-29T20:35:29.846Z","65616","1.9619791666667","0","33.434","7290.6666666667","2"
"597","video","2018-05-29T20:35:40.024Z","2018-05-29T20:35:39.381Z","2018-05-29T20:35:39.521Z","2018-05-29T20:35:40.000Z","7552728","2","2","3893.089","15767.699373695","1"
"598","audio","2018-05-29T20:35:30.350Z","2018-05-29T20:35:29.855Z","2018-05-29T20:35:30.163Z","2018-05-29T20:35:30.345Z","65840","1.9619791666667","0","33.434","361.75824175824","2"
"599","video","2018-05-29T20:35:40.937Z","2018-05-29T20:35:40.097Z","2018-05-29T20:35:40.225Z","2018-05-29T20:35:40.895Z","7257632","2","2","3893.089","10832.286567164","1"
"600","audio","2018-05-29T20:35:30.628Z","2018-05-29T20:35:30.353Z","2018-05-29T20:35:30.574Z","2018-05-29T20:35:30.625Z","65736","1.9619791666667","0","33.434","1288.9411764706","2"
"601","video","2018-05-29T20:35:41.557Z","2018-05-29T20:35:40.184Z","2018-05-29T20:35:40.624Z","2018-05-29T20:35:41.465Z","7299968","2","2","3893.089","8680.1046373365","1"
"602","audio","2018-05-29T20:35:30.993Z","2018-05-29T20:35:30.895Z","2018-05-29T20:35:30.982Z","2018-05-29T20:35:30.989Z","65416","1.9619791666667","0","33.434","9345.1428571429","2"
"603","video","2018-05-29T20:35:42.138Z","2018-05-29T20:35:41.359Z","2018-05-29T20:35:41.595Z","2018-05-29T20:35:42.129Z","9465104","2","2","3893.089","17724.913857678","1"
"604","audio","2018-05-29T20:35:31.478Z","2018-05-29T20:35:31.161Z","2018-05-29T20:35:31.382Z","2018-05-29T20:35:31.465Z","65496","1.9619791666667","0","33.434","789.10843373494","2"
"605","video","2018-05-29T20:35:56.988Z","2018-05-29T20:35:52.665Z","2018-05-29T20:35:52.884Z","2018-05-29T20:35:56.966Z","7356352","2","2","3893.089","1802.1440470358","1"
"606","audio","2018-05-29T20:35:31.956Z","2018-05-29T20:35:31.638Z","2018-05-29T20:35:31.916Z","2018-05-29T20:35:31.953Z","65936","1.9619791666667","0","33.434","1782.0540540541","2"
"607","video","2018-05-29T20:35:57.625Z","2018-05-29T20:35:53.802Z","2018-05-29T20:35:56.996Z","2018-05-29T20:35:57.622Z","7356352","2","2","3893.089","11751.361022364","1"
"608","audio","2018-05-29T20:35:33.429Z","2018-05-29T20:35:32.459Z","2018-05-29T20:35:32.851Z","2018-05-29T20:35:33.422Z","65312","1.9619791666667","0","33.434","114.38178633975","2"
"609","video","2018-05-29T20:36:00.164Z","2018-05-29T20:35:58.693Z","2018-05-29T20:35:58.841Z","2018-05-29T20:36:00.146Z","9056208","2","2","3893.089","6939.6229885057","1"
"610","audio","2018-05-29T20:35:34.197Z","2018-05-29T20:35:33.851Z","2018-05-29T20:35:34.003Z","2018-05-29T20:35:34.188Z","65632","1.9619791666667","0","33.434","354.76756756757","2"
"611","audio","2018-05-29T20:35:34.567Z","2018-05-29T20:35:34.504Z","2018-05-29T20:35:34.558Z","2018-05-29T20:35:34.563Z","65952","1.9619791666667","0","33.434","13190.4","2"
"612","video","2018-05-29T20:36:02.224Z","2018-05-29T20:36:01.333Z","2018-05-29T20:36:01.423Z","2018-05-29T20:36:02.198Z","8483904","2","2","3893.089","10946.972903226","1"
"613","audio","2018-05-29T20:35:36.140Z","2018-05-29T20:35:35.860Z","2018-05-29T20:35:36.087Z","2018-05-29T20:35:36.121Z","65176","1.9619791666667","0","33.434","1916.9411764706","2"
"614","video","2018-05-29T20:36:03.562Z","2018-05-29T20:36:02.639Z","2018-05-29T20:36:02.703Z","2018-05-29T20:36:03.546Z","6905384","2","2","3893.089","8191.4400948992","1"
"615","video","2018-05-29T20:36:04.698Z","2018-05-29T20:36:02.687Z","2018-05-29T20:36:02.812Z","2018-05-29T20:36:04.665Z","9253960","2","2","3893.089","4994.0420939018","1"
"616","audio","2018-05-29T20:35:38.834Z","2018-05-29T20:35:38.744Z","2018-05-29T20:35:38.822Z","2018-05-29T20:35:38.829Z","65368","1.9619791666667","0","33.434","9338.2857142857","2"
"617","video","2018-05-29T20:36:04.832Z","2018-05-29T20:36:03.730Z","2018-05-29T20:36:04.331Z","2018-05-29T20:36:04.812Z","2361496","2","2","3893.089","4909.5550935551","1"
"618","audio","2018-05-29T20:35:51.447Z","2018-05-29T20:35:51.235Z","2018-05-29T20:35:51.325Z","2018-05-29T20:35:51.385Z","65928","1.9619791666667","0","33.434","1098.8","2"
"619","video","2018-05-29T20:36:06.078Z","2018-05-29T20:36:05.161Z","2018-05-29T20:36:05.459Z","2018-05-29T20:36:05.928Z","2937240","2","2","3893.089","6262.7718550107","1"
"620","audio","2018-05-29T20:35:51.520Z","2018-05-29T20:35:51.468Z","2018-05-29T20:35:51.503Z","2018-05-29T20:35:51.513Z","65600","1.9619791666667","0","33.434","6560","2"
"621","video","2018-05-29T20:36:08.029Z","2018-05-29T20:36:06.155Z","2018-05-29T20:36:06.494Z","2018-05-29T20:36:08.027Z","5646640","2","2","3893.089","3683.3920417482","1"
"622","audio","2018-05-29T20:35:51.834Z","2018-05-29T20:35:51.635Z","2018-05-29T20:35:51.669Z","2018-05-29T20:35:51.745Z","65704","1.9619791666667","0","33.434","864.52631578947","2"
"623","audio","2018-05-29T20:35:52.301Z","2018-05-29T20:35:52.020Z","2018-05-29T20:35:52.252Z","2018-05-29T20:35:52.288Z","65368","1.9619791666667","0","33.434","1815.7777777778","2"
"624","video","2018-05-29T20:36:08.941Z","2018-05-29T20:36:07.281Z","2018-05-29T20:36:08.082Z","2018-05-29T20:36:08.880Z","8079904","2","2","3893.089","10125.192982456","1"
"625","video","2018-05-29T20:36:10.284Z","2018-05-29T20:36:08.454Z","2018-05-29T20:36:08.966Z","2018-05-29T20:36:10.237Z","8064392","2","2","3893.089","6344.9189614477","1"
"626","audio","2018-05-29T20:35:55.984Z","2018-05-29T20:35:53.815Z","2018-05-29T20:35:55.709Z","2018-05-29T20:35:55.892Z","65976","1.9619791666667","0","33.434","360.52459016393","2"
"627","video","2018-05-29T20:36:11.621Z","2018-05-29T20:36:10.457Z","2018-05-29T20:36:10.731Z","2018-05-29T20:36:11.614Z","10264592","2","2","3893.089","11624.679501699","1"
"628","audio","2018-05-29T20:35:56.843Z","2018-05-29T20:35:55.397Z","2018-05-29T20:35:56.086Z","2018-05-29T20:35:56.831Z","65648","1.9619791666667","0","33.434","88.118120805369","2"
"629","audio","2018-05-29T20:35:56.891Z","2018-05-29T20:35:56.224Z","2018-05-29T20:35:56.757Z","2018-05-29T20:35:56.870Z","65256","1.9619791666667","0","33.434","577.48672566372","2"
"630","video","2018-05-29T20:36:13.100Z","2018-05-29T20:36:10.743Z","2018-05-29T20:36:11.068Z","2018-05-29T20:36:13.036Z","9187056","2","2","3893.089","4668.2195121951","1"
"631","audio","2018-05-29T20:36:05.405Z","2018-05-29T20:36:04.212Z","2018-05-29T20:36:04.835Z","2018-05-29T20:36:05.369Z","65280","1.9619791666667","0","33.434","122.24719101124","2"
"632","video","2018-05-29T20:36:15.863Z","2018-05-29T20:36:14.485Z","2018-05-29T20:36:14.730Z","2018-05-29T20:36:15.856Z","5621064","2","2","3893.089","4992.0639431616","1"
"633","audio","2018-05-29T20:36:05.657Z","2018-05-29T20:36:05.238Z","2018-05-29T20:36:05.551Z","2018-05-29T20:36:05.625Z","65840","1.9619791666667","0","33.434","889.72972972973","2"
"634","video","2018-05-29T20:36:20.325Z","2018-05-29T20:36:19.621Z","2018-05-29T20:36:19.746Z","2018-05-29T20:36:20.321Z","7053184","2","2","3893.089","12266.406956522","1"
"635","audio","2018-05-29T20:36:07.207Z","2018-05-29T20:36:06.199Z","2018-05-29T20:36:06.669Z","2018-05-29T20:36:07.190Z","65280","1.9619791666667","0","33.434","125.29750479846","2"
"636","video","2018-05-29T20:36:21.840Z","2018-05-29T20:36:20.748Z","2018-05-29T20:36:20.938Z","2018-05-29T20:36:21.829Z","8565376","2","2","3893.089","9613.2166105499","1"
"637","video","2018-05-29T20:36:22.456Z","2018-05-29T20:36:20.752Z","2018-05-29T20:36:21.444Z","2018-05-29T20:36:22.432Z","9570272","2","2","3893.089","9686.5101214575","1"
"638","audio","2018-05-29T20:36:08.291Z","2018-05-29T20:36:07.415Z","2018-05-29T20:36:08.220Z","2018-05-29T20:36:08.262Z","66152","1.9619791666667","0","33.434","1575.0476190476","2"
"639","audio","2018-05-29T20:36:09.244Z","2018-05-29T20:36:08.490Z","2018-05-29T20:36:09.183Z","2018-05-29T20:36:09.238Z","65352","1.9619791666667","0","33.434","1188.2181818182","2"
"640","video","2018-05-29T20:36:27.339Z","2018-05-29T20:36:26.195Z","2018-05-29T20:36:26.436Z","2018-05-29T20:36:27.296Z","10329208","2","2","3893.089","12010.706976744","1"
"641","audio","2018-05-29T20:36:10.853Z","2018-05-29T20:36:10.524Z","2018-05-29T20:36:10.818Z","2018-05-29T20:36:10.845Z","65480","1.9619791666667","0","33.434","2425.1851851852","2"
"642","video","2018-05-29T20:36:29.300Z","2018-05-29T20:36:28.305Z","2018-05-29T20:36:28.425Z","2018-05-29T20:36:29.262Z","6843704","2","2","3893.089","8176.468339307","1"
"643","audio","2018-05-29T20:36:15.276Z","2018-05-29T20:36:14.552Z","2018-05-29T20:36:15.188Z","2018-05-29T20:36:15.241Z","66024","1.9619791666667","0","33.434","1245.7358490566","2"
"644","video","2018-05-29T20:36:36.002Z","2018-05-29T20:36:35.200Z","2018-05-29T20:36:35.316Z","2018-05-29T20:36:36.000Z","8683424","2","2","3893.089","12695.064327485","1"
"645","video","2018-05-29T20:36:37.786Z","2018-05-29T20:36:37.156Z","2018-05-29T20:36:37.351Z","2018-05-29T20:36:37.758Z","2988528","2","2","3893.089","7342.8206388206","1"
"646","audio","2018-05-29T20:36:27.506Z","2018-05-29T20:36:27.398Z","2018-05-29T20:36:27.429Z","2018-05-29T20:36:27.460Z","64880","1.9619791666667","0","33.434","2092.9032258065","2"
"647","audio","2018-05-29T20:36:27.922Z","2018-05-29T20:36:27.650Z","2018-05-29T20:36:27.882Z","2018-05-29T20:36:27.913Z","65792","1.9619791666667","0","33.434","2122.3225806452","2"
"648","video","2018-05-29T20:36:50.622Z","2018-05-29T20:36:49.636Z","2018-05-29T20:36:49.820Z","2018-05-29T20:36:50.530Z","6761024","2","2","3893.089","9522.5690140845","1"
"649","video","2018-05-29T20:36:52.595Z","2018-05-29T20:36:52.017Z","2018-05-29T20:36:52.201Z","2018-05-29T20:36:52.550Z","5888904","2","2","3893.089","16873.650429799","1"
"650","audio","2018-05-29T20:36:28.173Z","2018-05-29T20:36:27.866Z","2018-05-29T20:36:28.043Z","2018-05-29T20:36:28.119Z","65784","1.9619791666667","0","33.434","865.57894736842","2"
"651","audio","2018-05-29T20:36:34.159Z","2018-05-29T20:36:33.874Z","2018-05-29T20:36:34.142Z","2018-05-29T20:36:34.148Z","65320","1.9619791666667","0","33.434","10886.666666667","2"
"652","video","2018-05-29T20:36:54.003Z","2018-05-29T20:36:52.881Z","2018-05-29T20:36:52.953Z","2018-05-29T20:36:53.979Z","9406944","2","2","3893.089","9168.5614035088","1"
"653","audio","2018-05-29T20:36:34.589Z","2018-05-29T20:36:34.267Z","2018-05-29T20:36:34.466Z","2018-05-29T20:36:34.525Z","65272","1.9619791666667","0","33.434","1106.3050847458","2"
"654","video","2018-05-29T20:36:55.012Z","2018-05-29T20:36:54.423Z","2018-05-29T20:36:54.664Z","2018-05-29T20:36:54.988Z","4414888","2","2","3893.089","13626.197530864","1"
"655","audio","2018-05-29T20:36:37.628Z","2018-05-29T20:36:37.191Z","2018-05-29T20:36:37.568Z","2018-05-29T20:36:37.613Z","65408","1.9619791666667","0","33.434","1453.5111111111","2"
"656","video","2018-05-29T20:36:58.751Z","2018-05-29T20:36:57.684Z","2018-05-29T20:36:57.976Z","2018-05-29T20:36:58.710Z","6657768","2","2","3893.089","9070.5286103542","1"
"657","audio","2018-05-29T20:36:38.206Z","2018-05-29T20:36:37.857Z","2018-05-29T20:36:37.920Z","2018-05-29T20:36:38.054Z","65968","1.9619791666667","0","33.434","492.29850746269","2"
"658","video","2018-05-29T20:37:02.652Z","2018-05-29T20:37:00.248Z","2018-05-29T20:37:00.588Z","2018-05-29T20:37:02.561Z","8935040","2","2","3893.089","4528.6568677141","1"
"659","video","2018-05-29T20:37:03.254Z","2018-05-29T20:37:02.153Z","2018-05-29T20:37:02.745Z","2018-05-29T20:37:03.232Z","6935440","2","2","3893.089","14241.149897331","1"
"660","audio","2018-05-29T20:36:39.555Z","2018-05-29T20:36:39.497Z","2018-05-29T20:36:39.536Z","2018-05-29T20:36:39.549Z","65720","1.9619791666667","0","33.434","5055.3846153846","2"
"661","audio","2018-05-29T20:36:41.626Z","2018-05-29T20:36:41.375Z","2018-05-29T20:36:41.490Z","2018-05-29T20:36:41.575Z","66344","1.9619791666667","0","33.434","780.51764705882","2"
"662","video","2018-05-29T20:37:07.543Z","2018-05-29T20:37:05.074Z","2018-05-29T20:37:05.800Z","2018-05-29T20:37:07.540Z","9611528","2","2","3893.089","5523.8666666667","1"
"663","audio","2018-05-29T20:36:44.008Z","2018-05-29T20:36:43.931Z","2018-05-29T20:36:43.976Z","2018-05-29T20:36:43.994Z","64760","1.9619791666667","0","33.434","3597.7777777778","2"
"664","video","2018-05-29T20:37:08.592Z","2018-05-29T20:37:07.383Z","2018-05-29T20:37:07.713Z","2018-05-29T20:37:08.589Z","7512168","2","2","3893.089","8575.5342465753","1"
"665","video","2018-05-29T20:37:10.305Z","2018-05-29T20:37:09.155Z","2018-05-29T20:37:09.326Z","2018-05-29T20:37:10.294Z","8376368","2","2","3893.089","8653.2727272727","1"
"666","audio","2018-05-29T20:36:50.223Z","2018-05-29T20:36:49.727Z","2018-05-29T20:36:50.136Z","2018-05-29T20:36:50.207Z","65488","1.9619791666667","0","33.434","922.3661971831","2"
"667","video","2018-05-29T20:37:20.570Z","2018-05-29T20:37:18.926Z","2018-05-29T20:37:19.020Z","2018-05-29T20:37:20.556Z","7744336","2","2","3893.089","5041.8854166667","1"
"668","audio","2018-05-29T20:36:52.397Z","2018-05-29T20:36:52.110Z","2018-05-29T20:36:52.363Z","2018-05-29T20:36:52.392Z","65752","1.9619791666667","0","33.434","2267.3103448276","2"
"669","audio","2018-05-29T20:36:54.922Z","2018-05-29T20:36:54.452Z","2018-05-29T20:36:54.833Z","2018-05-29T20:36:54.901Z","65472","1.9619791666667","0","33.434","962.82352941176","2"
"670","video","2018-05-29T20:37:23.914Z","2018-05-29T20:37:22.242Z","2018-05-29T20:37:22.797Z","2018-05-29T20:37:23.880Z","8330872","2","2","3893.089","7692.4025854109","1"
"671","audio","2018-05-29T20:36:58.316Z","2018-05-29T20:36:57.696Z","2018-05-29T20:36:58.263Z","2018-05-29T20:36:58.299Z","66024","1.9619791666667","0","33.434","1834","2"
"672","video","2018-05-29T20:37:26.993Z","2018-05-29T20:37:26.351Z","2018-05-29T20:37:26.424Z","2018-05-29T20:37:26.973Z","7019816","2","2","3893.089","12786.550091075","1"
"673","audio","2018-05-29T20:37:00.977Z","2018-05-29T20:37:00.465Z","2018-05-29T20:37:00.900Z","2018-05-29T20:37:00.959Z","65456","1.9619791666667","0","33.434","1109.4237288136","2"
"674","video","2018-05-29T20:37:28.341Z","2018-05-29T20:37:27.439Z","2018-05-29T20:37:27.457Z","2018-05-29T20:37:28.291Z","9114880","2","2","3893.089","10929.112709832","1"
"675","audio","2018-05-29T20:37:03.033Z","2018-05-29T20:37:02.284Z","2018-05-29T20:37:02.834Z","2018-05-29T20:37:03.019Z","65408","1.9619791666667","0","33.434","353.55675675676","2"
"676","video","2018-05-29T20:37:34.974Z","2018-05-29T20:37:34.336Z","2018-05-29T20:37:34.416Z","2018-05-29T20:37:34.945Z","7270224","2","2","3893.089","13743.334593573","1"
"677","video","2018-05-29T20:37:40.704Z","2018-05-29T20:37:39.136Z","2018-05-29T20:37:39.195Z","2018-05-29T20:37:40.413Z","8020224","2","2","3893.089","6584.7487684729","1"
"678","audio","2018-05-29T20:37:09.628Z","2018-05-29T20:37:09.175Z","2018-05-29T20:37:09.424Z","2018-05-29T20:37:09.611Z","65936","1.9619791666667","0","33.434","352.59893048128","2"
"679","audio","2018-05-29T20:37:12.540Z","2018-05-29T20:37:12.287Z","2018-05-29T20:37:12.454Z","2018-05-29T20:37:12.521Z","65816","1.9619791666667","0","33.434","982.32835820896","2"
"680","video","2018-05-29T20:37:43.369Z","2018-05-29T20:37:41.894Z","2018-05-29T20:37:42.124Z","2018-05-29T20:37:43.367Z","9751544","2","2","3893.089","7845.1681415929","1"
"681","audio","2018-05-29T20:37:15.025Z","2018-05-29T20:37:14.853Z","2018-05-29T20:37:14.971Z","2018-05-29T20:37:15.000Z","64896","1.9619791666667","0","33.434","2237.7931034483","2"
"682","video","2018-05-29T20:37:45.889Z","2018-05-29T20:37:44.249Z","2018-05-29T20:37:44.408Z","2018-05-29T20:37:45.835Z","7309360","2","2","3893.089","5122.1864050455","1"
"683","video","2018-05-29T20:37:48.066Z","2018-05-29T20:37:46.945Z","2018-05-29T20:37:47.116Z","2018-05-29T20:37:48.064Z","8061264","2","2","3893.089","8503.4430379747","1"
"684","audio","2018-05-29T20:37:16.926Z","2018-05-29T20:37:16.900Z","2018-05-29T20:37:16.920Z","2018-05-29T20:37:16.924Z","65960","1.9619791666667","0","33.434","16490","2"
"685","audio","2018-05-29T20:37:19.456Z","2018-05-29T20:37:18.945Z","2018-05-29T20:37:19.281Z","2018-05-29T20:37:19.432Z","65296","1.9619791666667","0","33.434","432.4238410596","2"
"686","video","2018-05-29T20:37:49.814Z","2018-05-29T20:37:48.689Z","2018-05-29T20:37:48.953Z","2018-05-29T20:37:49.798Z","6634344","2","2","3893.089","7851.2946745562","1"
"687","audio","2018-05-29T20:37:23.253Z","2018-05-29T20:37:22.424Z","2018-05-29T20:37:23.145Z","2018-05-29T20:37:23.206Z","66064","1.9619791666667","0","33.434","1083.0163934426","2"
"688","video","2018-05-29T20:37:53.009Z","2018-05-29T20:37:51.774Z","2018-05-29T20:37:51.938Z","2018-05-29T20:37:52.890Z","9417848","2","2","3893.089","9892.6974789916","1"
"689","audio","2018-05-29T20:37:29.778Z","2018-05-29T20:37:29.454Z","2018-05-29T20:37:29.649Z","2018-05-29T20:37:29.725Z","65336","1.9619791666667","0","33.434","859.68421052632","2"
"690","video","2018-05-29T20:37:56.009Z","2018-05-29T20:37:54.788Z","2018-05-29T20:37:55.075Z","2018-05-29T20:37:55.934Z","8035152","2","2","3893.089","9354.0768335274","1"
"691","video","2018-05-29T20:38:02.492Z","2018-05-29T20:38:01.656Z","2018-05-29T20:38:01.740Z","2018-05-29T20:38:02.429Z","7607448","2","2","3893.089","11041.288824383","1"
"692","audio","2018-05-29T20:37:32.136Z","2018-05-29T20:37:31.882Z","2018-05-29T20:37:32.019Z","2018-05-29T20:37:32.080Z","65512","1.9619791666667","0","33.434","1073.9672131148","2"
"693","audio","2018-05-29T20:37:34.802Z","2018-05-29T20:37:34.386Z","2018-05-29T20:37:34.671Z","2018-05-29T20:37:34.766Z","65824","1.9619791666667","0","33.434","692.88421052632","2"
"694","video","2018-05-29T20:38:04.746Z","2018-05-29T20:38:03.028Z","2018-05-29T20:38:03.399Z","2018-05-29T20:38:04.731Z","8033240","2","2","3893.089","6030.960960961","1"
"695","video","2018-05-29T20:38:07.902Z","2018-05-29T20:38:06.902Z","2018-05-29T20:38:06.934Z","2018-05-29T20:38:07.896Z","8359456","2","2","3893.089","8689.6632016632","1"
"696","audio","2018-05-29T20:37:39.574Z","2018-05-29T20:37:39.164Z","2018-05-29T20:37:39.426Z","2018-05-29T20:37:39.571Z","65208","1.9619791666667","0","33.434","449.71034482759","2"
"697","audio","2018-05-29T20:37:42.751Z","2018-05-29T20:37:41.936Z","2018-05-29T20:37:42.426Z","2018-05-29T20:37:42.676Z","66056","1.9619791666667","0","33.434","264.224","2"
"698","video","2018-05-29T20:38:09.934Z","2018-05-29T20:38:08.789Z","2018-05-29T20:38:08.952Z","2018-05-29T20:38:09.924Z","7479976","2","2","3893.089","7695.4485596708","1"
"699","video","2018-05-29T20:38:15.449Z","2018-05-29T20:38:14.039Z","2018-05-29T20:38:14.614Z","2018-05-29T20:38:15.406Z","8153888","2","2","3893.089","10295.313131313","1"
"700","audio","2018-05-29T20:37:47.514Z","2018-05-29T20:37:46.967Z","2018-05-29T20:37:47.488Z","2018-05-29T20:37:47.512Z","65432","1.9619791666667","0","33.434","2726.3333333333","2"
"701","video","2018-05-29T20:38:17.116Z","2018-05-29T20:38:14.941Z","2018-05-29T20:38:15.477Z","2018-05-29T20:38:17.093Z","7946968","2","2","3893.089","4917.6782178218","1"
"702","audio","2018-05-29T20:37:48.742Z","2018-05-29T20:37:48.601Z","2018-05-29T20:37:48.730Z","2018-05-29T20:37:48.739Z","65568","1.9619791666667","0","33.434","7285.3333333333","2"
"703","video","2018-05-29T20:38:22.566Z","2018-05-29T20:38:21.618Z","2018-05-29T20:38:21.694Z","2018-05-29T20:38:22.476Z","8743024","2","2","3893.089","11180.337595908","1"
"704","audio","2018-05-29T20:37:55.433Z","2018-05-29T20:37:54.854Z","2018-05-29T20:37:55.304Z","2018-05-29T20:37:55.369Z","65344","1.9619791666667","0","33.434","1005.2923076923","2"
"705","video","2018-05-29T20:38:24.434Z","2018-05-29T20:38:23.591Z","2018-05-29T20:38:23.750Z","2018-05-29T20:38:24.401Z","6205608","2","2","3893.089","9532.4239631336","1"
"706","audio","2018-05-29T20:37:57.198Z","2018-05-29T20:37:56.272Z","2018-05-29T20:37:57.070Z","2018-05-29T20:37:57.162Z","66440","1.9619791666667","0","33.434","722.17391304348","2"
"707","video","2018-05-29T20:38:29.354Z","2018-05-29T20:38:28.693Z","2018-05-29T20:38:29.152Z","2018-05-29T20:38:29.332Z","7205392","2","2","3893.089","40029.955555556","1"
"708","audio","2018-05-29T20:37:59.258Z","2018-05-29T20:37:58.921Z","2018-05-29T20:37:59.205Z","2018-05-29T20:37:59.235Z","65392","1.9619791666667","0","33.434","2179.7333333333","2"
"709","video","2018-05-29T20:38:33.064Z","2018-05-29T20:38:30.902Z","2018-05-29T20:38:31.182Z","2018-05-29T20:38:33.030Z","8009840","2","2","3893.089","4334.329004329","1"
"710","audio","2018-05-29T20:38:02.078Z","2018-05-29T20:38:01.666Z","2018-05-29T20:38:01.980Z","2018-05-29T20:38:02.076Z","64824","1.9619791666667","0","33.434","675.25","2"
"711","video","2018-05-29T20:38:33.840Z","2018-05-29T20:38:31.472Z","2018-05-29T20:38:33.114Z","2018-05-29T20:38:33.801Z","8009840","2","2","3893.089","11659.155749636","1"
"712","audio","2018-05-29T20:38:03.024Z","2018-05-29T20:38:02.530Z","2018-05-29T20:38:02.940Z","2018-05-29T20:38:03.007Z","65912","1.9619791666667","0","33.434","983.76119402985","2"
"713","video","2018-05-29T20:38:35.163Z","2018-05-29T20:38:33.587Z","2018-05-29T20:38:34.040Z","2018-05-29T20:38:35.148Z","8258184","2","2","3893.089","7453.2346570397","1"
"714","audio","2018-05-29T20:38:16.162Z","2018-05-29T20:38:15.040Z","2018-05-29T20:38:15.881Z","2018-05-29T20:38:16.097Z","65720","1.9619791666667","0","33.434","304.25925925926","2"
"715","audio","2018-05-29T20:38:17.645Z","2018-05-29T20:38:16.881Z","2018-05-29T20:38:17.622Z","2018-05-29T20:38:17.643Z","65392","1.9619791666667","0","33.434","3113.9047619048","2"
"716","video","2018-05-29T20:38:37.633Z","2018-05-29T20:38:36.429Z","2018-05-29T20:38:36.567Z","2018-05-29T20:38:37.618Z","11254424","2","2","3893.089","10708.300666032","1"
"717","audio","2018-05-29T20:38:18.746Z","2018-05-29T20:38:18.693Z","2018-05-29T20:38:18.711Z","2018-05-29T20:38:18.722Z","66040","1.9619791666667","0","33.434","6003.6363636364","2"
"718","video","2018-05-29T20:38:38.886Z","2018-05-29T20:38:37.855Z","2018-05-29T20:38:38.079Z","2018-05-29T20:38:38.857Z","7614304","2","2","3893.089","9787.0231362468","1"
"719","audio","2018-05-29T20:38:19.105Z","2018-05-29T20:38:18.759Z","2018-05-29T20:38:18.870Z","2018-05-29T20:38:19.056Z","65168","1.9619791666667","0","33.434","350.36559139785","2"
"720","video","2018-05-29T20:38:41.285Z","2018-05-29T20:38:40.445Z","2018-05-29T20:38:40.530Z","2018-05-29T20:38:41.271Z","4691824","2","2","3893.089","6331.7462887989","1"
"721","audio","2018-05-29T20:38:29.595Z","2018-05-29T20:38:29.365Z","2018-05-29T20:38:29.501Z","2018-05-29T20:38:29.581Z","65784","1.9619791666667","0","33.434","822.3","2"
"722","video","2018-05-29T20:38:42.082Z","2018-05-29T20:38:40.751Z","2018-05-29T20:38:41.178Z","2018-05-29T20:38:42.064Z","6904568","2","2","3893.089","7792.9661399549","1"
"723","audio","2018-05-29T20:38:29.762Z","2018-05-29T20:38:29.683Z","2018-05-29T20:38:29.715Z","2018-05-29T20:38:29.736Z","65360","1.9619791666667","0","33.434","3112.380952381","2"
"724","video","2018-05-29T20:38:47.896Z","2018-05-29T20:38:46.648Z","2018-05-29T20:38:46.782Z","2018-05-29T20:38:47.864Z","10629848","2","2","3893.089","9824.258780037","1"
"725","audio","2018-05-29T20:38:30.293Z","2018-05-29T20:38:29.941Z","2018-05-29T20:38:30.144Z","2018-05-29T20:38:30.241Z","65792","1.9619791666667","0","33.434","678.26804123711","2"
"726","video","2018-05-29T20:38:50.522Z","2018-05-29T20:38:49.641Z","2018-05-29T20:38:50.015Z","2018-05-29T20:38:50.480Z","8686976","2","2","3893.089","18681.668817204","1"
"727","video","2018-05-29T20:38:52.269Z","2018-05-29T20:38:50.959Z","2018-05-29T20:38:51.038Z","2018-05-29T20:38:52.151Z","8802200","2","2","3893.089","7908.5354896676","1"
"728","audio","2018-05-29T20:38:30.888Z","2018-05-29T20:38:30.493Z","2018-05-29T20:38:30.660Z","2018-05-29T20:38:30.870Z","65616","1.9619791666667","0","33.434","312.45714285714","2"
"729","video","2018-05-29T20:38:58.777Z","2018-05-29T20:38:57.837Z","2018-05-29T20:38:58.519Z","2018-05-29T20:38:58.760Z","5660408","2","2","3893.089","23487.170124481","1"
"730","audio","2018-05-29T20:38:33.275Z","2018-05-29T20:38:32.814Z","2018-05-29T20:38:33.222Z","2018-05-29T20:38:33.226Z","65536","1.9619791666667","0","33.434","16384","2"
"731","video","2018-05-29T20:39:03.601Z","2018-05-29T20:39:01.749Z","2018-05-29T20:39:01.866Z","2018-05-29T20:39:03.542Z","10212664","2","2","3893.089","6093.4749403341","1"
"732","audio","2018-05-29T20:38:37.033Z","2018-05-29T20:38:36.490Z","2018-05-29T20:38:36.826Z","2018-05-29T20:38:36.981Z","65616","1.9619791666667","0","33.434","423.32903225806","2"
"733","video","2018-05-29T20:39:03.870Z","2018-05-29T20:39:02.709Z","2018-05-29T20:39:02.898Z","2018-05-29T20:39:03.848Z","3946280","2","2","3893.089","4153.9789473684","1"
"734","audio","2018-05-29T20:38:40.648Z","2018-05-29T20:38:40.498Z","2018-05-29T20:38:40.590Z","2018-05-29T20:38:40.608Z","65624","1.9619791666667","0","33.434","3645.7777777778","2"
"735","video","2018-05-29T20:39:05.295Z","2018-05-29T20:39:04.542Z","2018-05-29T20:39:04.614Z","2018-05-29T20:39:05.272Z","6600720","2","2","3893.089","10031.489361702","1"
"736","audio","2018-05-29T20:38:41.838Z","2018-05-29T20:38:41.459Z","2018-05-29T20:38:41.771Z","2018-05-29T20:38:41.808Z","65320","1.9619791666667","0","33.434","1765.4054054054","2"
"737","video","2018-05-29T20:39:06.670Z","2018-05-29T20:39:05.609Z","2018-05-29T20:39:06.138Z","2018-05-29T20:39:06.626Z","7722168","2","2","3893.089","15824.114754098","1"
"738","audio","2018-05-29T20:38:44.451Z","2018-05-29T20:38:43.944Z","2018-05-29T20:38:44.251Z","2018-05-29T20:38:44.326Z","65920","1.9619791666667","0","33.434","878.93333333333","2"
"739","video","2018-05-29T20:39:13.734Z","2018-05-29T20:39:12.767Z","2018-05-29T20:39:12.805Z","2018-05-29T20:39:13.731Z","12112128","2","2","3893.089","13080.051835853","1"
"740","audio","2018-05-29T20:38:47.084Z","2018-05-29T20:38:46.684Z","2018-05-29T20:38:47.029Z","2018-05-29T20:38:47.077Z","65344","1.9619791666667","0","33.434","1361.3333333333","2"
"741","video","2018-05-29T20:39:15.377Z","2018-05-29T20:39:14.198Z","2018-05-29T20:39:14.239Z","2018-05-29T20:39:15.367Z","6551024","2","2","3893.089","5807.6453900709","1"
"742","audio","2018-05-29T20:38:56.491Z","2018-05-29T20:38:56.310Z","2018-05-29T20:38:56.366Z","2018-05-29T20:38:56.436Z","65336","1.9619791666667","0","33.434","933.37142857143","2"
"743","video","2018-05-29T20:39:18.704Z","2018-05-29T20:39:17.564Z","2018-05-29T20:39:17.862Z","2018-05-29T20:39:18.701Z","8417144","2","2","3893.089","10032.352800954","1"
"744","audio","2018-05-29T20:38:57.200Z","2018-05-29T20:38:56.675Z","2018-05-29T20:38:57.100Z","2018-05-29T20:38:57.153Z","66000","1.9619791666667","0","33.434","1245.2830188679","2"
"745","audio","2018-05-29T20:38:57.558Z","2018-05-29T20:38:57.029Z","2018-05-29T20:38:57.358Z","2018-05-29T20:38:57.510Z","65568","1.9619791666667","0","33.434","431.36842105263","2"
"746","video","2018-05-29T20:39:22.898Z","2018-05-29T20:39:21.645Z","2018-05-29T20:39:21.745Z","2018-05-29T20:39:22.823Z","8549832","2","2","3893.089","7931.1985157699","1"
"747","audio","2018-05-29T20:39:05.015Z","2018-05-29T20:39:04.582Z","2018-05-29T20:39:04.898Z","2018-05-29T20:39:04.933Z","65616","1.9619791666667","0","33.434","1874.7428571429","2"
"748","video","2018-05-29T20:39:25.971Z","2018-05-29T20:39:24.281Z","2018-05-29T20:39:24.945Z","2018-05-29T20:39:25.916Z","8486088","2","2","3893.089","8739.5345005149","1"
"749","audio","2018-05-29T20:39:05.898Z","2018-05-29T20:39:05.507Z","2018-05-29T20:39:05.744Z","2018-05-29T20:39:05.774Z","65456","1.9619791666667","0","33.434","2181.8666666667","2"
"750","video","2018-05-29T20:39:28.096Z","2018-05-29T20:39:27.097Z","2018-05-29T20:39:27.218Z","2018-05-29T20:39:28.049Z","8791872","2","2","3893.089","10579.870036101","1"
"751","audio","2018-05-29T20:39:11.523Z","2018-05-29T20:39:11.373Z","2018-05-29T20:39:11.452Z","2018-05-29T20:39:11.496Z","65176","1.9619791666667","0","33.434","1481.2727272727","2"
"752","video","2018-05-29T20:39:30.011Z","2018-05-29T20:39:28.392Z","2018-05-29T20:39:28.741Z","2018-05-29T20:39:29.976Z","7581800","2","2","3893.089","6139.1093117409","1"
"753","audio","2018-05-29T20:39:12.062Z","2018-05-29T20:39:11.577Z","2018-05-29T20:39:11.802Z","2018-05-29T20:39:12.049Z","66288","1.9619791666667","0","33.434","268.37246963563","2"
"754","video","2018-05-29T20:39:32.927Z","2018-05-29T20:39:31.621Z","2018-05-29T20:39:32.181Z","2018-05-29T20:39:32.883Z","3192008","2","2","3893.089","4547.0199430199","1"
"755","audio","2018-05-29T20:39:12.493Z","2018-05-29T20:39:12.244Z","2018-05-29T20:39:12.365Z","2018-05-29T20:39:12.438Z","65432","1.9619791666667","0","33.434","896.32876712329","2"
"756","video","2018-05-29T20:39:35.241Z","2018-05-29T20:39:33.709Z","2018-05-29T20:39:33.830Z","2018-05-29T20:39:35.235Z","11797472","2","2","3893.089","8396.7772241993","1"
"757","video","2018-05-29T20:39:41.902Z","2018-05-29T20:39:40.181Z","2018-05-29T20:39:40.354Z","2018-05-29T20:39:41.873Z","8442344","2","2","3893.089","5557.8301514154","1"
"758","audio","2018-05-29T20:39:13.774Z","2018-05-29T20:39:13.263Z","2018-05-29T20:39:13.736Z","2018-05-29T20:39:13.747Z","65264","1.9619791666667","0","33.434","5933.0909090909","2"
"759","audio","2018-05-29T20:39:14.599Z","2018-05-29T20:39:14.201Z","2018-05-29T20:39:14.450Z","2018-05-29T20:39:14.552Z","65904","1.9619791666667","0","33.434","646.11764705882","2"
"760","video","2018-05-29T20:39:45.299Z","2018-05-29T20:39:44.227Z","2018-05-29T20:39:44.411Z","2018-05-29T20:39:45.266Z","8008760","2","2","3893.089","9366.9707602339","1"
"761","video","2018-05-29T20:39:47.000Z","2018-05-29T20:39:45.817Z","2018-05-29T20:39:45.947Z","2018-05-29T20:39:46.924Z","7269464","2","2","3893.089","7440.5977482088","1"
"762","audio","2018-05-29T20:39:25.260Z","2018-05-29T20:39:24.347Z","2018-05-29T20:39:25.144Z","2018-05-29T20:39:25.217Z","65464","1.9619791666667","0","33.434","896.76712328767","2"
"763","audio","2018-05-29T20:39:26.216Z","2018-05-29T20:39:25.723Z","2018-05-29T20:39:26.059Z","2018-05-29T20:39:26.088Z","65608","1.9619791666667","0","33.434","2262.3448275862","2"
"764","video","2018-05-29T20:39:50.893Z","2018-05-29T20:39:49.460Z","2018-05-29T20:39:49.755Z","2018-05-29T20:39:50.876Z","9053248","2","2","3893.089","8076.0463871543","1"
"765","audio","2018-05-29T20:39:27.585Z","2018-05-29T20:39:27.124Z","2018-05-29T20:39:27.307Z","2018-05-29T20:39:27.574Z","65896","1.9619791666667","0","33.434","246.80149812734","2"
"766","video","2018-05-29T20:39:55.014Z","2018-05-29T20:39:54.280Z","2018-05-29T20:39:54.489Z","2018-05-29T20:39:54.998Z","7407968","2","2","3893.089","14553.964636542","1"
"767","video","2018-05-29T20:39:58.466Z","2018-05-29T20:39:57.283Z","2018-05-29T20:39:57.504Z","2018-05-29T20:39:58.415Z","5882480","2","2","3893.089","6457.1679473106","1"
"768","audio","2018-05-29T20:39:39.119Z","2018-05-29T20:39:38.880Z","2018-05-29T20:39:39.011Z","2018-05-29T20:39:39.088Z","65184","1.9619791666667","0","33.434","846.54545454545","2"
"769","video","2018-05-29T20:40:00.681Z","2018-05-29T20:39:59.693Z","2018-05-29T20:39:59.895Z","2018-05-29T20:40:00.676Z","9316456","2","2","3893.089","11928.880921895","1"
"770","audio","2018-05-29T20:39:39.421Z","2018-05-29T20:39:39.278Z","2018-05-29T20:39:39.374Z","2018-05-29T20:39:39.407Z","65408","1.9619791666667","0","33.434","1982.0606060606","2"
"771","video","2018-05-29T20:40:02.474Z","2018-05-29T20:40:00.777Z","2018-05-29T20:40:00.878Z","2018-05-29T20:40:02.418Z","8367080","2","2","3893.089","5433.1688311688","1"
"772","audio","2018-05-29T20:39:39.915Z","2018-05-29T20:39:39.550Z","2018-05-29T20:39:39.735Z","2018-05-29T20:39:39.840Z","65920","1.9619791666667","0","33.434","627.80952380952","2"
"773","video","2018-05-29T20:40:05.553Z","2018-05-29T20:40:04.675Z","2018-05-29T20:40:04.755Z","2018-05-29T20:40:05.539Z","7951800","2","2","3893.089","10142.602040816","1"
"774","audio","2018-05-29T20:39:44.744Z","2018-05-29T20:39:44.282Z","2018-05-29T20:39:44.567Z","2018-05-29T20:39:44.689Z","65016","1.9619791666667","0","33.434","532.91803278689","2"
"775","video","2018-05-29T20:40:10.369Z","2018-05-29T20:40:08.998Z","2018-05-29T20:40:09.118Z","2018-05-29T20:40:10.331Z","10500040","2","2","3893.089","8656.2572135202","1"
"776","audio","2018-05-29T20:39:53.916Z","2018-05-29T20:39:53.802Z","2018-05-29T20:39:53.853Z","2018-05-29T20:39:53.896Z","66200","1.9619791666667","0","33.434","1539.5348837209","2"
"777","audio","2018-05-29T20:39:54.438Z","2018-05-29T20:39:54.019Z","2018-05-29T20:39:54.364Z","2018-05-29T20:39:54.399Z","65112","1.9619791666667","0","33.434","1860.3428571429","2"
"778","video","2018-05-29T20:40:11.169Z","2018-05-29T20:40:09.926Z","2018-05-29T20:40:10.405Z","2018-05-29T20:40:11.142Z","6313392","2","2","3893.089","8566.3392130258","1"
"779","audio","2018-05-29T20:39:55.819Z","2018-05-29T20:39:55.530Z","2018-05-29T20:39:55.693Z","2018-05-29T20:39:55.738Z","65776","1.9619791666667","0","33.434","1461.6888888889","2"
"780","video","2018-05-29T20:40:15.128Z","2018-05-29T20:40:14.111Z","2018-05-29T20:40:14.531Z","2018-05-29T20:40:15.123Z","7898944","2","2","3893.089","13342.810810811","1"
"781","video","2018-05-29T20:40:18.565Z","2018-05-29T20:40:17.430Z","2018-05-29T20:40:17.525Z","2018-05-29T20:40:18.488Z","8318432","2","2","3893.089","8638.0394600208","1"
"782","audio","2018-05-29T20:39:56.327Z","2018-05-29T20:39:56.007Z","2018-05-29T20:39:56.221Z","2018-05-29T20:39:56.297Z","65832","1.9619791666667","0","33.434","866.21052631579","2"
"783","video","2018-05-29T20:40:20.212Z","2018-05-29T20:40:18.713Z","2018-05-29T20:40:19.350Z","2018-05-29T20:40:20.116Z","5915728","2","2","3893.089","7722.8825065274","1"
"784","audio","2018-05-29T20:40:00.222Z","2018-05-29T20:39:59.778Z","2018-05-29T20:40:00.107Z","2018-05-29T20:40:00.189Z","66112","1.9619791666667","0","33.434","806.24390243902","2"
"785","audio","2018-05-29T20:40:00.743Z","2018-05-29T20:40:00.683Z","2018-05-29T20:40:00.724Z","2018-05-29T20:40:00.740Z","65336","1.9619791666667","0","33.434","4083.5","2"
"786","video","2018-05-29T20:40:27.476Z","2018-05-29T20:40:26.727Z","2018-05-29T20:40:26.883Z","2018-05-29T20:40:27.467Z","6256208","2","2","3893.089","10712.684931507","1"
"787","video","2018-05-29T20:40:29.410Z","2018-05-29T20:40:28.233Z","2018-05-29T20:40:28.705Z","2018-05-29T20:40:29.392Z","6885520","2","2","3893.089","10022.590975255","1"
"788","audio","2018-05-29T20:40:05.088Z","2018-05-29T20:40:04.701Z","2018-05-29T20:40:04.816Z","2018-05-29T20:40:04.993Z","65704","1.9619791666667","0","33.434","371.20903954802","2"
"789","audio","2018-05-29T20:40:13.808Z","2018-05-29T20:40:13.745Z","2018-05-29T20:40:13.790Z","2018-05-29T20:40:13.804Z","65288","1.9619791666667","0","33.434","4663.4285714286","2"
"790","video","2018-05-29T20:40:32.402Z","2018-05-29T20:40:31.372Z","2018-05-29T20:40:31.417Z","2018-05-29T20:40:32.352Z","11400512","2","2","3893.089","12193.060962567","1"
"791","video","2018-05-29T20:40:35.161Z","2018-05-29T20:40:34.167Z","2018-05-29T20:40:34.317Z","2018-05-29T20:40:35.142Z","7945552","2","2","3893.089","9630.9721212121","1"
"792","audio","2018-05-29T20:40:15.665Z","2018-05-29T20:40:15.130Z","2018-05-29T20:40:15.535Z","2018-05-29T20:40:15.628Z","65576","1.9619791666667","0","33.434","705.11827956989","2"
"793","video","2018-05-29T20:40:37.851Z","2018-05-29T20:40:37.007Z","2018-05-29T20:40:37.046Z","2018-05-29T20:40:37.822Z","4425152","2","2","3893.089","5702.5154639175","1"
"794","audio","2018-05-29T20:40:16.457Z","2018-05-29T20:40:15.903Z","2018-05-29T20:40:16.308Z","2018-05-29T20:40:16.415Z","65320","1.9619791666667","0","33.434","610.46728971963","2"
"795","video","2018-05-29T20:40:39.638Z","2018-05-29T20:40:38.449Z","2018-05-29T20:40:38.655Z","2018-05-29T20:40:39.558Z","9783624","2","2","3893.089","10834.57807309","1"
"796","audio","2018-05-29T20:40:17.929Z","2018-05-29T20:40:17.470Z","2018-05-29T20:40:17.742Z","2018-05-29T20:40:17.826Z","66296","1.9619791666667","0","33.434","789.2380952381","2"
"797","video","2018-05-29T20:40:42.101Z","2018-05-29T20:40:41.288Z","2018-05-29T20:40:41.380Z","2018-05-29T20:40:42.063Z","8444592","2","2","3893.089","12363.970717423","1"
"798","audio","2018-05-29T20:40:19.227Z","2018-05-29T20:40:18.185Z","2018-05-29T20:40:18.680Z","2018-05-29T20:40:19.146Z","64912","1.9619791666667","0","33.434","139.29613733906","2"
"799","audio","2018-05-29T20:40:19.605Z","2018-05-29T20:40:18.799Z","2018-05-29T20:40:19.541Z","2018-05-29T20:40:19.581Z","65832","1.9619791666667","0","33.434","1645.8","2"
"800","video","2018-05-29T20:40:43.437Z","2018-05-29T20:40:42.454Z","2018-05-29T20:40:42.725Z","2018-05-29T20:40:43.347Z","9249656","2","2","3893.089","14870.829581994","1"
"801","video","2018-05-29T20:40:48.141Z","2018-05-29T20:40:46.059Z","2018-05-29T20:40:46.199Z","2018-05-29T20:40:48.132Z","8042144","2","2","3893.089","4160.4469736161","1"
"802","audio","2018-05-29T20:40:20.305Z","2018-05-29T20:40:19.765Z","2018-05-29T20:40:20.241Z","2018-05-29T20:40:20.286Z","65672","1.9619791666667","0","33.434","1459.3777777778","2"
"803","video","2018-05-29T20:40:50.111Z","2018-05-29T20:40:49.287Z","2018-05-29T20:40:49.470Z","2018-05-29T20:40:50.069Z","5190056","2","2","3893.089","8664.5342237062","1"
"804","audio","2018-05-29T20:40:20.824Z","2018-05-29T20:40:20.593Z","2018-05-29T20:40:20.729Z","2018-05-29T20:40:20.796Z","66120","1.9619791666667","0","33.434","986.86567164179","2"
"805","video","2018-05-29T20:40:54.858Z","2018-05-29T20:40:53.882Z","2018-05-29T20:40:53.954Z","2018-05-29T20:40:54.833Z","9696352","2","2","3893.089","11031.117178612","1"
"806","audio","2018-05-29T20:40:21.649Z","2018-05-29T20:40:21.149Z","2018-05-29T20:40:21.542Z","2018-05-29T20:40:21.629Z","64648","1.9619791666667","0","33.434","743.08045977011","2"
"807","audio","2018-05-29T20:40:27.264Z","2018-05-29T20:40:26.793Z","2018-05-29T20:40:27.142Z","2018-05-29T20:40:27.231Z","65504","1.9619791666667","0","33.434","736","2"
"808","video","2018-05-29T20:40:58.444Z","2018-05-29T20:40:57.469Z","2018-05-29T20:40:57.738Z","2018-05-29T20:40:58.421Z","8926488","2","2","3893.089","13069.528550512","1"
"809","video","2018-05-29T20:41:05.477Z","2018-05-29T20:41:04.680Z","2018-05-29T20:41:04.929Z","2018-05-29T20:41:05.455Z","8285728","2","2","3893.089","15752.33460076","1"
"810","audio","2018-05-29T20:40:34.680Z","2018-05-29T20:40:34.245Z","2018-05-29T20:40:34.537Z","2018-05-29T20:40:34.630Z","65712","1.9619791666667","0","33.434","706.58064516129","2"
"811","audio","2018-05-29T20:40:37.250Z","2018-05-29T20:40:37.012Z","2018-05-29T20:40:37.177Z","2018-05-29T20:40:37.222Z","65880","1.9619791666667","0","33.434","1464","2"
"812","video","2018-05-29T20:41:07.557Z","2018-05-29T20:41:06.634Z","2018-05-29T20:41:06.721Z","2018-05-29T20:41:07.513Z","8610688","2","2","3893.089","10872.080808081","1"
"813","video","2018-05-29T20:41:11.045Z","2018-05-29T20:41:09.593Z","2018-05-29T20:41:09.726Z","2018-05-29T20:41:11.042Z","5906976","2","2","3893.089","4488.5835866261","1"
"814","audio","2018-05-29T20:40:46.304Z","2018-05-29T20:40:46.076Z","2018-05-29T20:40:46.175Z","2018-05-29T20:40:46.279Z","65656","1.9619791666667","0","33.434","631.30769230769","2"
"815","video","2018-05-29T20:41:12.782Z","2018-05-29T20:41:11.880Z","2018-05-29T20:41:12.170Z","2018-05-29T20:41:12.775Z","9664128","2","2","3893.089","15973.765289256","1"
"816","audio","2018-05-29T20:40:48.717Z","2018-05-29T20:40:47.828Z","2018-05-29T20:40:48.644Z","2018-05-29T20:40:48.703Z","65472","1.9619791666667","0","33.434","1109.6949152542","2"
"817","audio","2018-05-29T20:40:48.849Z","2018-05-29T20:40:48.544Z","2018-05-29T20:40:48.839Z","2018-05-29T20:40:48.844Z","65064","1.9619791666667","0","33.434","13012.8","2"
"818","video","2018-05-29T20:41:14.260Z","2018-05-29T20:41:13.262Z","2018-05-29T20:41:13.811Z","2018-05-29T20:41:14.238Z","6938328","2","2","3893.089","16249.011709602","1"
"819","audio","2018-05-29T20:40:48.869Z","2018-05-29T20:40:48.826Z","2018-05-29T20:40:48.862Z","2018-05-29T20:40:48.867Z","65704","1.9619791666667","0","33.434","13140.8","2"
"820","video","2018-05-29T20:41:17.206Z","2018-05-29T20:41:16.358Z","2018-05-29T20:41:16.677Z","2018-05-29T20:41:17.112Z","7080592","2","2","3893.089","16277.222988506","1"
"821","video","2018-05-29T20:41:23.502Z","2018-05-29T20:41:22.472Z","2018-05-29T20:41:22.612Z","2018-05-29T20:41:23.482Z","9114624","2","2","3893.089","10476.579310345","1"
"822","audio","2018-05-29T20:40:49.843Z","2018-05-29T20:40:49.348Z","2018-05-29T20:40:49.807Z","2018-05-29T20:40:49.840Z","65888","1.9619791666667","0","33.434","1996.6060606061","2"
"823","video","2018-05-29T20:41:25.598Z","2018-05-29T20:41:24.115Z","2018-05-29T20:41:24.289Z","2018-05-29T20:41:25.528Z","8849336","2","2","3893.089","7142.3212267958","1"
"824","audio","2018-05-29T20:40:54.196Z","2018-05-29T20:40:53.895Z","2018-05-29T20:40:53.913Z","2018-05-29T20:40:54.152Z","65080","1.9619791666667","0","33.434","272.30125523013","2"
"825","video","2018-05-29T20:41:27.923Z","2018-05-29T20:41:26.555Z","2018-05-29T20:41:26.612Z","2018-05-29T20:41:27.829Z","7392408","2","2","3893.089","6074.2875924404","1"
"826","audio","2018-05-29T20:40:54.363Z","2018-05-29T20:40:53.932Z","2018-05-29T20:40:53.932Z","2018-05-29T20:40:54.283Z","65080","1.9619791666667","0","33.434","185.41310541311","2"
"827","video","2018-05-29T20:41:32.074Z","2018-05-29T20:41:31.201Z","2018-05-29T20:41:31.650Z","2018-05-29T20:41:32.045Z","6687392","2","2","3893.089","16930.106329114","1"
"828","audio","2018-05-29T20:40:58.204Z","2018-05-29T20:40:57.595Z","2018-05-29T20:40:58.069Z","2018-05-29T20:40:58.194Z","65504","1.9619791666667","0","33.434","524.032","2"
"829","video","2018-05-29T20:41:35.108Z","2018-05-29T20:41:34.286Z","2018-05-29T20:41:34.494Z","2018-05-29T20:41:35.041Z","9072936","2","2","3893.089","16586.720292505","1"
"830","audio","2018-05-29T20:41:02.437Z","2018-05-29T20:41:01.889Z","2018-05-29T20:41:02.034Z","2018-05-29T20:41:02.246Z","65800","1.9619791666667","0","33.434","310.37735849057","2"
"831","video","2018-05-29T20:41:37.648Z","2018-05-29T20:41:36.942Z","2018-05-29T20:41:37.195Z","2018-05-29T20:41:37.643Z","6852808","2","2","3893.089","15296.446428571","1"
"832","video","2018-05-29T20:41:40.144Z","2018-05-29T20:41:38.906Z","2018-05-29T20:41:38.924Z","2018-05-29T20:41:40.135Z","9190600","2","2","3893.089","7589.2650701899","1"
"833","audio","2018-05-29T20:41:05.431Z","2018-05-29T20:41:04.756Z","2018-05-29T20:41:05.413Z","2018-05-29T20:41:05.428Z","66008","1.9619791666667","0","33.434","4400.5333333333","2"
"834","video","2018-05-29T20:41:43.190Z","2018-05-29T20:41:41.660Z","2018-05-29T20:41:41.836Z","2018-05-29T20:41:43.168Z","9405600","2","2","3893.089","7061.2612612613","1"
"835","audio","2018-05-29T20:41:07.177Z","2018-05-29T20:41:06.666Z","2018-05-29T20:41:06.950Z","2018-05-29T20:41:07.122Z","65568","1.9619791666667","0","33.434","381.20930232558","2"
"836","audio","2018-05-29T20:41:12.472Z","2018-05-29T20:41:11.939Z","2018-05-29T20:41:12.378Z","2018-05-29T20:41:12.467Z","65792","1.9619791666667","0","33.434","739.23595505618","2"
"837","video","2018-05-29T20:41:45.167Z","2018-05-29T20:41:44.251Z","2018-05-29T20:41:44.439Z","2018-05-29T20:41:45.130Z","7427432","2","2","3893.089","10748.816208394","1"
"838","audio","2018-05-29T20:41:21.295Z","2018-05-29T20:41:21.197Z","2018-05-29T20:41:21.222Z","2018-05-29T20:41:21.268Z","65480","1.9619791666667","0","33.434","1423.4782608696","2"
"839","video","2018-05-29T20:41:47.720Z","2018-05-29T20:41:46.805Z","2018-05-29T20:41:46.944Z","2018-05-29T20:41:47.657Z","6933480","2","2","3893.089","9724.3758765778","1"
"840","audio","2018-05-29T20:41:21.796Z","2018-05-29T20:41:21.375Z","2018-05-29T20:41:21.481Z","2018-05-29T20:41:21.644Z","65328","1.9619791666667","0","33.434","400.78527607362","2"
"841","video","2018-05-29T20:41:50.417Z","2018-05-29T20:41:49.627Z","2018-05-29T20:41:49.829Z","2018-05-29T20:41:50.415Z","8737624","2","2","3893.089","14910.62116041","1"
"842","audio","2018-05-29T20:41:22.421Z","2018-05-29T20:41:21.963Z","2018-05-29T20:41:22.324Z","2018-05-29T20:41:22.402Z","65704","1.9619791666667","0","33.434","842.35897435897","2"
"843","video","2018-05-29T20:41:52.321Z","2018-05-29T20:41:51.556Z","2018-05-29T20:41:51.636Z","2018-05-29T20:41:52.299Z","8240384","2","2","3893.089","12428.935143288","1"
"844","video","2018-05-29T20:35:45.010Z","2018-05-29T20:35:44.495Z","2018-05-29T20:35:44.558Z","2018-05-29T20:35:45.004Z","3245912","2","0","1046.778","7277.8295964126","3"
"845","video","2018-05-29T20:42:00.041Z","2018-05-29T20:41:59.160Z","2018-05-29T20:41:59.254Z","2018-05-29T20:42:00.000Z","8127272","2","2","3893.089","10894.466487936","1"
"846","audio","2018-05-29T20:41:24.797Z","2018-05-29T20:41:24.120Z","2018-05-29T20:41:24.363Z","2018-05-29T20:41:24.795Z","65416","1.9619791666667","0","33.434","151.42592592593","2"
"847","video","2018-05-29T20:35:45.505Z","2018-05-29T20:35:45.213Z","2018-05-29T20:35:45.338Z","2018-05-29T20:35:45.465Z","2201368","2","0","1046.778","17333.606299213","3"
"848","video","2018-05-29T20:42:02.541Z","2018-05-29T20:42:01.625Z","2018-05-29T20:42:01.695Z","2018-05-29T20:42:02.484Z","6699480","2","2","3893.089","8491.102661597","1"
"849","audio","2018-05-29T20:41:27.096Z","2018-05-29T20:41:26.560Z","2018-05-29T20:41:26.689Z","2018-05-29T20:41:27.071Z","65440","1.9619791666667","0","33.434","171.30890052356","2"
"850","video","2018-05-29T20:35:46.274Z","2018-05-29T20:35:46.062Z","2018-05-29T20:35:46.104Z","2018-05-29T20:35:46.233Z","2362584","2","0","1046.778","18314.604651163","3"
"851","audio","2018-05-29T20:41:28.719Z","2018-05-29T20:41:28.415Z","2018-05-29T20:41:28.697Z","2018-05-29T20:41:28.709Z","65568","1.9619791666667","0","33.434","5464","2"
"852","video","2018-05-29T20:42:05.119Z","2018-05-29T20:42:04.325Z","2018-05-29T20:42:04.987Z","2018-05-29T20:42:05.110Z","5309688","2","2","3893.089","43168.195121951","1"
"853","video","2018-05-29T20:35:47.322Z","2018-05-29T20:35:47.131Z","2018-05-29T20:35:47.163Z","2018-05-29T20:35:47.319Z","2180184","2","0","1046.778","13975.538461538","3"
"854","audio","2018-05-29T20:41:32.785Z","2018-05-29T20:41:32.519Z","2018-05-29T20:41:32.735Z","2018-05-29T20:41:32.771Z","65504","1.9619791666667","0","33.434","1819.5555555556","2"
"855","video","2018-05-29T20:42:07.138Z","2018-05-29T20:42:06.460Z","2018-05-29T20:42:06.588Z","2018-05-29T20:42:07.136Z","5658480","2","2","3893.089","10325.693430657","1"
"856","video","2018-05-29T20:35:47.513Z","2018-05-29T20:35:47.473Z","2018-05-29T20:35:47.487Z","2018-05-29T20:35:47.506Z","2367560","2","0","1046.778","124608.42105263","3"
"857","audio","2018-05-29T20:41:37.670Z","2018-05-29T20:41:37.094Z","2018-05-29T20:41:37.589Z","2018-05-29T20:41:37.666Z","66096","1.9619791666667","0","33.434","858.38961038961","2"
"858","video","2018-05-29T20:42:09.555Z","2018-05-29T20:42:09.137Z","2018-05-29T20:42:09.191Z","2018-05-29T20:42:09.518Z","4656144","2","2","3893.089","14238.972477064","1"
"859","video","2018-05-29T20:35:47.816Z","2018-05-29T20:35:47.674Z","2018-05-29T20:35:47.759Z","2018-05-29T20:35:47.781Z","2294840","2","0","1046.778","104310.90909091","3"
"860","audio","2018-05-29T20:41:39.336Z","2018-05-29T20:41:38.914Z","2018-05-29T20:41:39.119Z","2018-05-29T20:41:39.254Z","65424","1.9619791666667","0","33.434","484.62222222222","2"
"861","video","2018-05-29T20:42:15.293Z","2018-05-29T20:42:14.085Z","2018-05-29T20:42:14.209Z","2018-05-29T20:42:15.254Z","10407664","2","2","3893.089","9959.4870813397","1"
"862","video","2018-05-29T20:35:47.922Z","2018-05-29T20:35:47.712Z","2018-05-29T20:35:47.845Z","2018-05-29T20:35:47.875Z","1940344","2","0","1046.778","64678.133333333","3"
"863","audio","2018-05-29T20:41:42.720Z","2018-05-29T20:41:41.761Z","2018-05-29T20:41:42.017Z","2018-05-29T20:41:42.593Z","66040","1.9619791666667","0","33.434","114.65277777778","2"
"864","video","2018-05-29T20:42:17.646Z","2018-05-29T20:42:16.724Z","2018-05-29T20:42:16.805Z","2018-05-29T20:42:17.602Z","10536384","2","2","3893.089","13220.055207026","1"
"865","video","2018-05-29T20:35:48.051Z","2018-05-29T20:35:47.832Z","2018-05-29T20:35:47.940Z","2018-05-29T20:35:48.046Z","1859056","2","0","1046.778","17538.264150943","3"
"866","audio","2018-05-29T20:41:44.540Z","2018-05-29T20:41:44.287Z","2018-05-29T20:41:44.498Z","2018-05-29T20:41:44.522Z","64936","1.9619791666667","0","33.434","2705.6666666667","2"
"867","video","2018-05-29T20:42:22.842Z","2018-05-29T20:42:21.758Z","2018-05-29T20:42:21.936Z","2018-05-29T20:42:22.822Z","6653720","2","2","3893.089","7509.841986456","1"
"868","video","2018-05-29T20:35:48.146Z","2018-05-29T20:35:47.997Z","2018-05-29T20:35:48.100Z","2018-05-29T20:35:48.130Z","867680","2","0","1046.778","28922.666666667","3"
"869","audio","2018-05-29T20:41:47.089Z","2018-05-29T20:41:46.833Z","2018-05-29T20:41:47.027Z","2018-05-29T20:41:47.073Z","65816","1.9619791666667","0","33.434","1430.7826086957","2"
"870","video","2018-05-29T20:42:25.009Z","2018-05-29T20:42:24.115Z","2018-05-29T20:42:24.329Z","2018-05-29T20:42:24.982Z","8196056","2","2","3893.089","12551.387442573","1"
"871","video","2018-05-29T20:35:49.679Z","2018-05-29T20:35:49.280Z","2018-05-29T20:35:49.478Z","2018-05-29T20:35:49.668Z","3679928","2","1","1950.145","19368.042105263","3"
"872","video","2018-05-29T20:42:26.120Z","2018-05-29T20:42:25.265Z","2018-05-29T20:42:25.350Z","2018-05-29T20:42:25.993Z","8697248","2","2","3893.089","13526.046656299","1"
"873","audio","2018-05-29T20:41:50.022Z","2018-05-29T20:41:49.667Z","2018-05-29T20:41:49.951Z","2018-05-29T20:41:50.013Z","65552","1.9619791666667","0","33.434","1057.2903225806","2"
"874","video","2018-05-29T20:35:49.910Z","2018-05-29T20:35:49.586Z","2018-05-29T20:35:49.719Z","2018-05-29T20:35:49.890Z","1611680","2","1","1950.145","9425.0292397661","3"
"875","video","2018-05-29T20:42:28.084Z","2018-05-29T20:42:26.573Z","2018-05-29T20:42:26.750Z","2018-05-29T20:42:28.065Z","8664232","2","2","3893.089","6588.769581749","1"
"876","audio","2018-05-29T20:41:52.014Z","2018-05-29T20:41:51.592Z","2018-05-29T20:41:51.918Z","2018-05-29T20:41:52.011Z","65512","1.9619791666667","0","33.434","704.43010752688","2"
"877","video","2018-05-29T20:35:50.046Z","2018-05-29T20:35:49.966Z","2018-05-29T20:35:50.034Z","2018-05-29T20:35:50.042Z","1714616","2","1","1950.145","214327","3"
"878","video","2018-05-29T20:42:30.797Z","2018-05-29T20:42:29.910Z","2018-05-29T20:42:30.326Z","2018-05-29T20:42:30.792Z","7793632","2","2","3893.089","16724.532188841","1"
"879","audio","2018-05-29T20:41:59.562Z","2018-05-29T20:41:59.185Z","2018-05-29T20:41:59.476Z","2018-05-29T20:41:59.554Z","65568","1.9619791666667","0","33.434","840.61538461538","2"
"880","video","2018-05-29T20:35:50.266Z","2018-05-29T20:35:50.180Z","2018-05-29T20:35:50.202Z","2018-05-29T20:35:50.254Z","2545464","2","1","1950.145","48951.230769231","3"
"881","audio","2018-05-29T20:42:01.902Z","2018-05-29T20:42:01.656Z","2018-05-29T20:42:01.818Z","2018-05-29T20:42:01.865Z","65808","1.9619791666667","0","33.434","1400.170212766","2"
"882","video","2018-05-29T20:42:34.358Z","2018-05-29T20:42:33.856Z","2018-05-29T20:42:33.911Z","2018-05-29T20:42:34.356Z","6212216","2","2","3893.089","13960.035955056","1"
"883","audio","2018-05-29T20:35:45.113Z","2018-05-29T20:35:44.724Z","2018-05-29T20:35:44.724Z","2018-05-29T20:35:45.067Z","67384","1.9619791666667","0","33.434","196.45481049563","4"
"884","video","2018-05-29T20:35:50.701Z","2018-05-29T20:35:50.505Z","2018-05-29T20:35:50.568Z","2018-05-29T20:35:50.681Z","4891072","2","1","1950.145","43283.82300885","3"
"885","audio","2018-05-29T20:35:45.374Z","2018-05-29T20:35:45.220Z","2018-05-29T20:35:45.220Z","2018-05-29T20:35:45.365Z","65272","1.9619791666667","0","33.434","450.15172413793","4"
"886","video","2018-05-29T20:42:37.499Z","2018-05-29T20:42:36.726Z","2018-05-29T20:42:36.867Z","2018-05-29T20:42:37.497Z","7310032","2","2","3893.089","11603.225396825","1"
"887","audio","2018-05-29T20:42:05.078Z","2018-05-29T20:42:04.345Z","2018-05-29T20:42:05.047Z","2018-05-29T20:42:05.070Z","65688","1.9619791666667","0","33.434","2856","2"
"888","video","2018-05-29T20:35:57.316Z","2018-05-29T20:35:53.574Z","2018-05-29T20:35:54.826Z","2018-05-29T20:35:57.304Z","5001912","2","2","3893.089","2018.5278450363","3"
"889","audio","2018-05-29T20:35:46.006Z","2018-05-29T20:35:45.843Z","2018-05-29T20:35:45.843Z","2018-05-29T20:35:45.992Z","65880","1.9619791666667","0","33.434","442.14765100671","4"
"890","video","2018-05-29T20:42:40.009Z","2018-05-29T20:42:39.256Z","2018-05-29T20:42:39.431Z","2018-05-29T20:42:40.001Z","7829008","2","2","3893.089","13735.101754386","1"
"891","audio","2018-05-29T20:42:06.864Z","2018-05-29T20:42:06.520Z","2018-05-29T20:42:06.791Z","2018-05-29T20:42:06.818Z","65544","1.9619791666667","0","33.434","2427.5555555556","2"
"892","video","2018-05-29T20:35:57.406Z","2018-05-29T20:35:56.248Z","2018-05-29T20:35:56.749Z","2018-05-29T20:35:57.401Z","7575584","2","2","3893.089","11618.993865031","3"
"893","audio","2018-05-29T20:35:46.765Z","2018-05-29T20:35:46.338Z","2018-05-29T20:35:46.338Z","2018-05-29T20:35:46.667Z","65232","1.9619791666667","0","33.434","198.273556231","4"
"894","video","2018-05-29T20:42:43.137Z","2018-05-29T20:42:41.650Z","2018-05-29T20:42:42.475Z","2018-05-29T20:42:43.097Z","9349320","2","2","3893.089","15031.061093248","1"
"895","audio","2018-05-29T20:42:11.757Z","2018-05-29T20:42:11.593Z","2018-05-29T20:42:11.633Z","2018-05-29T20:42:11.668Z","65112","1.9619791666667","0","33.434","1860.3428571429","2"
"896","video","2018-05-29T20:35:59.940Z","2018-05-29T20:35:58.578Z","2018-05-29T20:35:58.665Z","2018-05-29T20:35:59.934Z","10038720","2","2","3893.089","7910.7328605201","3"
"897","audio","2018-05-29T20:35:47.202Z","2018-05-29T20:35:47.137Z","2018-05-29T20:35:47.137Z","2018-05-29T20:35:47.172Z","65584","1.9619791666667","0","33.434","1873.8285714286","4"
"898","video","2018-05-29T20:42:45.561Z","2018-05-29T20:42:44.255Z","2018-05-29T20:42:44.615Z","2018-05-29T20:42:45.546Z","9263712","2","2","3893.089","9950.2814178303","1"
"899","audio","2018-05-29T20:42:14.708Z","2018-05-29T20:42:14.143Z","2018-05-29T20:42:14.612Z","2018-05-29T20:42:14.674Z","65776","1.9619791666667","0","33.434","1060.9032258065","2"
"900","video","2018-05-29T20:36:02.827Z","2018-05-29T20:36:01.616Z","2018-05-29T20:36:01.805Z","2018-05-29T20:36:02.792Z","8280592","2","2","3893.089","8389.6575481256","3"
"901","audio","2018-05-29T20:35:48.973Z","2018-05-29T20:35:48.906Z","2018-05-29T20:35:48.906Z","2018-05-29T20:35:48.945Z","65544","1.9619791666667","0","33.434","1680.6153846154","4"
"902","video","2018-05-29T20:42:47.286Z","2018-05-29T20:42:46.660Z","2018-05-29T20:42:46.768Z","2018-05-29T20:42:47.275Z","6952112","2","2","3893.089","13712.252465483","1"
"903","audio","2018-05-29T20:42:16.981Z","2018-05-29T20:42:16.773Z","2018-05-29T20:42:16.904Z","2018-05-29T20:42:16.950Z","65832","1.9619791666667","0","33.434","1431.1304347826","2"
"904","audio","2018-05-29T20:35:49.046Z","2018-05-29T20:35:49.027Z","2018-05-29T20:35:49.027Z","2018-05-29T20:35:49.042Z","65416","1.9619791666667","0","33.434","4361.0666666667","4"
"905","video","2018-05-29T20:36:05.197Z","2018-05-29T20:36:02.998Z","2018-05-29T20:36:03.717Z","2018-05-29T20:36:05.150Z","8253168","2","2","3893.089","5759.3635729239","3"
"906","video","2018-05-29T20:42:52.949Z","2018-05-29T20:42:51.914Z","2018-05-29T20:42:52.050Z","2018-05-29T20:42:52.877Z","7751952","2","2","3893.089","9373.5816203144","1"
"907","audio","2018-05-29T20:42:19.703Z","2018-05-29T20:42:19.582Z","2018-05-29T20:42:19.629Z","2018-05-29T20:42:19.676Z","65632","1.9619791666667","0","33.434","1396.4255319149","2"
"908","audio","2018-05-29T20:35:51.630Z","2018-05-29T20:35:51.521Z","2018-05-29T20:35:51.521Z","2018-05-29T20:35:51.622Z","65624","1.9619791666667","0","33.434","649.74257425743","4"
"909","video","2018-05-29T20:36:05.297Z","2018-05-29T20:36:03.804Z","2018-05-29T20:36:04.717Z","2018-05-29T20:36:05.295Z","7558920","2","2","3893.089","13077.716262976","3"
"910","video","2018-05-29T20:42:55.242Z","2018-05-29T20:42:54.207Z","2018-05-29T20:42:54.349Z","2018-05-29T20:42:55.224Z","10373992","2","2","3893.089","11855.990857143","1"
"911","audio","2018-05-29T20:42:22.265Z","2018-05-29T20:42:21.871Z","2018-05-29T20:42:22.210Z","2018-05-29T20:42:22.263Z","64600","1.9619791666667","0","33.434","1218.8679245283","2"
"912","video","2018-05-29T20:36:08.298Z","2018-05-29T20:36:06.890Z","2018-05-29T20:36:07.274Z","2018-05-29T20:36:08.280Z","8887328","2","2","3893.089","8834.3220675944","3"
"913","audio","2018-05-29T20:35:52.274Z","2018-05-29T20:35:51.892Z","2018-05-29T20:35:51.892Z","2018-05-29T20:35:52.256Z","65680","1.9619791666667","0","33.434","180.43956043956","4"
"914","video","2018-05-29T20:42:57.330Z","2018-05-29T20:42:56.645Z","2018-05-29T20:42:56.754Z","2018-05-29T20:42:57.302Z","5970832","2","2","3893.089","10895.678832117","1"
"915","audio","2018-05-29T20:42:24.667Z","2018-05-29T20:42:24.118Z","2018-05-29T20:42:24.544Z","2018-05-29T20:42:24.665Z","66296","1.9619791666667","0","33.434","547.90082644628","2"
"916","audio","2018-05-29T20:35:53.182Z","2018-05-29T20:35:52.674Z","2018-05-29T20:35:52.674Z","2018-05-29T20:35:53.106Z","65616","1.9619791666667","0","33.434","151.88888888889","4"
"917","video","2018-05-29T20:36:08.587Z","2018-05-29T20:36:07.990Z","2018-05-29T20:36:08.314Z","2018-05-29T20:36:08.523Z","7013704","2","2","3893.089","33558.392344498","3"
"918","video","2018-05-29T20:43:00.202Z","2018-05-29T20:42:59.372Z","2018-05-29T20:42:59.450Z","2018-05-29T20:43:00.161Z","8160224","2","2","3893.089","11477.108298172","1"
"919","audio","2018-05-29T20:42:27.598Z","2018-05-29T20:42:26.625Z","2018-05-29T20:42:27.473Z","2018-05-29T20:42:27.562Z","65736","1.9619791666667","0","33.434","738.60674157303","2"
"920","video","2018-05-29T20:36:10.008Z","2018-05-29T20:36:08.746Z","2018-05-29T20:36:09.036Z","2018-05-29T20:36:10.001Z","8392816","2","2","3893.089","8697.2186528497","3"
"921","audio","2018-05-29T20:35:55.909Z","2018-05-29T20:35:53.720Z","2018-05-29T20:35:53.720Z","2018-05-29T20:35:55.894Z","65840","1.9619791666667","0","33.434","30.285188592456","4"
"922","audio","2018-05-29T20:42:30.698Z","2018-05-29T20:42:30.001Z","2018-05-29T20:42:30.655Z","2018-05-29T20:42:30.694Z","65872","1.9619791666667","0","33.434","1689.0256410256","2"
"923","video","2018-05-29T20:43:02.453Z","2018-05-29T20:43:01.594Z","2018-05-29T20:43:01.756Z","2018-05-29T20:43:02.407Z","8610224","2","2","3893.089","13226.150537634","1"
"924","audio","2018-05-29T20:35:56.957Z","2018-05-29T20:35:56.255Z","2018-05-29T20:35:56.255Z","2018-05-29T20:35:56.902Z","65736","1.9619791666667","0","33.434","101.60123647604","4"
"925","video","2018-05-29T20:36:11.816Z","2018-05-29T20:36:11.658Z","2018-05-29T20:36:11.731Z","2018-05-29T20:36:11.813Z","7552728","2","2","3893.089","92106.43902439","3"
"926","video","2018-05-29T20:43:07.988Z","2018-05-29T20:43:06.784Z","2018-05-29T20:43:06.861Z","2018-05-29T20:43:07.964Z","8230136","2","2","3893.089","7461.5920217588","1"
"927","audio","2018-05-29T20:42:37.237Z","2018-05-29T20:42:36.765Z","2018-05-29T20:42:37.165Z","2018-05-29T20:42:37.223Z","65600","1.9619791666667","0","33.434","1131.0344827586","2"
"928","audio","2018-05-29T20:36:02.208Z","2018-05-29T20:36:01.684Z","2018-05-29T20:36:01.684Z","2018-05-29T20:36:02.174Z","65416","1.9619791666667","0","33.434","133.50204081633","4"
"929","video","2018-05-29T20:36:13.133Z","2018-05-29T20:36:12.624Z","2018-05-29T20:36:12.647Z","2018-05-29T20:36:13.057Z","7257632","2","2","3893.089","17701.541463415","3"
"930","audio","2018-05-29T20:42:37.731Z","2018-05-29T20:42:37.349Z","2018-05-29T20:42:37.654Z","2018-05-29T20:42:37.713Z","65568","1.9619791666667","0","33.434","1111.3220338983","2"
"931","video","2018-05-29T20:43:09.973Z","2018-05-29T20:43:09.327Z","2018-05-29T20:43:09.407Z","2018-05-29T20:43:09.926Z","7458160","2","2","3893.089","14370.250481696","1"
"932","audio","2018-05-29T20:36:03.469Z","2018-05-29T20:36:03.098Z","2018-05-29T20:36:03.098Z","2018-05-29T20:36:03.423Z","65496","1.9619791666667","0","33.434","201.52615384615","4"
"933","video","2018-05-29T20:36:13.730Z","2018-05-29T20:36:12.872Z","2018-05-29T20:36:13.245Z","2018-05-29T20:36:13.723Z","7299968","2","2","3893.089","15271.89958159","3"
"934","video","2018-05-29T20:43:11.557Z","2018-05-29T20:43:10.805Z","2018-05-29T20:43:10.906Z","2018-05-29T20:43:11.547Z","6394376","2","2","3893.089","9975.6255850234","1"
"935","audio","2018-05-29T20:42:39.855Z","2018-05-29T20:42:39.317Z","2018-05-29T20:42:39.606Z","2018-05-29T20:42:39.829Z","64536","1.9619791666667","0","33.434","289.39910313901","2"
"936","audio","2018-05-29T20:36:07.555Z","2018-05-29T20:36:07.048Z","2018-05-29T20:36:07.048Z","2018-05-29T20:36:07.521Z","65936","1.9619791666667","0","33.434","139.39957716702","4"
"937","video","2018-05-29T20:36:14.946Z","2018-05-29T20:36:13.475Z","2018-05-29T20:36:13.747Z","2018-05-29T20:36:14.896Z","9465104","2","2","3893.089","8237.6884247171","3"
"938","audio","2018-05-29T20:42:45.456Z","2018-05-29T20:42:44.363Z","2018-05-29T20:42:45.257Z","2018-05-29T20:42:45.417Z","65688","1.9619791666667","0","33.434","410.55","2"
"939","video","2018-05-29T20:43:15.408Z","2018-05-29T20:43:14.404Z","2018-05-29T20:43:14.496Z","2018-05-29T20:43:15.349Z","9360696","2","2","3893.089","10973.852286049","1"
"940","audio","2018-05-29T20:36:08.352Z","2018-05-29T20:36:08.258Z","2018-05-29T20:36:08.258Z","2018-05-29T20:36:08.348Z","65312","1.9619791666667","0","33.434","725.68888888889","4"
"941","video","2018-05-29T20:36:29.573Z","2018-05-29T20:36:28.982Z","2018-05-29T20:36:29.054Z","2018-05-29T20:36:29.531Z","7356352","2","2","3893.089","15422.121593291","3"
"942","audio","2018-05-29T20:42:45.700Z","2018-05-29T20:42:45.480Z","2018-05-29T20:42:45.586Z","2018-05-29T20:42:45.644Z","66640","1.9619791666667","0","33.434","1148.9655172414","2"
"943","video","2018-05-29T20:43:19.731Z","2018-05-29T20:43:18.793Z","2018-05-29T20:43:19.012Z","2018-05-29T20:43:19.718Z","7003024","2","2","3893.089","9919.2974504249","1"
"944","video","2018-05-29T20:36:32.345Z","2018-05-29T20:36:30.582Z","2018-05-29T20:36:31.284Z","2018-05-29T20:36:32.339Z","9056208","2","2","3893.089","8584.0834123223","3"
"945","audio","2018-05-29T20:36:11.774Z","2018-05-29T20:36:11.689Z","2018-05-29T20:36:11.689Z","2018-05-29T20:36:11.770Z","65632","1.9619791666667","0","33.434","810.27160493827","4"
"946","audio","2018-05-29T20:42:46.046Z","2018-05-29T20:42:45.850Z","2018-05-29T20:42:45.973Z","2018-05-29T20:42:46.024Z","65200","1.9619791666667","0","33.434","1278.431372549","2"
"947","video","2018-05-29T20:43:22.836Z","2018-05-29T20:43:22.012Z","2018-05-29T20:43:22.186Z","2018-05-29T20:43:22.809Z","4869184","2","2","3893.089","7815.7046548957","1"
"948","video","2018-05-29T20:36:32.484Z","2018-05-29T20:36:30.898Z","2018-05-29T20:36:31.382Z","2018-05-29T20:36:32.418Z","8483904","2","2","3893.089","8189.0965250965","3"
"949","audio","2018-05-29T20:36:12.768Z","2018-05-29T20:36:12.628Z","2018-05-29T20:36:12.628Z","2018-05-29T20:36:12.712Z","65952","1.9619791666667","0","33.434","785.14285714286","4"
"950","audio","2018-05-29T20:42:46.966Z","2018-05-29T20:42:46.698Z","2018-05-29T20:42:46.886Z","2018-05-29T20:42:46.937Z","65528","1.9619791666667","0","33.434","1284.862745098","2"
"951","video","2018-05-29T20:43:25.361Z","2018-05-29T20:43:24.260Z","2018-05-29T20:43:24.361Z","2018-05-29T20:43:25.335Z","8564768","2","2","3893.089","8793.3963039014","1"
"952","video","2018-05-29T20:36:34.729Z","2018-05-29T20:36:34.339Z","2018-05-29T20:36:34.454Z","2018-05-29T20:36:34.706Z","6905384","2","2","3893.089","27402.317460317","3"
"953","audio","2018-05-29T20:36:15.398Z","2018-05-29T20:36:14.652Z","2018-05-29T20:36:14.652Z","2018-05-29T20:36:15.395Z","65176","1.9619791666667","0","33.434","87.720053835801","4"
"954","video","2018-05-29T20:43:28.566Z","2018-05-29T20:43:27.032Z","2018-05-29T20:43:27.229Z","2018-05-29T20:43:28.509Z","8713096","2","2","3893.089","6807.10625","1"
"955","audio","2018-05-29T20:42:52.382Z","2018-05-29T20:42:52.016Z","2018-05-29T20:42:52.255Z","2018-05-29T20:42:52.362Z","65744","1.9619791666667","0","33.434","614.42990654206","2"
"956","video","2018-05-29T20:36:36.341Z","2018-05-29T20:36:35.676Z","2018-05-29T20:36:36.039Z","2018-05-29T20:36:36.307Z","2361496","2","2","3893.089","8811.552238806","3"
"957","audio","2018-05-29T20:36:16.149Z","2018-05-29T20:36:15.772Z","2018-05-29T20:36:15.772Z","2018-05-29T20:36:16.145Z","65368","1.9619791666667","0","33.434","175.24932975871","4"
"958","video","2018-05-29T20:43:30.727Z","2018-05-29T20:43:29.433Z","2018-05-29T20:43:29.602Z","2018-05-29T20:43:30.717Z","8439416","2","2","3893.089","7568.9829596413","1"
"959","audio","2018-05-29T20:42:54.511Z","2018-05-29T20:42:54.257Z","2018-05-29T20:42:54.420Z","2018-05-29T20:42:54.477Z","65920","1.9619791666667","0","33.434","1156.4912280702","2"
"960","video","2018-05-29T20:36:36.745Z","2018-05-29T20:36:35.425Z","2018-05-29T20:36:35.629Z","2018-05-29T20:36:36.718Z","9253960","2","2","3893.089","8497.6675849403","3"
"961","audio","2018-05-29T20:36:19.999Z","2018-05-29T20:36:19.758Z","2018-05-29T20:36:19.758Z","2018-05-29T20:36:19.986Z","65928","1.9619791666667","0","33.434","289.15789473684","4"
"962","video","2018-05-29T20:43:32.119Z","2018-05-29T20:43:31.053Z","2018-05-29T20:43:31.157Z","2018-05-29T20:43:32.071Z","8754720","2","2","3893.089","9578.4682713348","1"
"963","audio","2018-05-29T20:42:57.042Z","2018-05-29T20:42:56.702Z","2018-05-29T20:42:56.975Z","2018-05-29T20:42:57.022Z","65096","1.9619791666667","0","33.434","1385.0212765957","2"
"964","video","2018-05-29T20:36:37.929Z","2018-05-29T20:36:37.213Z","2018-05-29T20:36:37.595Z","2018-05-29T20:36:37.911Z","2937240","2","2","3893.089","9295.0632911392","3"
"965","audio","2018-05-29T20:36:20.246Z","2018-05-29T20:36:20.144Z","2018-05-29T20:36:20.144Z","2018-05-29T20:36:20.244Z","65600","1.9619791666667","0","33.434","656","4"
"966","video","2018-05-29T20:43:35.810Z","2018-05-29T20:43:34.739Z","2018-05-29T20:43:35.044Z","2018-05-29T20:43:35.769Z","7598928","2","2","3893.089","10481.28","1"
"967","audio","2018-05-29T20:42:59.620Z","2018-05-29T20:42:59.404Z","2018-05-29T20:42:59.531Z","2018-05-29T20:42:59.617Z","65664","1.9619791666667","0","33.434","763.53488372093","2"
"968","video","2018-05-29T20:36:40.311Z","2018-05-29T20:36:38.668Z","2018-05-29T20:36:39.349Z","2018-05-29T20:36:40.275Z","5646640","2","2","3893.089","6097.8833693305","3"
"969","audio","2018-05-29T20:36:20.610Z","2018-05-29T20:36:20.438Z","2018-05-29T20:36:20.438Z","2018-05-29T20:36:20.550Z","65704","1.9619791666667","0","33.434","586.64285714286","4"
"970","audio","2018-05-29T20:43:01.843Z","2018-05-29T20:43:01.673Z","2018-05-29T20:43:01.798Z","2018-05-29T20:43:01.829Z","65696","1.9619791666667","0","33.434","2119.2258064516","2"
"971","video","2018-05-29T20:43:37.103Z","2018-05-29T20:43:36.333Z","2018-05-29T20:43:36.613Z","2018-05-29T20:43:37.098Z","8999160","2","2","3893.089","18554.969072165","1"
"972","video","2018-05-29T20:36:40.622Z","2018-05-29T20:36:39.196Z","2018-05-29T20:36:39.523Z","2018-05-29T20:36:40.595Z","8079904","2","2","3893.089","7537.223880597","3"
"973","audio","2018-05-29T20:36:20.805Z","2018-05-29T20:36:20.635Z","2018-05-29T20:36:20.635Z","2018-05-29T20:36:20.759Z","65368","1.9619791666667","0","33.434","527.16129032258","4"
"974","audio","2018-05-29T20:43:02.601Z","2018-05-29T20:43:02.307Z","2018-05-29T20:43:02.478Z","2018-05-29T20:43:02.562Z","65696","1.9619791666667","0","33.434","782.09523809524","2"
"975","video","2018-05-29T20:43:43.767Z","2018-05-29T20:43:42.944Z","2018-05-29T20:43:43.080Z","2018-05-29T20:43:43.764Z","8309344","2","2","3893.089","12148.16374269","1"
"976","video","2018-05-29T20:36:42.109Z","2018-05-29T20:36:41.489Z","2018-05-29T20:36:41.627Z","2018-05-29T20:36:42.094Z","8064392","2","2","3893.089","17268.505353319","3"
"977","audio","2018-05-29T20:36:21.334Z","2018-05-29T20:36:21.032Z","2018-05-29T20:36:21.032Z","2018-05-29T20:36:21.315Z","65976","1.9619791666667","0","33.434","233.13074204947","4"
"978","audio","2018-05-29T20:43:07.509Z","2018-05-29T20:43:06.828Z","2018-05-29T20:43:07.272Z","2018-05-29T20:43:07.420Z","65416","1.9619791666667","0","33.434","442","2"
"979","video","2018-05-29T20:43:46.300Z","2018-05-29T20:43:45.191Z","2018-05-29T20:43:45.404Z","2018-05-29T20:43:46.295Z","8261288","2","2","3893.089","9271.9281705948","1"
"980","video","2018-05-29T20:36:43.513Z","2018-05-29T20:36:42.624Z","2018-05-29T20:36:42.986Z","2018-05-29T20:36:43.498Z","10264592","2","2","3893.089","20048.03125","3"
"981","audio","2018-05-29T20:36:21.751Z","2018-05-29T20:36:21.202Z","2018-05-29T20:36:21.202Z","2018-05-29T20:36:21.742Z","65648","1.9619791666667","0","33.434","121.57037037037","4"
"982","video","2018-05-29T20:43:52.263Z","2018-05-29T20:43:51.542Z","2018-05-29T20:43:51.601Z","2018-05-29T20:43:52.237Z","6165256","2","2","3893.089","9693.7987421384","1"
"983","audio","2018-05-29T20:43:19.484Z","2018-05-29T20:43:18.894Z","2018-05-29T20:43:19.362Z","2018-05-29T20:43:19.425Z","66192","1.9619791666667","0","33.434","1050.6666666667","2"
"984","video","2018-05-29T20:36:43.587Z","2018-05-29T20:36:42.918Z","2018-05-29T20:36:43.089Z","2018-05-29T20:36:43.570Z","9187056","2","2","3893.089","19099.908523909","3"
"985","audio","2018-05-29T20:36:23.842Z","2018-05-29T20:36:23.748Z","2018-05-29T20:36:23.748Z","2018-05-29T20:36:23.823Z","65256","1.9619791666667","0","33.434","870.08","4"
"986","video","2018-05-29T20:43:55.017Z","2018-05-29T20:43:54.190Z","2018-05-29T20:43:54.343Z","2018-05-29T20:43:55.008Z","8333384","2","2","3893.089","12531.404511278","1"
"987","audio","2018-05-29T20:43:19.990Z","2018-05-29T20:43:19.738Z","2018-05-29T20:43:19.832Z","2018-05-29T20:43:19.978Z","64696","1.9619791666667","0","33.434","443.12328767123","2"
"988","video","2018-05-29T20:36:47.386Z","2018-05-29T20:36:46.815Z","2018-05-29T20:36:47.061Z","2018-05-29T20:36:47.343Z","5621064","2","2","3893.089","19932.85106383","3"
"989","audio","2018-05-29T20:36:31.905Z","2018-05-29T20:36:31.560Z","2018-05-29T20:36:31.560Z","2018-05-29T20:36:31.854Z","65280","1.9619791666667","0","33.434","222.04081632653","4"
"990","audio","2018-05-29T20:43:22.632Z","2018-05-29T20:43:22.117Z","2018-05-29T20:43:22.442Z","2018-05-29T20:43:22.607Z","65944","1.9619791666667","0","33.434","399.66060606061","2"
"991","video","2018-05-29T20:43:57.525Z","2018-05-29T20:43:56.599Z","2018-05-29T20:43:56.739Z","2018-05-29T20:43:57.442Z","9632520","2","2","3893.089","13702.019914651","1"
"992","video","2018-05-29T20:36:49.745Z","2018-05-29T20:36:48.421Z","2018-05-29T20:36:48.798Z","2018-05-29T20:36:49.672Z","7053184","2","2","3893.089","8070.004576659","3"
"993","audio","2018-05-29T20:36:34.552Z","2018-05-29T20:36:34.394Z","2018-05-29T20:36:34.394Z","2018-05-29T20:36:34.533Z","65840","1.9619791666667","0","33.434","473.6690647482","4"
"994","video","2018-05-29T20:43:59.688Z","2018-05-29T20:43:59.202Z","2018-05-29T20:43:59.450Z","2018-05-29T20:43:59.680Z","5121592","2","2","3893.089","22267.791304348","1"
"995","audio","2018-05-29T20:43:23.058Z","2018-05-29T20:43:22.909Z","2018-05-29T20:43:23.051Z","2018-05-29T20:43:23.056Z","65240","1.9619791666667","0","33.434","13048","2"
"996","video","2018-05-29T20:37:00.809Z","2018-05-29T20:36:59.753Z","2018-05-29T20:37:00.054Z","2018-05-29T20:37:00.800Z","8565376","2","2","3893.089","11481.737265416","3"
"997","audio","2018-05-29T20:36:35.869Z","2018-05-29T20:36:35.509Z","2018-05-29T20:36:35.509Z","2018-05-29T20:36:35.792Z","65280","1.9619791666667","0","33.434","230.67137809187","4"
"998","video","2018-05-29T20:44:00.695Z","2018-05-29T20:43:59.961Z","2018-05-29T20:44:00.025Z","2018-05-29T20:44:00.687Z","9229472","2","2","3893.089","13941.80060423","1"
"999","audio","2018-05-29T20:43:23.543Z","2018-05-29T20:43:23.360Z","2018-05-29T20:43:23.442Z","2018-05-29T20:43:23.515Z","65592","1.9619791666667","0","33.434","898.52054794521","2"
"1000","video","2018-05-29T20:44:07.649Z","2018-05-29T20:44:06.552Z","2018-05-29T20:44:06.731Z","2018-05-29T20:44:07.623Z","8584496","2","2","3893.089","9623.8744394619","1"
"1001","audio","2018-05-29T20:36:46.283Z","2018-05-29T20:36:46.248Z","2018-05-29T20:36:46.248Z","2018-05-29T20:36:46.268Z","66152","1.9619791666667","0","33.434","3307.6","4"
"1002","video","2018-05-29T20:37:03.708Z","2018-05-29T20:37:02.757Z","2018-05-29T20:37:03.167Z","2018-05-29T20:37:03.681Z","9570272","2","2","3893.089","18619.206225681","3"
"1003","audio","2018-05-29T20:43:27.968Z","2018-05-29T20:43:27.062Z","2018-05-29T20:43:27.487Z","2018-05-29T20:43:27.961Z","66096","1.9619791666667","0","33.434","139.44303797468","2"
"1004","video","2018-05-29T20:44:10.036Z","2018-05-29T20:44:09.185Z","2018-05-29T20:44:09.292Z","2018-05-29T20:44:10.012Z","8947984","2","2","3893.089","12427.755555556","1"
"1005","audio","2018-05-29T20:36:47.035Z","2018-05-29T20:36:46.640Z","2018-05-29T20:36:46.640Z","2018-05-29T20:36:47.032Z","65352","1.9619791666667","0","33.434","166.71428571429","4"
"1006","video","2018-05-29T20:37:05.298Z","2018-05-29T20:37:04.369Z","2018-05-29T20:37:04.671Z","2018-05-29T20:37:05.296Z","10329208","2","2","3893.089","16526.7328","3"
"1007","audio","2018-05-29T20:43:29.965Z","2018-05-29T20:43:29.488Z","2018-05-29T20:43:29.786Z","2018-05-29T20:43:29.844Z","65760","1.9619791666667","0","33.434","1133.7931034483","2"
"1008","video","2018-05-29T20:44:12.690Z","2018-05-29T20:44:11.578Z","2018-05-29T20:44:11.718Z","2018-05-29T20:44:12.621Z","7110696","2","2","3893.089","7874.5249169435","1"
"1009","audio","2018-05-29T20:36:47.961Z","2018-05-29T20:36:47.530Z","2018-05-29T20:36:47.530Z","2018-05-29T20:36:47.958Z","65480","1.9619791666667","0","33.434","152.99065420561","4"
"1010","video","2018-05-29T20:37:08.001Z","2018-05-29T20:37:06.797Z","2018-05-29T20:37:07.136Z","2018-05-29T20:37:07.992Z","6843704","2","2","3893.089","7994.9813084112","3"
"1011","audio","2018-05-29T20:43:42.029Z","2018-05-29T20:43:41.553Z","2018-05-29T20:43:41.624Z","2018-05-29T20:43:41.855Z","64760","1.9619791666667","0","33.434","280.34632034632","2"
"1012","video","2018-05-29T20:44:14.880Z","2018-05-29T20:44:14.143Z","2018-05-29T20:44:14.292Z","2018-05-29T20:44:14.862Z","5614432","2","2","3893.089","9849.8807017544","1"
"1013","audio","2018-05-29T20:36:49.932Z","2018-05-29T20:36:49.082Z","2018-05-29T20:36:49.082Z","2018-05-29T20:36:49.887Z","66024","1.9619791666667","0","33.434","82.017391304348","4"
"1014","video","2018-05-29T20:37:10.292Z","2018-05-29T20:37:09.390Z","2018-05-29T20:37:09.707Z","2018-05-29T20:37:10.256Z","8683424","2","2","3893.089","15816.801457195","3"
"1015","audio","2018-05-29T20:43:42.658Z","2018-05-29T20:43:42.465Z","2018-05-29T20:43:42.596Z","2018-05-29T20:43:42.633Z","65872","1.9619791666667","0","33.434","1780.3243243243","2"
"1016","video","2018-05-29T20:44:17.610Z","2018-05-29T20:44:16.853Z","2018-05-29T20:44:16.950Z","2018-05-29T20:44:17.584Z","5548568","2","2","3893.089","8751.6845425868","1"
"1017","audio","2018-05-29T20:36:58.857Z","2018-05-29T20:36:58.756Z","2018-05-29T20:36:58.756Z","2018-05-29T20:36:58.801Z","64880","1.9619791666667","0","33.434","1441.7777777778","4"
"1018","video","2018-05-29T20:37:11.049Z","2018-05-29T20:37:10.639Z","2018-05-29T20:37:10.775Z","2018-05-29T20:37:11.018Z","2988528","2","2","3893.089","12298.469135802","3"
"1019","audio","2018-05-29T20:43:43.897Z","2018-05-29T20:43:43.478Z","2018-05-29T20:43:43.816Z","2018-05-29T20:43:43.887Z","65704","1.9619791666667","0","33.434","925.40845070423","2"
"1020","video","2018-05-29T20:44:19.848Z","2018-05-29T20:44:19.268Z","2018-05-29T20:44:19.370Z","2018-05-29T20:44:19.822Z","6447552","2","2","3893.089","14264.495575221","1"
"1021","audio","2018-05-29T20:37:01.389Z","2018-05-29T20:37:00.934Z","2018-05-29T20:37:00.934Z","2018-05-29T20:37:01.365Z","65792","1.9619791666667","0","33.434","152.64965197216","4"
"1022","video","2018-05-29T20:37:23.185Z","2018-05-29T20:37:21.945Z","2018-05-29T20:37:22.019Z","2018-05-29T20:37:23.152Z","6761024","2","2","3893.089","5967.3645189762","3"
"1023","audio","2018-05-29T20:43:45.877Z","2018-05-29T20:43:45.241Z","2018-05-29T20:43:45.695Z","2018-05-29T20:43:45.869Z","65648","1.9619791666667","0","33.434","377.28735632184","2"
"1024","audio","2018-05-29T20:37:03.264Z","2018-05-29T20:37:02.855Z","2018-05-29T20:37:02.855Z","2018-05-29T20:37:03.233Z","65784","1.9619791666667","0","33.434","174.03174603175","4"
"1025","video","2018-05-29T20:44:25.343Z","2018-05-29T20:44:24.241Z","2018-05-29T20:44:24.468Z","2018-05-29T20:44:25.327Z","7119160","2","2","3893.089","8287.7299185099","1"
"1026","video","2018-05-29T20:37:24.867Z","2018-05-29T20:37:24.276Z","2018-05-29T20:37:24.381Z","2018-05-29T20:37:24.818Z","5888904","2","2","3893.089","13475.752860412","3"
"1027","audio","2018-05-29T20:43:46.432Z","2018-05-29T20:43:46.138Z","2018-05-29T20:43:46.381Z","2018-05-29T20:43:46.411Z","65808","1.9619791666667","0","33.434","2193.6","2"
"1028","audio","2018-05-29T20:37:04.070Z","2018-05-29T20:37:03.745Z","2018-05-29T20:37:03.745Z","2018-05-29T20:37:04.052Z","65320","1.9619791666667","0","33.434","212.76872964169","4"
"1029","video","2018-05-29T20:44:27.348Z","2018-05-29T20:44:26.483Z","2018-05-29T20:44:26.661Z","2018-05-29T20:44:27.285Z","8388088","2","2","3893.089","13442.448717949","1"
"1030","video","2018-05-29T20:37:29.712Z","2018-05-29T20:37:29.141Z","2018-05-29T20:37:29.218Z","2018-05-29T20:37:29.700Z","9406944","2","2","3893.089","19516.481327801","3"
"1031","audio","2018-05-29T20:43:48.890Z","2018-05-29T20:43:48.800Z","2018-05-29T20:43:48.829Z","2018-05-29T20:43:48.856Z","65096","1.9619791666667","0","33.434","2410.962962963","2"
"1032","video","2018-05-29T20:37:32.528Z","2018-05-29T20:37:31.926Z","2018-05-29T20:37:32.218Z","2018-05-29T20:37:32.497Z","4414888","2","2","3893.089","15823.971326165","3"
"1033","video","2018-05-29T20:44:32.558Z","2018-05-29T20:44:31.822Z","2018-05-29T20:44:31.938Z","2018-05-29T20:44:32.539Z","5041984","2","2","3893.089","8389.3244592346","1"
"1034","audio","2018-05-29T20:37:05.045Z","2018-05-29T20:37:04.430Z","2018-05-29T20:37:04.430Z","2018-05-29T20:37:04.749Z","65272","1.9619791666667","0","33.434","204.6144200627","4"
"1035","audio","2018-05-29T20:43:54.705Z","2018-05-29T20:43:54.258Z","2018-05-29T20:43:54.608Z","2018-05-29T20:43:54.653Z","66168","1.9619791666667","0","33.434","1470.4","2"
"1036","video","2018-05-29T20:37:37.467Z","2018-05-29T20:37:36.793Z","2018-05-29T20:37:36.962Z","2018-05-29T20:37:37.457Z","6657768","2","2","3893.089","13450.036363636","3"
"1037","video","2018-05-29T20:44:34.749Z","2018-05-29T20:44:34.026Z","2018-05-29T20:44:34.147Z","2018-05-29T20:44:34.740Z","6478544","2","2","3893.089","10925.032040472","1"
"1038","audio","2018-05-29T20:37:05.779Z","2018-05-29T20:37:05.137Z","2018-05-29T20:37:05.137Z","2018-05-29T20:37:05.769Z","65408","1.9619791666667","0","33.434","103.49367088608","4"
"1039","audio","2018-05-29T20:43:57.082Z","2018-05-29T20:43:56.683Z","2018-05-29T20:43:57.001Z","2018-05-29T20:43:57.053Z","65960","1.9619791666667","0","33.434","1268.4615384615","2"
"1040","audio","2018-05-29T20:37:05.857Z","2018-05-29T20:37:05.210Z","2018-05-29T20:37:05.210Z","2018-05-29T20:37:05.827Z","65968","1.9619791666667","0","33.434","106.91734197731","4"
"1041","video","2018-05-29T20:44:39.813Z","2018-05-29T20:44:39.122Z","2018-05-29T20:44:39.248Z","2018-05-29T20:44:39.793Z","4267312","2","2","3893.089","7829.9302752294","1"
"1042","video","2018-05-29T20:37:40.220Z","2018-05-29T20:37:39.251Z","2018-05-29T20:37:39.475Z","2018-05-29T20:37:40.217Z","8935040","2","2","3893.089","12041.832884097","3"
"1043","audio","2018-05-29T20:43:59.547Z","2018-05-29T20:43:59.246Z","2018-05-29T20:43:59.504Z","2018-05-29T20:43:59.531Z","65288","1.9619791666667","0","33.434","2418.0740740741","2"
"1044","audio","2018-05-29T20:37:12.000Z","2018-05-29T20:37:11.816Z","2018-05-29T20:37:11.816Z","2018-05-29T20:37:11.971Z","65720","1.9619791666667","0","33.434","424","4"
"1045","video","2018-05-29T20:37:41.976Z","2018-05-29T20:37:41.517Z","2018-05-29T20:37:41.651Z","2018-05-29T20:37:41.942Z","6935440","2","2","3893.089","23833.127147766","3"
"1046","video","2018-05-29T20:44:42.802Z","2018-05-29T20:44:41.629Z","2018-05-29T20:44:41.689Z","2018-05-29T20:44:42.764Z","7586880","2","2","3893.089","7057.5627906977","1"
"1047","audio","2018-05-29T20:44:01.731Z","2018-05-29T20:44:01.428Z","2018-05-29T20:44:01.606Z","2018-05-29T20:44:01.694Z","65496","1.9619791666667","0","33.434","744.27272727273","2"
"1048","audio","2018-05-29T20:37:19.429Z","2018-05-29T20:37:19.125Z","2018-05-29T20:37:19.125Z","2018-05-29T20:37:19.401Z","66344","1.9619791666667","0","33.434","240.3768115942","4"
"1049","video","2018-05-29T20:37:43.615Z","2018-05-29T20:37:42.573Z","2018-05-29T20:37:43.038Z","2018-05-29T20:37:43.603Z","9611528","2","2","3893.089","17011.553982301","3"
"1050","video","2018-05-29T20:44:45.108Z","2018-05-29T20:44:44.292Z","2018-05-29T20:44:44.390Z","2018-05-29T20:44:45.082Z","8695168","2","2","3893.089","12565.271676301","1"
"1051","audio","2018-05-29T20:44:07.233Z","2018-05-29T20:44:06.642Z","2018-05-29T20:44:07.115Z","2018-05-29T20:44:07.186Z","65360","1.9619791666667","0","33.434","920.56338028169","2"
"1052","video","2018-05-29T20:37:45.242Z","2018-05-29T20:37:44.444Z","2018-05-29T20:37:44.649Z","2018-05-29T20:37:45.178Z","7512168","2","2","3893.089","14200.695652174","3"
"1053","video","2018-05-29T20:44:48.134Z","2018-05-29T20:44:47.107Z","2018-05-29T20:44:47.291Z","2018-05-29T20:44:48.098Z","8146056","2","2","3893.089","10094.24535316","1"
"1054","audio","2018-05-29T20:37:22.186Z","2018-05-29T20:37:21.981Z","2018-05-29T20:37:21.981Z","2018-05-29T20:37:22.133Z","64760","1.9619791666667","0","33.434","426.05263157895","4"
"1055","video","2018-05-29T20:37:46.956Z","2018-05-29T20:37:45.931Z","2018-05-29T20:37:46.346Z","2018-05-29T20:37:46.951Z","8376368","2","2","3893.089","13845.236363636","3"
"1056","audio","2018-05-29T20:44:09.550Z","2018-05-29T20:44:09.225Z","2018-05-29T20:44:09.430Z","2018-05-29T20:44:09.547Z","65496","1.9619791666667","0","33.434","559.79487179487","2"
"1057","video","2018-05-29T20:44:50.131Z","2018-05-29T20:44:49.010Z","2018-05-29T20:44:49.170Z","2018-05-29T20:44:50.094Z","9276712","2","2","3893.089","10039.731601732","1"
"1058","audio","2018-05-29T20:37:23.465Z","2018-05-29T20:37:22.930Z","2018-05-29T20:37:22.930Z","2018-05-29T20:37:23.449Z","65488","1.9619791666667","0","33.434","126.18111753372","4"
"1059","video","2018-05-29T20:37:55.017Z","2018-05-29T20:37:54.220Z","2018-05-29T20:37:54.363Z","2018-05-29T20:37:55.005Z","7744336","2","2","3893.089","12062.828660436","3"
"1060","audio","2018-05-29T20:44:12.133Z","2018-05-29T20:44:11.626Z","2018-05-29T20:44:12.051Z","2018-05-29T20:44:12.109Z","65528","1.9619791666667","0","33.434","1129.7931034483","2"
"1061","audio","2018-05-29T20:37:29.252Z","2018-05-29T20:37:29.165Z","2018-05-29T20:37:29.165Z","2018-05-29T20:37:29.244Z","65752","1.9619791666667","0","33.434","832.30379746835","4"
"1062","video","2018-05-29T20:44:55.091Z","2018-05-29T20:44:54.220Z","2018-05-29T20:44:54.307Z","2018-05-29T20:44:55.035Z","7330144","2","2","3893.089","10068.879120879","1"
"1063","audio","2018-05-29T20:44:14.610Z","2018-05-29T20:44:14.174Z","2018-05-29T20:44:14.503Z","2018-05-29T20:44:14.583Z","66088","1.9619791666667","0","33.434","826.1","2"
"1064","video","2018-05-29T20:37:59.613Z","2018-05-29T20:37:59.072Z","2018-05-29T20:37:59.125Z","2018-05-29T20:37:59.607Z","8330872","2","2","3893.089","17283.966804979","3"
"1065","video","2018-05-29T20:44:57.455Z","2018-05-29T20:44:56.478Z","2018-05-29T20:44:56.502Z","2018-05-29T20:44:57.398Z","10584096","2","2","3893.089","11812.607142857","1"
"1066","audio","2018-05-29T20:37:32.326Z","2018-05-29T20:37:31.979Z","2018-05-29T20:37:31.979Z","2018-05-29T20:37:32.308Z","65472","1.9619791666667","0","33.434","199.00303951368","4"
"1067","audio","2018-05-29T20:44:17.228Z","2018-05-29T20:44:16.900Z","2018-05-29T20:44:17.128Z","2018-05-29T20:44:17.208Z","65888","1.9619791666667","0","33.434","823.6","2"
"1068","video","2018-05-29T20:38:01.963Z","2018-05-29T20:38:01.452Z","2018-05-29T20:38:01.552Z","2018-05-29T20:38:01.940Z","7019816","2","2","3893.089","18092.309278351","3"
"1069","audio","2018-05-29T20:37:34.506Z","2018-05-29T20:37:34.101Z","2018-05-29T20:37:34.101Z","2018-05-29T20:37:34.456Z","66024","1.9619791666667","0","33.434","185.98309859155","4"
"1070","video","2018-05-29T20:45:00.470Z","2018-05-29T20:44:59.126Z","2018-05-29T20:44:59.814Z","2018-05-29T20:45:00.452Z","7763880","2","2","3893.089","12169.090909091","1"
"1071","audio","2018-05-29T20:44:22.053Z","2018-05-29T20:44:21.886Z","2018-05-29T20:44:21.978Z","2018-05-29T20:44:22.022Z","65832","1.9619791666667","0","33.434","1496.1818181818","2"
"1072","video","2018-05-29T20:38:10.005Z","2018-05-29T20:38:09.186Z","2018-05-29T20:38:09.617Z","2018-05-29T20:38:09.998Z","9114880","2","2","3893.089","23923.569553806","3"
"1073","audio","2018-05-29T20:37:37.103Z","2018-05-29T20:37:36.872Z","2018-05-29T20:37:36.872Z","2018-05-29T20:37:37.080Z","65456","1.9619791666667","0","33.434","314.69230769231","4"
"1074","video","2018-05-29T20:45:04.228Z","2018-05-29T20:45:02.649Z","2018-05-29T20:45:03.131Z","2018-05-29T20:45:04.173Z","7330816","2","2","3893.089","7035.3320537428","1"
"1075","audio","2018-05-29T20:44:22.813Z","2018-05-29T20:44:22.289Z","2018-05-29T20:44:22.704Z","2018-05-29T20:44:22.767Z","64808","1.9619791666667","0","33.434","1028.6984126984","2"
"1076","video","2018-05-29T20:38:12.211Z","2018-05-29T20:38:11.720Z","2018-05-29T20:38:11.741Z","2018-05-29T20:38:12.171Z","7270224","2","2","3893.089","16907.497674419","3"
"1077","audio","2018-05-29T20:37:39.746Z","2018-05-29T20:37:39.286Z","2018-05-29T20:37:39.286Z","2018-05-29T20:37:39.710Z","65408","1.9619791666667","0","33.434","154.2641509434","4"
"1078","video","2018-05-29T20:45:05.577Z","2018-05-29T20:45:04.646Z","2018-05-29T20:45:04.962Z","2018-05-29T20:45:05.557Z","6768736","2","2","3893.089","11376.026890756","1"
"1079","video","2018-05-29T20:38:15.229Z","2018-05-29T20:38:14.337Z","2018-05-29T20:38:14.630Z","2018-05-29T20:38:15.187Z","8020224","2","2","3893.089","14398.965888689","3"
"1080","audio","2018-05-29T20:44:24.923Z","2018-05-29T20:44:24.326Z","2018-05-29T20:44:24.828Z","2018-05-29T20:44:24.878Z","65128","1.9619791666667","0","33.434","1302.56","2"
"1081","video","2018-05-29T20:45:06.926Z","2018-05-29T20:45:05.937Z","2018-05-29T20:45:06.137Z","2018-05-29T20:45:06.915Z","7456104","2","2","3893.089","9583.6812339332","1"
"1082","audio","2018-05-29T20:37:44.726Z","2018-05-29T20:37:44.481Z","2018-05-29T20:37:44.481Z","2018-05-29T20:37:44.673Z","65936","1.9619791666667","0","33.434","343.41666666667","4"
"1083","audio","2018-05-29T20:44:26.904Z","2018-05-29T20:44:26.527Z","2018-05-29T20:44:26.783Z","2018-05-29T20:44:26.837Z","66224","1.9619791666667","0","33.434","1226.3703703704","2"
"1084","video","2018-05-29T20:38:19.580Z","2018-05-29T20:38:19.139Z","2018-05-29T20:38:19.232Z","2018-05-29T20:38:19.578Z","9751544","2","2","3893.089","28183.653179191","3"
"1085","video","2018-05-29T20:45:14.678Z","2018-05-29T20:45:13.891Z","2018-05-29T20:45:13.997Z","2018-05-29T20:45:14.671Z","9362552","2","2","3893.089","13891.026706231","1"
"1086","audio","2018-05-29T20:37:45.818Z","2018-05-29T20:37:45.484Z","2018-05-29T20:37:45.484Z","2018-05-29T20:37:45.772Z","65816","1.9619791666667","0","33.434","228.52777777778","4"
"1087","video","2018-05-29T20:38:22.413Z","2018-05-29T20:38:21.704Z","2018-05-29T20:38:21.843Z","2018-05-29T20:38:22.402Z","7309360","2","2","3893.089","13075.778175313","3"
"1088","audio","2018-05-29T20:44:32.286Z","2018-05-29T20:44:31.885Z","2018-05-29T20:44:32.192Z","2018-05-29T20:44:32.250Z","65408","1.9619791666667","0","33.434","1127.724137931","2"
"1089","video","2018-05-29T20:45:17.554Z","2018-05-29T20:45:16.637Z","2018-05-29T20:45:16.750Z","2018-05-29T20:45:17.547Z","8727880","2","2","3893.089","10950.915934755","1"
"1090","audio","2018-05-29T20:37:49.017Z","2018-05-29T20:37:48.856Z","2018-05-29T20:37:48.856Z","2018-05-29T20:37:48.991Z","64896","1.9619791666667","0","33.434","480.71111111111","4"
"1091","video","2018-05-29T20:38:24.958Z","2018-05-29T20:38:24.310Z","2018-05-29T20:38:24.584Z","2018-05-29T20:38:24.943Z","8061264","2","2","3893.089","22454.774373259","3"
"1092","audio","2018-05-29T20:44:34.290Z","2018-05-29T20:44:34.079Z","2018-05-29T20:44:34.200Z","2018-05-29T20:44:34.258Z","65296","1.9619791666667","0","33.434","1125.7931034483","2"
"1093","video","2018-05-29T20:45:20.065Z","2018-05-29T20:45:19.183Z","2018-05-29T20:45:19.334Z","2018-05-29T20:45:20.015Z","8337320","2","2","3893.089","12242.760646109","1"
"1094","audio","2018-05-29T20:37:54.686Z","2018-05-29T20:37:54.289Z","2018-05-29T20:37:54.289Z","2018-05-29T20:37:54.608Z","65960","1.9619791666667","0","33.434","206.77115987461","4"
"1095","audio","2018-05-29T20:44:39.578Z","2018-05-29T20:44:39.158Z","2018-05-29T20:44:39.475Z","2018-05-29T20:44:39.528Z","65928","1.9619791666667","0","33.434","1243.9245283019","2"
"1096","video","2018-05-29T20:38:26.353Z","2018-05-29T20:38:25.772Z","2018-05-29T20:38:25.972Z","2018-05-29T20:38:26.311Z","6634344","2","2","3893.089","19570.336283186","3"
"1097","video","2018-05-29T20:45:21.616Z","2018-05-29T20:45:20.572Z","2018-05-29T20:45:20.773Z","2018-05-29T20:45:21.608Z","8511320","2","2","3893.089","10193.19760479","1"
"1098","audio","2018-05-29T20:37:56.473Z","2018-05-29T20:37:56.447Z","2018-05-29T20:37:56.447Z","2018-05-29T20:37:56.468Z","65296","1.9619791666667","0","33.434","3109.3333333333","4"
"1099","audio","2018-05-29T20:44:42.082Z","2018-05-29T20:44:41.654Z","2018-05-29T20:44:41.803Z","2018-05-29T20:44:41.924Z","65664","1.9619791666667","0","33.434","542.67768595041","2"
"1100","video","2018-05-29T20:38:27.138Z","2018-05-29T20:38:26.632Z","2018-05-29T20:38:26.723Z","2018-05-29T20:38:27.124Z","9417848","2","2","3893.089","23485.905236908","3"
"1101","video","2018-05-29T20:45:24.660Z","2018-05-29T20:45:24.044Z","2018-05-29T20:45:24.127Z","2018-05-29T20:45:24.658Z","6917488","2","2","3893.089","13027.284369115","1"
"1102","audio","2018-05-29T20:37:59.162Z","2018-05-29T20:37:59.090Z","2018-05-29T20:37:59.090Z","2018-05-29T20:37:59.158Z","66064","1.9619791666667","0","33.434","971.52941176471","4"
"1103","video","2018-05-29T20:38:31.008Z","2018-05-29T20:38:30.093Z","2018-05-29T20:38:30.322Z","2018-05-29T20:38:30.994Z","8035152","2","2","3893.089","11957.071428571","3"
"1104","audio","2018-05-29T20:44:44.613Z","2018-05-29T20:44:44.358Z","2018-05-29T20:44:44.438Z","2018-05-29T20:44:44.557Z","65216","1.9619791666667","0","33.434","548.03361344538","2"
"1105","video","2018-05-29T20:45:25.406Z","2018-05-29T20:45:24.890Z","2018-05-29T20:45:25.009Z","2018-05-29T20:45:25.404Z","5056040","2","2","3893.089","12800.101265823","1"
"1106","audio","2018-05-29T20:38:01.737Z","2018-05-29T20:38:01.517Z","2018-05-29T20:38:01.517Z","2018-05-29T20:38:01.710Z","65336","1.9619791666667","0","33.434","338.52849740933","4"
"1107","video","2018-05-29T20:38:33.158Z","2018-05-29T20:38:32.182Z","2018-05-29T20:38:32.391Z","2018-05-29T20:38:33.134Z","7607448","2","2","3893.089","10238.826379542","3"
"1108","audio","2018-05-29T20:44:47.737Z","2018-05-29T20:44:47.184Z","2018-05-29T20:44:47.628Z","2018-05-29T20:44:47.718Z","65560","1.9619791666667","0","33.434","728.44444444444","2"
"1109","audio","2018-05-29T20:38:09.565Z","2018-05-29T20:38:09.270Z","2018-05-29T20:38:09.270Z","2018-05-29T20:38:09.543Z","65512","1.9619791666667","0","33.434","239.9706959707","4"
"1110","video","2018-05-29T20:45:30.893Z","2018-05-29T20:45:30.115Z","2018-05-29T20:45:30.171Z","2018-05-29T20:45:30.879Z","10477608","2","2","3893.089","14798.881355932","1"
"1111","audio","2018-05-29T20:44:49.669Z","2018-05-29T20:44:49.092Z","2018-05-29T20:44:49.324Z","2018-05-29T20:44:49.554Z","65552","1.9619791666667","0","33.434","285.00869565217","2"
"1112","video","2018-05-29T20:38:34.998Z","2018-05-29T20:38:34.506Z","2018-05-29T20:38:34.666Z","2018-05-29T20:38:34.983Z","8033240","2","2","3893.089","25341.451104101","3"
"1113","video","2018-05-29T20:45:32.916Z","2018-05-29T20:45:31.570Z","2018-05-29T20:45:31.665Z","2018-05-29T20:45:32.779Z","10703664","2","2","3893.089","9608.315978456","1"
"1114","audio","2018-05-29T20:38:11.877Z","2018-05-29T20:38:11.724Z","2018-05-29T20:38:11.724Z","2018-05-29T20:38:11.862Z","65824","1.9619791666667","0","33.434","476.98550724638","4"
"1115","video","2018-05-29T20:38:36.729Z","2018-05-29T20:38:35.720Z","2018-05-29T20:38:35.982Z","2018-05-29T20:38:36.635Z","8359456","2","2","3893.089","12801.617151608","3"
"1116","audio","2018-05-29T20:44:56.663Z","2018-05-29T20:44:56.483Z","2018-05-29T20:44:56.614Z","2018-05-29T20:44:56.660Z","65296","1.9619791666667","0","33.434","1419.4782608696","2"
"1117","audio","2018-05-29T20:38:12.543Z","2018-05-29T20:38:12.337Z","2018-05-29T20:38:12.337Z","2018-05-29T20:38:12.513Z","65208","1.9619791666667","0","33.434","370.5","4"
"1118","video","2018-05-29T20:45:33.832Z","2018-05-29T20:45:33.219Z","2018-05-29T20:45:33.404Z","2018-05-29T20:45:33.798Z","6380856","2","2","3893.089","16195.065989848","1"
"1119","audio","2018-05-29T20:44:57.972Z","2018-05-29T20:44:57.534Z","2018-05-29T20:44:57.876Z","2018-05-29T20:44:57.909Z","65712","1.9619791666667","0","33.434","1991.2727272727","2"
"1120","video","2018-05-29T20:38:39.079Z","2018-05-29T20:38:38.237Z","2018-05-29T20:38:38.515Z","2018-05-29T20:38:39.076Z","7479976","2","2","3893.089","13333.290552585","3"
"1121","audio","2018-05-29T20:38:19.354Z","2018-05-29T20:38:19.142Z","2018-05-29T20:38:19.142Z","2018-05-29T20:38:19.297Z","66056","1.9619791666667","0","33.434","426.16774193548","4"
"1122","video","2018-05-29T20:45:37.610Z","2018-05-29T20:45:36.530Z","2018-05-29T20:45:36.568Z","2018-05-29T20:45:37.571Z","10444872","2","2","3893.089","10413.63110668","1"
"1123","audio","2018-05-29T20:45:03.723Z","2018-05-29T20:45:02.909Z","2018-05-29T20:45:03.511Z","2018-05-29T20:45:03.716Z","65712","1.9619791666667","0","33.434","320.54634146341","2"
"1124","video","2018-05-29T20:38:47.443Z","2018-05-29T20:38:46.628Z","2018-05-29T20:38:46.678Z","2018-05-29T20:38:47.357Z","8153888","2","2","3893.089","12008.671575847","3"
"1125","video","2018-05-29T20:45:38.141Z","2018-05-29T20:45:36.922Z","2018-05-29T20:45:37.456Z","2018-05-29T20:45:38.128Z","5181352","2","2","3893.089","7710.3452380952","1"
"1126","audio","2018-05-29T20:38:19.802Z","2018-05-29T20:38:19.701Z","2018-05-29T20:38:19.701Z","2018-05-29T20:38:19.764Z","65432","1.9619791666667","0","33.434","1038.6031746032","4"
"1127","audio","2018-05-29T20:45:05.186Z","2018-05-29T20:45:04.712Z","2018-05-29T20:45:05.115Z","2018-05-29T20:45:05.167Z","65632","1.9619791666667","0","33.434","1262.1538461538","2"
"1128","video","2018-05-29T20:38:49.764Z","2018-05-29T20:38:49.434Z","2018-05-29T20:38:49.507Z","2018-05-29T20:38:49.743Z","7946968","2","2","3893.089","33673.593220339","3"
"1129","video","2018-05-29T20:45:39.969Z","2018-05-29T20:45:39.279Z","2018-05-29T20:45:39.358Z","2018-05-29T20:45:39.964Z","7200752","2","2","3893.089","11882.429042904","1"
"1130","audio","2018-05-29T20:38:24.712Z","2018-05-29T20:38:24.368Z","2018-05-29T20:38:24.368Z","2018-05-29T20:38:24.662Z","65568","1.9619791666667","0","33.434","223.02040816327","4"
"1131","audio","2018-05-29T20:45:11.677Z","2018-05-29T20:45:11.539Z","2018-05-29T20:45:11.592Z","2018-05-29T20:45:11.644Z","65080","1.9619791666667","0","33.434","1251.5384615385","2"
"1132","video","2018-05-29T20:38:52.179Z","2018-05-29T20:38:51.653Z","2018-05-29T20:38:51.696Z","2018-05-29T20:38:52.169Z","8743024","2","2","3893.089","18484.194503171","3"
"1133","video","2018-05-29T20:45:47.857Z","2018-05-29T20:45:46.590Z","2018-05-29T20:45:46.759Z","2018-05-29T20:45:47.797Z","12481760","2","2","3893.089","12024.816955684","1"
"1134","audio","2018-05-29T20:38:25.654Z","2018-05-29T20:38:25.242Z","2018-05-29T20:38:25.242Z","2018-05-29T20:38:25.634Z","65344","1.9619791666667","0","33.434","166.69387755102","4"
"1135","audio","2018-05-29T20:45:14.332Z","2018-05-29T20:45:13.894Z","2018-05-29T20:45:14.101Z","2018-05-29T20:45:14.307Z","66240","1.9619791666667","0","33.434","321.55339805825","2"
"1136","video","2018-05-29T20:38:57.857Z","2018-05-29T20:38:56.942Z","2018-05-29T20:38:57.083Z","2018-05-29T20:38:57.788Z","6205608","2","2","3893.089","8802.2808510638","3"
"1137","video","2018-05-29T20:45:48.251Z","2018-05-29T20:45:47.360Z","2018-05-29T20:45:47.505Z","2018-05-29T20:45:48.226Z","5567512","2","2","3893.089","7721.9306518724","1"
"1138","audio","2018-05-29T20:38:26.889Z","2018-05-29T20:38:26.669Z","2018-05-29T20:38:26.669Z","2018-05-29T20:38:26.865Z","66440","1.9619791666667","0","33.434","338.97959183673","4"
"1139","audio","2018-05-29T20:45:17.006Z","2018-05-29T20:45:16.670Z","2018-05-29T20:45:16.946Z","2018-05-29T20:45:17.004Z","65424","1.9619791666667","0","33.434","1128","2"
"1140","video","2018-05-29T20:38:59.735Z","2018-05-29T20:38:59.165Z","2018-05-29T20:38:59.270Z","2018-05-29T20:38:59.643Z","7205392","2","2","3893.089","19317.404825737","3"
"1141","video","2018-05-29T20:45:50.650Z","2018-05-29T20:45:49.971Z","2018-05-29T20:45:50.031Z","2018-05-29T20:45:50.648Z","7381280","2","2","3893.089","11963.176661264","1"
"1142","audio","2018-05-29T20:38:30.516Z","2018-05-29T20:38:30.195Z","2018-05-29T20:38:30.195Z","2018-05-29T20:38:30.466Z","65392","1.9619791666667","0","33.434","241.29889298893","4"
"1143","audio","2018-05-29T20:45:19.561Z","2018-05-29T20:45:19.230Z","2018-05-29T20:45:19.530Z","2018-05-29T20:45:19.542Z","65328","1.9619791666667","0","33.434","5444","2"
"1144","video","2018-05-29T20:39:01.026Z","2018-05-29T20:39:00.020Z","2018-05-29T20:39:00.109Z","2018-05-29T20:39:00.964Z","8009840","2","2","3893.089","9368.2339181287","3"
"1145","video","2018-05-29T20:45:51.260Z","2018-05-29T20:45:50.708Z","2018-05-29T20:45:50.721Z","2018-05-29T20:45:51.244Z","5089864","2","2","3893.089","9732.0535372849","1"
"1146","audio","2018-05-29T20:38:32.709Z","2018-05-29T20:38:32.244Z","2018-05-29T20:38:32.244Z","2018-05-29T20:38:32.637Z","64824","1.9619791666667","0","33.434","164.9465648855","4"
"1147","video","2018-05-29T20:39:03.085Z","2018-05-29T20:39:01.876Z","2018-05-29T20:39:02.643Z","2018-05-29T20:39:03.034Z","8258184","2","2","3893.089","21120.675191816","3"
"1148","audio","2018-05-29T20:45:20.558Z","2018-05-29T20:45:20.250Z","2018-05-29T20:45:20.484Z","2018-05-29T20:45:20.536Z","65520","1.9619791666667","0","33.434","1260","2"
"1149","audio","2018-05-29T20:38:38.802Z","2018-05-29T20:38:38.267Z","2018-05-29T20:38:38.267Z","2018-05-29T20:38:38.778Z","65912","1.9619791666667","0","33.434","128.98630136986","4"
"1150","video","2018-05-29T20:45:54.867Z","2018-05-29T20:45:53.953Z","2018-05-29T20:45:54.027Z","2018-05-29T20:45:54.762Z","3651240","2","2","3893.089","4967.6734693878","1"
"1151","audio","2018-05-29T20:45:28.958Z","2018-05-29T20:45:28.706Z","2018-05-29T20:45:28.812Z","2018-05-29T20:45:28.927Z","64904","1.9619791666667","0","33.434","564.38260869565","2"
"1152","video","2018-05-29T20:45:56.231Z","2018-05-29T20:45:54.911Z","2018-05-29T20:45:55.096Z","2018-05-29T20:45:56.174Z","12073704","2","2","3893.089","11200.096474954","1"
"1153","audio","2018-05-29T20:38:44.406Z","2018-05-29T20:38:44.169Z","2018-05-29T20:38:44.169Z","2018-05-29T20:38:44.397Z","65720","1.9619791666667","0","33.434","288.24561403509","4"
"1154","video","2018-05-29T20:39:05.394Z","2018-05-29T20:39:04.606Z","2018-05-29T20:39:04.813Z","2018-05-29T20:39:05.387Z","11254424","2","2","3893.089","19607.010452962","3"
"1155","audio","2018-05-29T20:45:29.270Z","2018-05-29T20:45:29.028Z","2018-05-29T20:45:29.186Z","2018-05-29T20:45:29.239Z","66056","1.9619791666667","0","33.434","1246.3396226415","2"
"1156","video","2018-05-29T20:45:58.266Z","2018-05-29T20:45:57.171Z","2018-05-29T20:45:57.274Z","2018-05-29T20:45:58.263Z","10009432","2","2","3893.089","10120.760364004","1"
"1157","audio","2018-05-29T20:38:44.849Z","2018-05-29T20:38:44.742Z","2018-05-29T20:38:44.742Z","2018-05-29T20:38:44.807Z","65392","1.9619791666667","0","33.434","1006.0307692308","4"
"1158","video","2018-05-29T20:39:07.497Z","2018-05-29T20:39:06.834Z","2018-05-29T20:39:07.100Z","2018-05-29T20:39:07.479Z","7614304","2","2","3893.089","20090.511873351","3"
"1159","video","2018-05-29T20:39:10.825Z","2018-05-29T20:39:09.541Z","2018-05-29T20:39:10.027Z","2018-05-29T20:39:10.723Z","4691824","2","2","3893.089","6741.1264367816","3"
"1160","audio","2018-05-29T20:38:46.879Z","2018-05-29T20:38:46.635Z","2018-05-29T20:38:46.635Z","2018-05-29T20:38:46.850Z","66040","1.9619791666667","0","33.434","307.16279069767","4"
"1161","audio","2018-05-29T20:45:29.979Z","2018-05-29T20:45:29.654Z","2018-05-29T20:45:29.846Z","2018-05-29T20:45:29.907Z","65560","1.9619791666667","0","33.434","1074.7540983607","2"
"1162","video","2018-05-29T20:46:02.060Z","2018-05-29T20:46:01.291Z","2018-05-29T20:46:01.481Z","2018-05-29T20:46:02.039Z","4267184","2","2","3893.089","7647.2831541219","1"
"1163","audio","2018-05-29T20:38:49.653Z","2018-05-29T20:38:49.477Z","2018-05-29T20:38:49.477Z","2018-05-29T20:38:49.644Z","65168","1.9619791666667","0","33.434","390.22754491018","4"
"1164","video","2018-05-29T20:39:19.266Z","2018-05-29T20:39:18.834Z","2018-05-29T20:39:18.977Z","2018-05-29T20:39:19.243Z","6904568","2","2","3893.089","25957.022556391","3"
"1165","audio","2018-05-29T20:45:32.440Z","2018-05-29T20:45:31.601Z","2018-05-29T20:45:32.263Z","2018-05-29T20:45:32.372Z","66208","1.9619791666667","0","33.434","607.4128440367","2"
"1166","video","2018-05-29T20:46:04.427Z","2018-05-29T20:46:03.928Z","2018-05-29T20:46:04.258Z","2018-05-29T20:46:04.424Z","4839568","2","2","3893.089","29154.024096386","1"
"1167","video","2018-05-29T20:46:05.413Z","2018-05-29T20:46:04.694Z","2018-05-29T20:46:04.989Z","2018-05-29T20:46:05.408Z","7868432","2","2","3893.089","18779.07398568","1"
"1168","audio","2018-05-29T20:38:54.149Z","2018-05-29T20:38:53.995Z","2018-05-29T20:38:53.995Z","2018-05-29T20:38:54.102Z","65784","1.9619791666667","0","33.434","614.80373831776","4"
"1169","audio","2018-05-29T20:45:33.199Z","2018-05-29T20:45:32.598Z","2018-05-29T20:45:33.126Z","2018-05-29T20:45:33.150Z","65760","1.9619791666667","0","33.434","2740","2"
"1170","video","2018-05-29T20:39:25.696Z","2018-05-29T20:39:24.485Z","2018-05-29T20:39:24.761Z","2018-05-29T20:39:25.650Z","10629848","2","2","3893.089","11957.084364454","3"
"1171","audio","2018-05-29T20:38:55.188Z","2018-05-29T20:38:54.578Z","2018-05-29T20:38:54.578Z","2018-05-29T20:38:55.146Z","65360","1.9619791666667","0","33.434","115.07042253521","4"
"1172","video","2018-05-29T20:46:08.055Z","2018-05-29T20:46:06.793Z","2018-05-29T20:46:06.988Z","2018-05-29T20:46:07.987Z","12536304","2","2","3893.089","12548.852852853","1"
"1173","video","2018-05-29T20:39:28.121Z","2018-05-29T20:39:26.925Z","2018-05-29T20:39:27.116Z","2018-05-29T20:39:28.002Z","8686976","2","2","3893.089","9804.7133182844","3"
"1174","audio","2018-05-29T20:45:39.624Z","2018-05-29T20:45:39.297Z","2018-05-29T20:45:39.604Z","2018-05-29T20:45:39.614Z","65144","1.9619791666667","0","33.434","6514.4","2"
"1175","audio","2018-05-29T20:38:57.467Z","2018-05-29T20:38:57.040Z","2018-05-29T20:38:57.040Z","2018-05-29T20:38:57.426Z","65792","1.9619791666667","0","33.434","170.44559585492","4"
"1176","video","2018-05-29T20:39:31.385Z","2018-05-29T20:39:29.881Z","2018-05-29T20:39:30.041Z","2018-05-29T20:39:31.312Z","8802200","2","2","3893.089","6925.4130605822","3"
"1177","video","2018-05-29T20:46:12.528Z","2018-05-29T20:46:12.024Z","2018-05-29T20:46:12.164Z","2018-05-29T20:46:12.523Z","3915664","2","2","3893.089","10907.142061281","1"
"1178","audio","2018-05-29T20:45:40.300Z","2018-05-29T20:45:40.044Z","2018-05-29T20:45:40.232Z","2018-05-29T20:45:40.253Z","65696","1.9619791666667","0","33.434","3128.380952381","2"
"1179","audio","2018-05-29T20:38:59.299Z","2018-05-29T20:38:59.169Z","2018-05-29T20:38:59.169Z","2018-05-29T20:38:59.288Z","65616","1.9619791666667","0","33.434","551.39495798319","4"
"1180","audio","2018-05-29T20:45:40.881Z","2018-05-29T20:45:40.561Z","2018-05-29T20:45:40.778Z","2018-05-29T20:45:40.868Z","66136","1.9619791666667","0","33.434","734.84444444444","2"
"1181","video","2018-05-29T20:46:14.929Z","2018-05-29T20:46:14.037Z","2018-05-29T20:46:14.204Z","2018-05-29T20:46:14.870Z","9506552","2","2","3893.089","14274.102102102","1"
"1182","video","2018-05-29T20:39:33.753Z","2018-05-29T20:39:33.115Z","2018-05-29T20:39:33.185Z","2018-05-29T20:39:33.728Z","5660408","2","2","3893.089","10424.32412523","3"
"1183","audio","2018-05-29T20:45:41.447Z","2018-05-29T20:45:41.241Z","2018-05-29T20:45:41.344Z","2018-05-29T20:45:41.397Z","65160","1.9619791666667","0","33.434","1229.4339622642","2"
"1184","audio","2018-05-29T20:39:05.024Z","2018-05-29T20:39:04.683Z","2018-05-29T20:39:04.683Z","2018-05-29T20:39:05.017Z","65536","1.9619791666667","0","33.434","196.21556886228","4"
"1185","video","2018-05-29T20:39:35.654Z","2018-05-29T20:39:34.607Z","2018-05-29T20:39:34.705Z","2018-05-29T20:39:35.609Z","10212664","2","2","3893.089","11297.194690265","3"
"1186","video","2018-05-29T20:46:20.090Z","2018-05-29T20:46:18.941Z","2018-05-29T20:46:19.013Z","2018-05-29T20:46:20.062Z","10460160","2","2","3893.089","9971.5538608198","1"
"1187","audio","2018-05-29T20:45:44.331Z","2018-05-29T20:45:44.115Z","2018-05-29T20:45:44.205Z","2018-05-29T20:45:44.265Z","65808","1.9619791666667","0","33.434","1096.8","2"
"1188","video","2018-05-29T20:39:39.097Z","2018-05-29T20:39:39.016Z","2018-05-29T20:39:39.054Z","2018-05-29T20:39:39.094Z","3946280","2","2","3893.089","98657","3"
"1189","video","2018-05-29T20:46:22.129Z","2018-05-29T20:46:21.684Z","2018-05-29T20:46:21.708Z","2018-05-29T20:46:22.122Z","4803624","2","2","3893.089","11602.956521739","1"
"1190","audio","2018-05-29T20:39:07.192Z","2018-05-29T20:39:06.926Z","2018-05-29T20:39:06.926Z","2018-05-29T20:39:07.182Z","65616","1.9619791666667","0","33.434","256.3125","4"
"1191","audio","2018-05-29T20:45:45.081Z","2018-05-29T20:45:44.664Z","2018-05-29T20:45:44.985Z","2018-05-29T20:45:45.029Z","65272","1.9619791666667","0","33.434","1483.4545454545","2"
"1192","audio","2018-05-29T20:39:10.579Z","2018-05-29T20:39:09.765Z","2018-05-29T20:39:09.765Z","2018-05-29T20:39:10.469Z","65624","1.9619791666667","0","33.434","93.215909090909","4"
"1193","video","2018-05-29T20:39:42.399Z","2018-05-29T20:39:41.651Z","2018-05-29T20:39:41.846Z","2018-05-29T20:39:42.371Z","6600720","2","2","3893.089","12572.8","3"
"1194","video","2018-05-29T20:46:25.070Z","2018-05-29T20:46:24.134Z","2018-05-29T20:46:24.280Z","2018-05-29T20:46:25.029Z","10184896","2","2","3893.089","13597.991989319","1"
"1195","audio","2018-05-29T20:45:47.028Z","2018-05-29T20:45:46.676Z","2018-05-29T20:45:46.983Z","2018-05-29T20:45:47.005Z","65656","1.9619791666667","0","33.434","2984.3636363636","2"
"1196","audio","2018-05-29T20:39:12.345Z","2018-05-29T20:39:12.226Z","2018-05-29T20:39:12.226Z","2018-05-29T20:39:12.314Z","65320","1.9619791666667","0","33.434","742.27272727273","4"
"1197","video","2018-05-29T20:46:27.395Z","2018-05-29T20:46:26.541Z","2018-05-29T20:46:26.732Z","2018-05-29T20:46:27.344Z","7387448","2","2","3893.089","12070.993464052","1"
"1198","video","2018-05-29T20:39:45.387Z","2018-05-29T20:39:44.261Z","2018-05-29T20:39:44.414Z","2018-05-29T20:39:45.380Z","7722168","2","2","3893.089","7993.9627329193","3"
"1199","audio","2018-05-29T20:45:50.274Z","2018-05-29T20:45:50.007Z","2018-05-29T20:45:50.172Z","2018-05-29T20:45:50.213Z","65504","1.9619791666667","0","33.434","1597.6585365854","2"
"1200","audio","2018-05-29T20:39:17.063Z","2018-05-29T20:39:16.789Z","2018-05-29T20:39:16.789Z","2018-05-29T20:39:17.033Z","65920","1.9619791666667","0","33.434","270.16393442623","4"
"1201","video","2018-05-29T20:39:48.079Z","2018-05-29T20:39:46.968Z","2018-05-29T20:39:47.267Z","2018-05-29T20:39:48.074Z","12112128","2","2","3893.089","15008.832713755","3"
"1202","video","2018-05-29T20:46:29.914Z","2018-05-29T20:46:29.061Z","2018-05-29T20:46:29.205Z","2018-05-29T20:46:29.912Z","9449608","2","2","3893.089","13365.782178218","1"
"1203","audio","2018-05-29T20:46:01.898Z","2018-05-29T20:46:01.337Z","2018-05-29T20:46:01.825Z","2018-05-29T20:46:01.877Z","65488","1.9619791666667","0","33.434","1259.3846153846","2"
"1204","video","2018-05-29T20:39:50.632Z","2018-05-29T20:39:50.109Z","2018-05-29T20:39:50.425Z","2018-05-29T20:39:50.629Z","6551024","2","2","3893.089","32112.862745098","3"
"1205","audio","2018-05-29T20:39:19.122Z","2018-05-29T20:39:18.910Z","2018-05-29T20:39:18.910Z","2018-05-29T20:39:19.100Z","65344","1.9619791666667","0","33.434","343.91578947368","4"
"1206","video","2018-05-29T20:46:34.865Z","2018-05-29T20:46:34.194Z","2018-05-29T20:46:34.252Z","2018-05-29T20:46:34.838Z","7992736","2","2","3893.089","13639.481228669","1"
"1207","audio","2018-05-29T20:46:02.717Z","2018-05-29T20:46:02.366Z","2018-05-29T20:46:02.668Z","2018-05-29T20:46:02.697Z","65296","1.9619791666667","0","33.434","2251.5862068966","2"
"1208","video","2018-05-29T20:39:51.192Z","2018-05-29T20:39:50.922Z","2018-05-29T20:39:51.001Z","2018-05-29T20:39:51.170Z","8417144","2","2","3893.089","49805.585798817","3"
"1209","audio","2018-05-29T20:39:27.321Z","2018-05-29T20:39:26.982Z","2018-05-29T20:39:26.982Z","2018-05-29T20:39:27.270Z","65336","1.9619791666667","0","33.434","226.86111111111","4"
"1210","video","2018-05-29T20:46:37.487Z","2018-05-29T20:46:36.734Z","2018-05-29T20:46:36.919Z","2018-05-29T20:46:37.457Z","7944280","2","2","3893.089","14766.319702602","1"
"1211","audio","2018-05-29T20:46:03.406Z","2018-05-29T20:46:02.982Z","2018-05-29T20:46:03.303Z","2018-05-29T20:46:03.362Z","65968","1.9619791666667","0","33.434","1118.1016949153","2"
"1212","video","2018-05-29T20:39:52.172Z","2018-05-29T20:39:51.703Z","2018-05-29T20:39:51.770Z","2018-05-29T20:39:52.163Z","8549832","2","2","3893.089","21755.297709924","3"
"1213","video","2018-05-29T20:46:40.007Z","2018-05-29T20:46:39.162Z","2018-05-29T20:46:39.319Z","2018-05-29T20:46:39.977Z","4447880","2","2","3893.089","6759.6960486322","1"
"1214","audio","2018-05-29T20:39:30.795Z","2018-05-29T20:39:29.905Z","2018-05-29T20:39:29.905Z","2018-05-29T20:39:30.677Z","66000","1.9619791666667","0","33.434","85.492227979275","4"
"1215","audio","2018-05-29T20:46:04.278Z","2018-05-29T20:46:03.945Z","2018-05-29T20:46:04.268Z","2018-05-29T20:46:04.274Z","66584","1.9619791666667","0","33.434","11097.333333333","2"
"1216","video","2018-05-29T20:46:42.783Z","2018-05-29T20:46:41.752Z","2018-05-29T20:46:41.827Z","2018-05-29T20:46:42.761Z","7947456","2","2","3893.089","8509.0535331906","1"
"1217","audio","2018-05-29T20:39:33.317Z","2018-05-29T20:39:33.137Z","2018-05-29T20:39:33.137Z","2018-05-29T20:39:33.306Z","65568","1.9619791666667","0","33.434","387.97633136095","4"
"1218","video","2018-05-29T20:40:00.752Z","2018-05-29T20:39:59.356Z","2018-05-29T20:39:59.790Z","2018-05-29T20:40:00.706Z","8486088","2","2","3893.089","9264.288209607","3"
"1219","audio","2018-05-29T20:46:04.693Z","2018-05-29T20:46:04.485Z","2018-05-29T20:46:04.570Z","2018-05-29T20:46:04.645Z","64888","1.9619791666667","0","33.434","865.17333333333","2"
"1220","audio","2018-05-29T20:39:34.590Z","2018-05-29T20:39:34.435Z","2018-05-29T20:39:34.435Z","2018-05-29T20:39:34.568Z","65616","1.9619791666667","0","33.434","493.35338345865","4"
"1221","video","2018-05-29T20:40:02.948Z","2018-05-29T20:40:02.154Z","2018-05-29T20:40:02.291Z","2018-05-29T20:40:02.904Z","8791872","2","2","3893.089","14342.36867863","3"
"1222","video","2018-05-29T20:46:45.013Z","2018-05-29T20:46:43.962Z","2018-05-29T20:46:44.038Z","2018-05-29T20:46:44.958Z","7394608","2","2","3893.089","8037.6173913043","1"
"1223","audio","2018-05-29T20:46:05.435Z","2018-05-29T20:46:05.176Z","2018-05-29T20:46:05.376Z","2018-05-29T20:46:05.429Z","65904","1.9619791666667","0","33.434","1243.4716981132","2"
"1224","audio","2018-05-29T20:39:36.611Z","2018-05-29T20:39:36.525Z","2018-05-29T20:39:36.525Z","2018-05-29T20:39:36.576Z","65456","1.9619791666667","0","33.434","1283.4509803922","4"
"1225","video","2018-05-29T20:40:06.893Z","2018-05-29T20:40:06.249Z","2018-05-29T20:40:06.373Z","2018-05-29T20:40:06.867Z","7581800","2","2","3893.089","15347.773279352","3"
"1226","video","2018-05-29T20:46:47.782Z","2018-05-29T20:46:46.625Z","2018-05-29T20:46:46.696Z","2018-05-29T20:46:47.775Z","10780664","2","2","3893.089","9991.3475440222","1"
"1227","audio","2018-05-29T20:46:09.656Z","2018-05-29T20:46:09.505Z","2018-05-29T20:46:09.578Z","2018-05-29T20:46:09.630Z","65568","1.9619791666667","0","33.434","1260.9230769231","2"
"1228","audio","2018-05-29T20:39:39.076Z","2018-05-29T20:39:39.026Z","2018-05-29T20:39:39.026Z","2018-05-29T20:39:39.070Z","65176","1.9619791666667","0","33.434","1481.2727272727","4"
"1229","video","2018-05-29T20:46:49.661Z","2018-05-29T20:46:48.937Z","2018-05-29T20:46:48.989Z","2018-05-29T20:46:49.656Z","7760520","2","2","3893.089","11634.962518741","1"
"1230","video","2018-05-29T20:40:07.909Z","2018-05-29T20:40:07.425Z","2018-05-29T20:40:07.666Z","2018-05-29T20:40:07.897Z","3192008","2","2","3893.089","13818.216450216","3"
"1231","audio","2018-05-29T20:46:12.482Z","2018-05-29T20:46:12.077Z","2018-05-29T20:46:12.403Z","2018-05-29T20:46:12.465Z","65352","1.9619791666667","0","33.434","1054.064516129","2"
"1232","video","2018-05-29T20:40:10.545Z","2018-05-29T20:40:09.422Z","2018-05-29T20:40:09.545Z","2018-05-29T20:40:10.535Z","11797472","2","2","3893.089","11916.638383838","3"
"1233","video","2018-05-29T20:46:52.471Z","2018-05-29T20:46:51.690Z","2018-05-29T20:46:51.821Z","2018-05-29T20:46:52.407Z","4860736","2","2","3893.089","8294.771331058","1"
"1234","audio","2018-05-29T20:39:41.971Z","2018-05-29T20:39:41.771Z","2018-05-29T20:39:41.771Z","2018-05-29T20:39:41.943Z","66288","1.9619791666667","0","33.434","385.39534883721","4"
"1235","audio","2018-05-29T20:46:14.380Z","2018-05-29T20:46:14.124Z","2018-05-29T20:46:14.234Z","2018-05-29T20:46:14.368Z","65480","1.9619791666667","0","33.434","488.65671641791","2"
"1236","video","2018-05-29T20:40:12.900Z","2018-05-29T20:40:11.769Z","2018-05-29T20:40:12.016Z","2018-05-29T20:40:12.833Z","8442344","2","2","3893.089","10333.346389229","3"
"1237","audio","2018-05-29T20:39:47.444Z","2018-05-29T20:39:47.123Z","2018-05-29T20:39:47.123Z","2018-05-29T20:39:47.415Z","65432","1.9619791666667","0","33.434","224.08219178082","4"
"1238","video","2018-05-29T20:46:54.866Z","2018-05-29T20:46:54.267Z","2018-05-29T20:46:54.449Z","2018-05-29T20:46:54.846Z","7257264","2","2","3893.089","18280.261964736","1"
"1239","audio","2018-05-29T20:46:19.237Z","2018-05-29T20:46:18.966Z","2018-05-29T20:46:19.176Z","2018-05-29T20:46:19.202Z","65384","1.9619791666667","0","33.434","2514.7692307692","2"
"1240","video","2018-05-29T20:46:55.621Z","2018-05-29T20:46:54.917Z","2018-05-29T20:46:54.973Z","2018-05-29T20:46:55.606Z","8355968","2","2","3893.089","13200.58135861","1"
"1241","video","2018-05-29T20:40:15.106Z","2018-05-29T20:40:14.133Z","2018-05-29T20:40:14.380Z","2018-05-29T20:40:15.073Z","8008760","2","2","3893.089","11556.652236652","3"
"1242","audio","2018-05-29T20:39:48.477Z","2018-05-29T20:39:48.140Z","2018-05-29T20:39:48.140Z","2018-05-29T20:39:48.431Z","65264","1.9619791666667","0","33.434","224.27491408935","4"
"1243","audio","2018-05-29T20:46:21.773Z","2018-05-29T20:46:21.691Z","2018-05-29T20:46:21.752Z","2018-05-29T20:46:21.771Z","65536","1.9619791666667","0","33.434","3449.2631578947","2"
"1244","audio","2018-05-29T20:39:50.553Z","2018-05-29T20:39:50.254Z","2018-05-29T20:39:50.254Z","2018-05-29T20:39:50.550Z","65904","1.9619791666667","0","33.434","222.64864864865","4"
"1245","video","2018-05-29T20:46:59.894Z","2018-05-29T20:46:59.130Z","2018-05-29T20:46:59.188Z","2018-05-29T20:46:59.872Z","6374736","2","2","3893.089","9319.7894736842","1"
"1246","video","2018-05-29T20:40:16.717Z","2018-05-29T20:40:15.976Z","2018-05-29T20:40:16.093Z","2018-05-29T20:40:16.712Z","7269464","2","2","3893.089","11743.88368336","3"
"1247","audio","2018-05-29T20:46:26.986Z","2018-05-29T20:46:26.591Z","2018-05-29T20:46:26.939Z","2018-05-29T20:46:26.984Z","66096","1.9619791666667","0","33.434","1468.8","2"
"1248","video","2018-05-29T20:40:22.791Z","2018-05-29T20:40:21.977Z","2018-05-29T20:40:22.381Z","2018-05-29T20:40:22.782Z","9053248","2","2","3893.089","22576.678304239","3"
"1249","audio","2018-05-29T20:39:51.868Z","2018-05-29T20:39:51.727Z","2018-05-29T20:39:51.727Z","2018-05-29T20:39:51.851Z","65464","1.9619791666667","0","33.434","527.93548387097","4"
"1250","video","2018-05-29T20:47:02.402Z","2018-05-29T20:47:01.635Z","2018-05-29T20:47:01.680Z","2018-05-29T20:47:02.389Z","9342912","2","2","3893.089","13177.590973202","1"
"1251","audio","2018-05-29T20:46:29.434Z","2018-05-29T20:46:29.119Z","2018-05-29T20:46:29.352Z","2018-05-29T20:46:29.404Z","65400","1.9619791666667","0","33.434","1257.6923076923","2"
"1252","video","2018-05-29T20:40:25.548Z","2018-05-29T20:40:24.655Z","2018-05-29T20:40:25.150Z","2018-05-29T20:40:25.539Z","7407968","2","2","3893.089","19043.619537275","3"
"1253","audio","2018-05-29T20:40:00.005Z","2018-05-29T20:39:59.390Z","2018-05-29T20:39:59.390Z","2018-05-29T20:39:59.966Z","65608","1.9619791666667","0","33.434","113.90277777778","4"
"1254","video","2018-05-29T20:47:05.170Z","2018-05-29T20:47:04.078Z","2018-05-29T20:47:04.358Z","2018-05-29T20:47:05.167Z","8525928","2","2","3893.089","10538.847960445","1"
"1255","audio","2018-05-29T20:46:30.002Z","2018-05-29T20:46:29.721Z","2018-05-29T20:46:29.938Z","2018-05-29T20:46:29.992Z","65696","1.9619791666667","0","33.434","1216.5925925926","2"
"1256","audio","2018-05-29T20:40:01.206Z","2018-05-29T20:40:00.416Z","2018-05-29T20:40:00.416Z","2018-05-29T20:40:01.168Z","65896","1.9619791666667","0","33.434","87.627659574468","4"
"1257","video","2018-05-29T20:47:07.278Z","2018-05-29T20:47:06.418Z","2018-05-29T20:47:06.540Z","2018-05-29T20:47:07.253Z","7688000","2","2","3893.089","10782.608695652","1"
"1258","video","2018-05-29T20:40:27.888Z","2018-05-29T20:40:27.106Z","2018-05-29T20:40:27.300Z","2018-05-29T20:40:27.796Z","5882480","2","2","3893.089","11859.838709677","3"
"1259","audio","2018-05-29T20:46:31.820Z","2018-05-29T20:46:31.709Z","2018-05-29T20:46:31.764Z","2018-05-29T20:46:31.793Z","65288","1.9619791666667","0","33.434","2251.3103448276","2"
"1260","audio","2018-05-29T20:40:02.577Z","2018-05-29T20:40:02.202Z","2018-05-29T20:40:02.202Z","2018-05-29T20:40:02.530Z","65184","1.9619791666667","0","33.434","198.73170731707","4"
"1261","video","2018-05-29T20:47:09.678Z","2018-05-29T20:47:08.923Z","2018-05-29T20:47:08.978Z","2018-05-29T20:47:09.644Z","8860736","2","2","3893.089","13304.408408408","1"
"1262","video","2018-05-29T20:40:29.872Z","2018-05-29T20:40:29.398Z","2018-05-29T20:40:29.609Z","2018-05-29T20:40:29.850Z","9316456","2","2","3893.089","38657.493775934","3"
"1263","audio","2018-05-29T20:46:37.238Z","2018-05-29T20:46:36.755Z","2018-05-29T20:46:37.169Z","2018-05-29T20:46:37.203Z","65376","1.9619791666667","0","33.434","1922.8235294118","2"
"1264","audio","2018-05-29T20:40:03.702Z","2018-05-29T20:40:03.469Z","2018-05-29T20:40:03.469Z","2018-05-29T20:40:03.659Z","65408","1.9619791666667","0","33.434","344.25263157895","4"
"1265","video","2018-05-29T20:47:14.766Z","2018-05-29T20:47:13.997Z","2018-05-29T20:47:14.060Z","2018-05-29T20:47:14.755Z","8014808","2","2","3893.089","11532.097841727","1"
"1266","video","2018-05-29T20:40:30.900Z","2018-05-29T20:40:30.213Z","2018-05-29T20:40:30.366Z","2018-05-29T20:40:30.846Z","8367080","2","2","3893.089","17431.416666667","3"
"1267","audio","2018-05-29T20:46:39.593Z","2018-05-29T20:46:39.224Z","2018-05-29T20:46:39.579Z","2018-05-29T20:46:39.590Z","66008","1.9619791666667","0","33.434","6000.7272727273","2"
"1268","audio","2018-05-29T20:40:06.542Z","2018-05-29T20:40:06.276Z","2018-05-29T20:40:06.276Z","2018-05-29T20:40:06.502Z","65920","1.9619791666667","0","33.434","291.6814159292","4"
"1269","video","2018-05-29T20:40:36.903Z","2018-05-29T20:40:36.806Z","2018-05-29T20:40:36.850Z","2018-05-29T20:40:36.900Z","7951800","2","2","3893.089","159036","3"
"1270","video","2018-05-29T20:47:17.254Z","2018-05-29T20:47:16.533Z","2018-05-29T20:47:16.582Z","2018-05-29T20:47:17.241Z","8159192","2","2","3893.089","12381.171471927","1"
"1271","audio","2018-05-29T20:46:42.220Z","2018-05-29T20:46:41.794Z","2018-05-29T20:46:42.099Z","2018-05-29T20:46:42.180Z","65432","1.9619791666667","0","33.434","807.8024691358","2"
"1272","audio","2018-05-29T20:40:09.709Z","2018-05-29T20:40:09.425Z","2018-05-29T20:40:09.425Z","2018-05-29T20:40:09.698Z","65016","1.9619791666667","0","33.434","238.15384615385","4"
"1273","video","2018-05-29T20:47:19.893Z","2018-05-29T20:47:19.112Z","2018-05-29T20:47:19.238Z","2018-05-29T20:47:19.885Z","7938384","2","2","3893.089","12269.527047913","1"
"1274","video","2018-05-29T20:40:40.229Z","2018-05-29T20:40:39.410Z","2018-05-29T20:40:39.748Z","2018-05-29T20:40:40.197Z","10500040","2","2","3893.089","23385.389755011","3"
"1275","audio","2018-05-29T20:46:44.414Z","2018-05-29T20:46:44.006Z","2018-05-29T20:46:44.303Z","2018-05-29T20:46:44.382Z","65600","1.9619791666667","0","33.434","830.37974683544","2"
"1276","audio","2018-05-29T20:40:12.193Z","2018-05-29T20:40:11.822Z","2018-05-29T20:40:11.822Z","2018-05-29T20:40:12.158Z","66200","1.9619791666667","0","33.434","197.02380952381","4"
"1277","video","2018-05-29T20:47:22.304Z","2018-05-29T20:47:21.469Z","2018-05-29T20:47:21.516Z","2018-05-29T20:47:22.292Z","8066792","2","2","3893.089","10395.350515464","1"
"1278","video","2018-05-29T20:40:44.636Z","2018-05-29T20:40:44.165Z","2018-05-29T20:40:44.342Z","2018-05-29T20:40:44.621Z","6313392","2","2","3893.089","22628.64516129","3"
"1279","audio","2018-05-29T20:46:46.920Z","2018-05-29T20:46:46.653Z","2018-05-29T20:46:46.805Z","2018-05-29T20:46:46.889Z","65776","1.9619791666667","0","33.434","783.04761904762","2"
"1280","video","2018-05-29T20:47:24.714Z","2018-05-29T20:47:23.805Z","2018-05-29T20:47:23.825Z","2018-05-29T20:47:24.701Z","7786552","2","2","3893.089","8888.7579908676","1"
"1281","video","2018-05-29T20:40:47.373Z","2018-05-29T20:40:46.715Z","2018-05-29T20:40:46.888Z","2018-05-29T20:40:47.350Z","7898944","2","2","3893.089","17097.281385281","3"
"1282","audio","2018-05-29T20:40:14.465Z","2018-05-29T20:40:14.139Z","2018-05-29T20:40:14.139Z","2018-05-29T20:40:14.436Z","65112","1.9619791666667","0","33.434","219.23232323232","4"
"1283","audio","2018-05-29T20:46:49.132Z","2018-05-29T20:46:48.944Z","2018-05-29T20:46:49.103Z","2018-05-29T20:46:49.129Z","65352","1.9619791666667","0","33.434","2513.5384615385","2"
"1284","video","2018-05-29T20:47:27.741Z","2018-05-29T20:47:26.806Z","2018-05-29T20:47:26.876Z","2018-05-29T20:47:27.670Z","8360600","2","2","3893.089","10529.722921914","1"
"1285","video","2018-05-29T20:40:52.411Z","2018-05-29T20:40:51.821Z","2018-05-29T20:40:51.912Z","2018-05-29T20:40:52.383Z","8318432","2","2","3893.089","17661.214437367","3"
"1286","audio","2018-05-29T20:40:22.501Z","2018-05-29T20:40:22.001Z","2018-05-29T20:40:22.001Z","2018-05-29T20:40:22.476Z","65776","1.9619791666667","0","33.434","138.47578947368","4"
"1287","audio","2018-05-29T20:46:52.077Z","2018-05-29T20:46:51.738Z","2018-05-29T20:46:51.955Z","2018-05-29T20:46:52.050Z","65680","1.9619791666667","0","33.434","691.36842105263","2"
"1288","video","2018-05-29T20:47:30.143Z","2018-05-29T20:47:29.240Z","2018-05-29T20:47:29.299Z","2018-05-29T20:47:30.141Z","7920480","2","2","3893.089","9406.7458432304","1"
"1289","video","2018-05-29T20:40:54.836Z","2018-05-29T20:40:54.657Z","2018-05-29T20:40:54.732Z","2018-05-29T20:40:54.833Z","5915728","2","2","3893.089","58571.564356436","3"
"1290","audio","2018-05-29T20:40:25.365Z","2018-05-29T20:40:24.755Z","2018-05-29T20:40:24.755Z","2018-05-29T20:40:25.359Z","65832","1.9619791666667","0","33.434","108.99337748344","4"
"1291","audio","2018-05-29T20:46:56.573Z","2018-05-29T20:46:56.517Z","2018-05-29T20:46:56.566Z","2018-05-29T20:46:56.570Z","65728","1.9619791666667","0","33.434","16432","2"
"1292","video","2018-05-29T20:47:32.609Z","2018-05-29T20:47:31.661Z","2018-05-29T20:47:31.761Z","2018-05-29T20:47:32.548Z","7972504","2","2","3893.089","10130.246505718","1"
"1293","audio","2018-05-29T20:40:25.777Z","2018-05-29T20:40:25.614Z","2018-05-29T20:40:25.614Z","2018-05-29T20:40:25.774Z","66112","1.9619791666667","0","33.434","413.2","4"
"1294","video","2018-05-29T20:40:57.403Z","2018-05-29T20:40:57.037Z","2018-05-29T20:40:57.104Z","2018-05-29T20:40:57.373Z","6256208","2","2","3893.089","23257.278810409","3"
"1295","audio","2018-05-29T20:46:56.945Z","2018-05-29T20:46:56.622Z","2018-05-29T20:46:56.706Z","2018-05-29T20:46:56.860Z","65856","1.9619791666667","0","33.434","427.63636363636","2"
"1296","video","2018-05-29T20:41:02.431Z","2018-05-29T20:41:01.766Z","2018-05-29T20:41:01.814Z","2018-05-29T20:41:02.300Z","6885520","2","2","3893.089","14167.736625514","3"
"1297","video","2018-05-29T20:47:34.842Z","2018-05-29T20:47:33.940Z","2018-05-29T20:47:34.039Z","2018-05-29T20:47:34.774Z","8037080","2","2","3893.089","10934.802721088","1"
"1298","audio","2018-05-29T20:40:27.544Z","2018-05-29T20:40:27.201Z","2018-05-29T20:40:27.201Z","2018-05-29T20:40:27.499Z","65336","1.9619791666667","0","33.434","219.24832214765","4"
"1299","audio","2018-05-29T20:46:59.489Z","2018-05-29T20:46:59.136Z","2018-05-29T20:46:59.342Z","2018-05-29T20:46:59.433Z","65464","1.9619791666667","0","33.434","719.38461538462","2"
"1300","video","2018-05-29T20:47:37.541Z","2018-05-29T20:47:36.693Z","2018-05-29T20:47:36.818Z","2018-05-29T20:47:37.527Z","8208752","2","2","3893.089","11577.929478138","1"
"1301","video","2018-05-29T20:41:05.544Z","2018-05-29T20:41:04.532Z","2018-05-29T20:41:04.647Z","2018-05-29T20:41:05.521Z","11400512","2","2","3893.089","13044.064073227","3"
"1302","audio","2018-05-29T20:40:29.672Z","2018-05-29T20:40:29.479Z","2018-05-29T20:40:29.479Z","2018-05-29T20:40:29.661Z","65704","1.9619791666667","0","33.434","361.01098901099","4"
"1303","audio","2018-05-29T20:47:01.950Z","2018-05-29T20:47:01.642Z","2018-05-29T20:47:01.881Z","2018-05-29T20:47:01.947Z","65392","1.9619791666667","0","33.434","990.78787878788","2"
"1304","video","2018-05-29T20:41:08.337Z","2018-05-29T20:41:06.732Z","2018-05-29T20:41:06.852Z","2018-05-29T20:41:08.330Z","7945552","2","2","3893.089","5375.8809201624","3"
"1305","audio","2018-05-29T20:40:34.901Z","2018-05-29T20:40:34.699Z","2018-05-29T20:40:34.699Z","2018-05-29T20:40:34.884Z","65288","1.9619791666667","0","33.434","352.90810810811","4"
"1306","video","2018-05-29T20:47:39.666Z","2018-05-29T20:47:39.021Z","2018-05-29T20:47:39.121Z","2018-05-29T20:47:39.654Z","7706096","2","2","3893.089","14457.966228893","1"
"1307","audio","2018-05-29T20:47:04.852Z","2018-05-29T20:47:04.241Z","2018-05-29T20:47:04.716Z","2018-05-29T20:47:04.761Z","65736","1.9619791666667","0","33.434","1460.8","2"
"1308","video","2018-05-29T20:47:40.555Z","2018-05-29T20:47:39.866Z","2018-05-29T20:47:39.915Z","2018-05-29T20:47:40.547Z","7908792","2","2","3893.089","12513.911392405","1"
"1309","video","2018-05-29T20:41:10.826Z","2018-05-29T20:41:10.029Z","2018-05-29T20:41:10.278Z","2018-05-29T20:41:10.824Z","4425152","2","2","3893.089","8104.673992674","3"
"1310","audio","2018-05-29T20:40:36.874Z","2018-05-29T20:40:36.840Z","2018-05-29T20:40:36.840Z","2018-05-29T20:40:36.871Z","65576","1.9619791666667","0","33.434","2115.3548387097","4"
"1311","audio","2018-05-29T20:47:06.754Z","2018-05-29T20:47:06.442Z","2018-05-29T20:47:06.673Z","2018-05-29T20:47:06.721Z","65408","1.9619791666667","0","33.434","1362.6666666667","2"
"1312","video","2018-05-29T20:47:42.840Z","2018-05-29T20:47:41.951Z","2018-05-29T20:47:42.020Z","2018-05-29T20:47:42.838Z","8319904","2","2","3893.089","10171.031784841","1"
"1313","video","2018-05-29T20:41:14.349Z","2018-05-29T20:41:14.046Z","2018-05-29T20:41:14.132Z","2018-05-29T20:41:14.331Z","9783624","2","2","3893.089","49163.939698492","3"
"1314","audio","2018-05-29T20:40:39.864Z","2018-05-29T20:40:39.645Z","2018-05-29T20:40:39.645Z","2018-05-29T20:40:39.816Z","65320","1.9619791666667","0","33.434","381.98830409357","4"
"1315","video","2018-05-29T20:47:45.249Z","2018-05-29T20:47:44.478Z","2018-05-29T20:47:44.577Z","2018-05-29T20:47:45.230Z","8024688","2","2","3893.089","12288.955589587","1"
"1316","audio","2018-05-29T20:47:09.078Z","2018-05-29T20:47:08.927Z","2018-05-29T20:47:09.022Z","2018-05-29T20:47:09.067Z","65920","1.9619791666667","0","33.434","1464.8888888889","2"
"1317","video","2018-05-29T20:41:19.951Z","2018-05-29T20:41:19.279Z","2018-05-29T20:41:19.414Z","2018-05-29T20:41:19.947Z","8444592","2","2","3893.089","15843.512195122","3"
"1318","audio","2018-05-29T20:40:44.474Z","2018-05-29T20:40:44.181Z","2018-05-29T20:40:44.181Z","2018-05-29T20:40:44.436Z","66296","1.9619791666667","0","33.434","259.98431372549","4"
"1319","video","2018-05-29T20:47:49.889Z","2018-05-29T20:47:48.983Z","2018-05-29T20:47:48.999Z","2018-05-29T20:47:49.832Z","7818088","2","2","3893.089","9385.4597839136","1"
"1320","audio","2018-05-29T20:47:11.602Z","2018-05-29T20:47:11.462Z","2018-05-29T20:47:11.536Z","2018-05-29T20:47:11.585Z","65152","1.9619791666667","0","33.434","1329.6326530612","2"
"1321","video","2018-05-29T20:41:22.510Z","2018-05-29T20:41:21.522Z","2018-05-29T20:41:21.680Z","2018-05-29T20:41:22.482Z","9249656","2","2","3893.089","11533.236907731","3"
"1322","audio","2018-05-29T20:40:47.167Z","2018-05-29T20:40:46.813Z","2018-05-29T20:40:46.813Z","2018-05-29T20:40:47.119Z","64912","1.9619791666667","0","33.434","212.13071895425","4"
"1323","video","2018-05-29T20:47:52.713Z","2018-05-29T20:47:51.623Z","2018-05-29T20:47:51.676Z","2018-05-29T20:47:52.709Z","7820392","2","2","3893.089","7570.5634075508","1"
"1324","audio","2018-05-29T20:47:14.416Z","2018-05-29T20:47:14.040Z","2018-05-29T20:47:14.345Z","2018-05-29T20:47:14.388Z","66096","1.9619791666667","0","33.434","1537.1162790698","2"
"1325","video","2018-05-29T20:41:25.245Z","2018-05-29T20:41:24.073Z","2018-05-29T20:41:24.251Z","2018-05-29T20:41:25.186Z","8042144","2","2","3893.089","8601.2235294118","3"
"1326","video","2018-05-29T20:47:55.272Z","2018-05-29T20:47:54.194Z","2018-05-29T20:47:54.377Z","2018-05-29T20:47:55.246Z","8226160","2","2","3893.089","9466.2370540852","1"
"1327","audio","2018-05-29T20:40:51.993Z","2018-05-29T20:40:51.824Z","2018-05-29T20:40:51.824Z","2018-05-29T20:40:51.941Z","65832","1.9619791666667","0","33.434","562.66666666667","4"
"1328","audio","2018-05-29T20:47:16.661Z","2018-05-29T20:47:16.567Z","2018-05-29T20:47:16.627Z","2018-05-29T20:47:16.656Z","65352","1.9619791666667","0","33.434","2253.5172413793","2"
"1329","video","2018-05-29T20:41:27.332Z","2018-05-29T20:41:26.692Z","2018-05-29T20:41:26.860Z","2018-05-29T20:41:27.297Z","5190056","2","2","3893.089","11876.558352403","3"
"1330","audio","2018-05-29T20:40:54.803Z","2018-05-29T20:40:54.710Z","2018-05-29T20:40:54.710Z","2018-05-29T20:40:54.800Z","65672","1.9619791666667","0","33.434","729.68888888889","4"
"1331","video","2018-05-29T20:47:56.312Z","2018-05-29T20:47:55.560Z","2018-05-29T20:47:55.706Z","2018-05-29T20:47:56.300Z","7653728","2","2","3893.089","12885.063973064","1"
"1332","audio","2018-05-29T20:47:19.666Z","2018-05-29T20:47:19.179Z","2018-05-29T20:47:19.587Z","2018-05-29T20:47:19.628Z","65984","1.9619791666667","0","33.434","1609.3658536585","2"
"1333","video","2018-05-29T20:41:32.540Z","2018-05-29T20:41:31.752Z","2018-05-29T20:41:31.916Z","2018-05-29T20:41:32.507Z","9696352","2","2","3893.089","16406.686971235","3"
"1334","video","2018-05-29T20:47:59.458Z","2018-05-29T20:47:58.814Z","2018-05-29T20:47:58.832Z","2018-05-29T20:47:59.454Z","7899408","2","2","3893.089","12700.012861736","1"
"1335","audio","2018-05-29T20:40:55.189Z","2018-05-29T20:40:55.135Z","2018-05-29T20:40:55.135Z","2018-05-29T20:40:55.182Z","66120","1.9619791666667","0","33.434","1406.8085106383","4"
"1336","audio","2018-05-29T20:36:13.676Z","2018-05-29T20:36:13.164Z","2018-05-29T20:36:13.164Z","2018-05-29T20:36:13.667Z","67384","1.9619791666667","0","33.434","133.96421471173","6"
"1337","audio","2018-05-29T20:47:24.124Z","2018-05-29T20:47:23.808Z","2018-05-29T20:47:24.058Z","2018-05-29T20:47:24.105Z","65288","1.9619791666667","0","33.434","1389.1063829787","2"
"1338","video","2018-05-29T20:48:00.187Z","2018-05-29T20:47:59.534Z","2018-05-29T20:47:59.705Z","2018-05-29T20:48:00.184Z","7941576","2","2","3893.089","16579.490605428","1"
"1339","video","2018-05-29T20:41:34.675Z","2018-05-29T20:41:34.052Z","2018-05-29T20:41:34.164Z","2018-05-29T20:41:34.578Z","8926488","2","2","3893.089","21561.565217391","3"
"1340","audio","2018-05-29T20:41:04.871Z","2018-05-29T20:41:04.580Z","2018-05-29T20:41:04.580Z","2018-05-29T20:41:04.785Z","64648","1.9619791666667","0","33.434","315.35609756098","4"
"1341","audio","2018-05-29T20:36:15.500Z","2018-05-29T20:36:14.370Z","2018-05-29T20:36:14.370Z","2018-05-29T20:36:15.447Z","65272","1.9619791666667","0","33.434","60.605385329619","6"
"1342","audio","2018-05-29T20:47:27.294Z","2018-05-29T20:47:26.833Z","2018-05-29T20:47:27.160Z","2018-05-29T20:47:27.281Z","65104","1.9619791666667","0","33.434","538.04958677686","2"
"1343","audio","2018-05-29T20:41:05.598Z","2018-05-29T20:41:05.246Z","2018-05-29T20:41:05.246Z","2018-05-29T20:41:05.577Z","65504","1.9619791666667","0","33.434","197.89728096677","4"
"1344","video","2018-05-29T20:41:40.481Z","2018-05-29T20:41:39.217Z","2018-05-29T20:41:39.701Z","2018-05-29T20:41:40.472Z","8285728","2","2","3893.089","10746.728923476","3"
"1345","audio","2018-05-29T20:36:16.098Z","2018-05-29T20:36:15.339Z","2018-05-29T20:36:15.339Z","2018-05-29T20:36:16.005Z","65880","1.9619791666667","0","33.434","98.918918918919","6"
"1346","video","2018-05-29T20:48:05.866Z","2018-05-29T20:48:05.044Z","2018-05-29T20:48:05.071Z","2018-05-29T20:48:05.859Z","8484976","2","2","3893.089","10767.736040609","1"
"1347","video","2018-05-29T20:36:12.549Z","2018-05-29T20:36:12.065Z","2018-05-29T20:36:12.356Z","2018-05-29T20:36:12.411Z","3245912","2","0","1046.778","59016.581818182","5"
"1348","audio","2018-05-29T20:47:29.501Z","2018-05-29T20:47:29.274Z","2018-05-29T20:47:29.425Z","2018-05-29T20:47:29.430Z","65760","1.9619791666667","0","33.434","13152","2"
"1349","video","2018-05-29T20:36:15.717Z","2018-05-29T20:36:15.247Z","2018-05-29T20:36:15.539Z","2018-05-29T20:36:15.664Z","2201368","2","0","1046.778","17610.944","5"
"1350","audio","2018-05-29T20:36:16.905Z","2018-05-29T20:36:16.213Z","2018-05-29T20:36:16.213Z","2018-05-29T20:36:16.859Z","65232","1.9619791666667","0","33.434","100.97832817337","6"
"1351","video","2018-05-29T20:41:43.129Z","2018-05-29T20:41:41.658Z","2018-05-29T20:41:41.845Z","2018-05-29T20:41:43.116Z","8610688","2","2","3893.089","6774.7348544453","3"
"1352","audio","2018-05-29T20:41:06.025Z","2018-05-29T20:41:05.726Z","2018-05-29T20:41:05.726Z","2018-05-29T20:41:05.994Z","65712","1.9619791666667","0","33.434","245.19402985075","4"
"1353","video","2018-05-29T20:48:08.075Z","2018-05-29T20:48:07.099Z","2018-05-29T20:48:07.333Z","2018-05-29T20:48:08.040Z","8305952","2","2","3893.089","11748.16407355","1"
"1354","audio","2018-05-29T20:47:32.158Z","2018-05-29T20:47:31.710Z","2018-05-29T20:47:32.036Z","2018-05-29T20:47:32.089Z","65568","1.9619791666667","0","33.434","1237.1320754717","2"
"1355","video","2018-05-29T20:36:17.148Z","2018-05-29T20:36:16.747Z","2018-05-29T20:36:16.946Z","2018-05-29T20:36:17.046Z","2362584","2","0","1046.778","23625.84","5"
"1356","video","2018-05-29T20:48:10.181Z","2018-05-29T20:48:09.344Z","2018-05-29T20:48:09.574Z","2018-05-29T20:48:10.175Z","8081624","2","2","3893.089","13446.961730449","1"
"1357","audio","2018-05-29T20:41:10.686Z","2018-05-29T20:41:10.094Z","2018-05-29T20:41:10.094Z","2018-05-29T20:41:10.676Z","65880","1.9619791666667","0","33.434","113.19587628866","4"
"1358","video","2018-05-29T20:41:47.022Z","2018-05-29T20:41:46.667Z","2018-05-29T20:41:46.794Z","2018-05-29T20:41:47.018Z","5906976","2","2","3893.089","26370.428571429","3"
"1359","audio","2018-05-29T20:36:17.226Z","2018-05-29T20:36:16.753Z","2018-05-29T20:36:16.753Z","2018-05-29T20:36:17.207Z","65584","1.9619791666667","0","33.434","144.45814977974","6"
"1360","audio","2018-05-29T20:47:34.198Z","2018-05-29T20:47:33.984Z","2018-05-29T20:47:34.117Z","2018-05-29T20:47:34.190Z","65464","1.9619791666667","0","33.434","896.76712328767","2"
"1361","video","2018-05-29T20:36:18.257Z","2018-05-29T20:36:17.555Z","2018-05-29T20:36:18.109Z","2018-05-29T20:36:18.231Z","2180184","2","0","1046.778","17870.360655738","5"
"1362","video","2018-05-29T20:41:49.581Z","2018-05-29T20:41:49.075Z","2018-05-29T20:41:49.147Z","2018-05-29T20:41:49.579Z","9664128","2","2","3893.089","22370.666666667","3"
"1363","audio","2018-05-29T20:36:18.505Z","2018-05-29T20:36:17.914Z","2018-05-29T20:36:17.914Z","2018-05-29T20:36:18.491Z","65416","1.9619791666667","0","33.434","113.3726169844","6"
"1364","video","2018-05-29T20:48:11.039Z","2018-05-29T20:48:10.331Z","2018-05-29T20:48:10.539Z","2018-05-29T20:48:11.033Z","8105520","2","2","3893.089","16407.935222672","1"
"1365","audio","2018-05-29T20:41:16.833Z","2018-05-29T20:41:16.721Z","2018-05-29T20:41:16.721Z","2018-05-29T20:41:16.830Z","65656","1.9619791666667","0","33.434","602.34862385321","4"
"1366","audio","2018-05-29T20:47:37.078Z","2018-05-29T20:47:36.734Z","2018-05-29T20:47:37.002Z","2018-05-29T20:47:37.055Z","65640","1.9619791666667","0","33.434","1238.4905660377","2"
"1367","video","2018-05-29T20:36:18.420Z","2018-05-29T20:36:17.859Z","2018-05-29T20:36:18.311Z","2018-05-29T20:36:18.369Z","2367560","2","0","1046.778","40820","5"
"1368","video","2018-05-29T20:41:52.406Z","2018-05-29T20:41:51.625Z","2018-05-29T20:41:51.900Z","2018-05-29T20:41:52.402Z","6938328","2","2","3893.089","13821.370517928","3"
"1369","audio","2018-05-29T20:41:19.581Z","2018-05-29T20:41:19.336Z","2018-05-29T20:41:19.336Z","2018-05-29T20:41:19.536Z","65472","1.9619791666667","0","33.434","327.36","4"
"1370","video","2018-05-29T20:48:12.740Z","2018-05-29T20:48:11.794Z","2018-05-29T20:48:12.320Z","2018-05-29T20:48:12.736Z","7975016","2","2","3893.089","19170.711538462","1"
"1371","audio","2018-05-29T20:36:19.222Z","2018-05-29T20:36:18.883Z","2018-05-29T20:36:18.883Z","2018-05-29T20:36:19.204Z","65416","1.9619791666667","0","33.434","203.78816199377","6"
"1372","audio","2018-05-29T20:47:39.274Z","2018-05-29T20:47:39.081Z","2018-05-29T20:47:39.223Z","2018-05-29T20:47:39.244Z","65752","1.9619791666667","0","33.434","3131.0476190476","2"
"1373","video","2018-05-29T20:36:19.166Z","2018-05-29T20:36:18.818Z","2018-05-29T20:36:19.154Z","2018-05-29T20:36:19.161Z","1940344","2","0","1046.778","277192","5"
"1374","video","2018-05-29T20:41:54.609Z","2018-05-29T20:41:54.241Z","2018-05-29T20:41:54.356Z","2018-05-29T20:41:54.573Z","7080592","2","2","3893.089","32629.456221198","3"
"1375","audio","2018-05-29T20:36:20.050Z","2018-05-29T20:36:19.497Z","2018-05-29T20:36:19.497Z","2018-05-29T20:36:20.041Z","65544","1.9619791666667","0","33.434","120.48529411765","6"
"1376","video","2018-05-29T20:48:17.214Z","2018-05-29T20:48:16.498Z","2018-05-29T20:48:16.540Z","2018-05-29T20:48:17.192Z","7871688","2","2","3893.089","12073.141104294","1"
"1377","audio","2018-05-29T20:41:20.008Z","2018-05-29T20:41:19.896Z","2018-05-29T20:41:19.896Z","2018-05-29T20:41:19.995Z","65064","1.9619791666667","0","33.434","657.21212121212","4"
"1378","audio","2018-05-29T20:47:42.595Z","2018-05-29T20:47:41.982Z","2018-05-29T20:47:42.308Z","2018-05-29T20:47:42.374Z","65424","1.9619791666667","0","33.434","991.27272727273","2"
"1379","video","2018-05-29T20:36:19.754Z","2018-05-29T20:36:19.441Z","2018-05-29T20:36:19.635Z","2018-05-29T20:36:19.713Z","1940344","2","0","1046.778","24876.205128205","5"
"1380","video","2018-05-29T20:48:20.552Z","2018-05-29T20:48:19.469Z","2018-05-29T20:48:19.660Z","2018-05-29T20:48:20.461Z","7950856","2","2","3893.089","9926.1622971286","1"
"1381","audio","2018-05-29T20:36:22.668Z","2018-05-29T20:36:21.946Z","2018-05-29T20:36:21.946Z","2018-05-29T20:36:22.663Z","65624","1.9619791666667","0","33.434","91.52580195258","6"
"1382","video","2018-05-29T20:41:57.171Z","2018-05-29T20:41:56.732Z","2018-05-29T20:41:56.797Z","2018-05-29T20:41:57.168Z","9114624","2","2","3893.089","24567.71967655","3"
"1383","audio","2018-05-29T20:41:24.649Z","2018-05-29T20:41:24.109Z","2018-05-29T20:41:24.109Z","2018-05-29T20:41:24.645Z","65704","1.9619791666667","0","33.434","122.58208955224","4"
"1384","audio","2018-05-29T20:47:42.865Z","2018-05-29T20:47:42.679Z","2018-05-29T20:47:42.859Z","2018-05-29T20:47:42.863Z","65808","1.9619791666667","0","33.434","16452","2"
"1385","video","2018-05-29T20:36:20.318Z","2018-05-29T20:36:19.961Z","2018-05-29T20:36:20.169Z","2018-05-29T20:36:20.277Z","2294840","2","0","1046.778","21248.518518519","5"
"1386","audio","2018-05-29T20:36:22.933Z","2018-05-29T20:36:22.818Z","2018-05-29T20:36:22.818Z","2018-05-29T20:36:22.930Z","65680","1.9619791666667","0","33.434","586.42857142857","6"
"1387","video","2018-05-29T20:42:00.119Z","2018-05-29T20:41:59.352Z","2018-05-29T20:41:59.647Z","2018-05-29T20:42:00.084Z","8849336","2","2","3893.089","20250.196796339","3"
"1388","video","2018-05-29T20:48:22.709Z","2018-05-29T20:48:21.954Z","2018-05-29T20:48:22.114Z","2018-05-29T20:48:22.684Z","8026784","2","2","3893.089","14082.077192982","1"
"1389","audio","2018-05-29T20:41:26.959Z","2018-05-29T20:41:26.704Z","2018-05-29T20:41:26.704Z","2018-05-29T20:41:26.955Z","65888","1.9619791666667","0","33.434","262.50199203187","4"
"1390","audio","2018-05-29T20:47:44.891Z","2018-05-29T20:47:44.530Z","2018-05-29T20:47:44.779Z","2018-05-29T20:47:44.833Z","65576","1.9619791666667","0","33.434","1214.3703703704","2"
"1391","video","2018-05-29T20:36:22.737Z","2018-05-29T20:36:21.769Z","2018-05-29T20:36:22.174Z","2018-05-29T20:36:22.700Z","3679928","2","1","1950.145","6996.0608365019","5"
"1392","video","2018-05-29T20:48:23.637Z","2018-05-29T20:48:22.921Z","2018-05-29T20:48:22.958Z","2018-05-29T20:48:23.616Z","8347688","2","2","3893.089","12686.455927052","1"
"1393","audio","2018-05-29T20:41:32.059Z","2018-05-29T20:41:31.792Z","2018-05-29T20:41:31.792Z","2018-05-29T20:41:32.021Z","65504","1.9619791666667","0","33.434","286.04366812227","4"
"1394","video","2018-05-29T20:42:02.533Z","2018-05-29T20:42:01.728Z","2018-05-29T20:42:02.011Z","2018-05-29T20:42:02.530Z","7392408","2","2","3893.089","14243.560693642","3"
"1395","audio","2018-05-29T20:36:24.515Z","2018-05-29T20:36:24.221Z","2018-05-29T20:36:24.221Z","2018-05-29T20:36:24.465Z","65616","1.9619791666667","0","33.434","268.91803278689","6"
"1396","audio","2018-05-29T20:47:46.599Z","2018-05-29T20:47:46.369Z","2018-05-29T20:47:46.407Z","2018-05-29T20:47:46.461Z","65296","1.9619791666667","0","33.434","1209.1851851852","2"
"1397","video","2018-05-29T20:36:22.897Z","2018-05-29T20:36:22.799Z","2018-05-29T20:36:22.874Z","2018-05-29T20:36:22.883Z","1611680","2","1","1950.145","179075.55555556","5"
"1398","video","2018-05-29T20:48:30.073Z","2018-05-29T20:48:29.216Z","2018-05-29T20:48:29.584Z","2018-05-29T20:48:30.071Z","8062240","2","2","3893.089","16554.907597536","1"
"1399","audio","2018-05-29T20:41:32.623Z","2018-05-29T20:41:32.348Z","2018-05-29T20:41:32.348Z","2018-05-29T20:41:32.603Z","65080","1.9619791666667","0","33.434","255.21568627451","4"
"1400","video","2018-05-29T20:42:05.055Z","2018-05-29T20:42:03.956Z","2018-05-29T20:42:04.017Z","2018-05-29T20:42:04.982Z","6687392","2","2","3893.089","6929.9398963731","3"
"1401","audio","2018-05-29T20:36:25.643Z","2018-05-29T20:36:25.274Z","2018-05-29T20:36:25.274Z","2018-05-29T20:36:25.639Z","65840","1.9619791666667","0","33.434","180.38356164384","6"
"1402","audio","2018-05-29T20:47:52.122Z","2018-05-29T20:47:51.642Z","2018-05-29T20:47:52.020Z","2018-05-29T20:47:52.095Z","65176","1.9619791666667","0","33.434","869.01333333333","2"
"1403","video","2018-05-29T20:36:24.206Z","2018-05-29T20:36:23.718Z","2018-05-29T20:36:24.066Z","2018-05-29T20:36:24.170Z","1714616","2","1","1950.145","16486.692307692","5"
"1404","video","2018-05-29T20:42:07.810Z","2018-05-29T20:42:06.673Z","2018-05-29T20:42:07.026Z","2018-05-29T20:42:07.808Z","9072936","2","2","3893.089","11602.219948849","3"
"1405","audio","2018-05-29T20:41:39.909Z","2018-05-29T20:41:39.270Z","2018-05-29T20:41:39.270Z","2018-05-29T20:41:39.829Z","65800","1.9619791666667","0","33.434","117.71019677996","4"
"1406","video","2018-05-29T20:48:32.936Z","2018-05-29T20:48:31.962Z","2018-05-29T20:48:32.160Z","2018-05-29T20:48:32.904Z","8057304","2","2","3893.089","10829.709677419","1"
"1407","audio","2018-05-29T20:36:26.468Z","2018-05-29T20:36:26.154Z","2018-05-29T20:36:26.154Z","2018-05-29T20:36:26.454Z","65736","1.9619791666667","0","33.434","219.12","6"
"1408","audio","2018-05-29T20:47:53.162Z","2018-05-29T20:47:52.717Z","2018-05-29T20:47:53.062Z","2018-05-29T20:47:53.120Z","65984","1.9619791666667","0","33.434","1137.6551724138","2"
"1409","video","2018-05-29T20:36:25.242Z","2018-05-29T20:36:24.546Z","2018-05-29T20:36:25.115Z","2018-05-29T20:36:25.224Z","2545464","2","1","1950.145","23352.880733945","5"
"1410","video","2018-05-29T20:48:35.773Z","2018-05-29T20:48:34.481Z","2018-05-29T20:48:34.650Z","2018-05-29T20:48:35.768Z","8336064","2","2","3893.089","7456.228980322","1"
"1411","video","2018-05-29T20:42:09.628Z","2018-05-29T20:42:09.173Z","2018-05-29T20:42:09.327Z","2018-05-29T20:42:09.603Z","6852808","2","2","3893.089","24829.014492754","3"
"1412","audio","2018-05-29T20:41:42.274Z","2018-05-29T20:41:41.737Z","2018-05-29T20:41:41.737Z","2018-05-29T20:41:42.270Z","66008","1.9619791666667","0","33.434","123.84240150094","4"
"1413","audio","2018-05-29T20:36:28.971Z","2018-05-29T20:36:28.713Z","2018-05-29T20:36:28.713Z","2018-05-29T20:36:28.925Z","65416","1.9619791666667","0","33.434","308.56603773585","6"
"1414","audio","2018-05-29T20:47:54.526Z","2018-05-29T20:47:54.243Z","2018-05-29T20:47:54.421Z","2018-05-29T20:47:54.524Z","65608","1.9619791666667","0","33.434","636.97087378641","2"
"1415","video","2018-05-29T20:36:26.387Z","2018-05-29T20:36:25.733Z","2018-05-29T20:36:26.052Z","2018-05-29T20:36:26.373Z","4891072","2","1","1950.145","15236.984423676","5"
"1416","video","2018-05-29T20:48:37.918Z","2018-05-29T20:48:36.820Z","2018-05-29T20:48:36.958Z","2018-05-29T20:48:37.805Z","7979128","2","2","3893.089","9420.4580873672","1"
"1417","audio","2018-05-29T20:36:30.965Z","2018-05-29T20:36:30.316Z","2018-05-29T20:36:30.316Z","2018-05-29T20:36:30.953Z","65496","1.9619791666667","0","33.434","102.81946624804","6"
"1418","video","2018-05-29T20:42:10.187Z","2018-05-29T20:42:09.959Z","2018-05-29T20:42:09.974Z","2018-05-29T20:42:10.181Z","9190600","2","2","3893.089","44399.033816425","3"
"1419","audio","2018-05-29T20:41:42.907Z","2018-05-29T20:41:42.549Z","2018-05-29T20:41:42.549Z","2018-05-29T20:41:42.881Z","65568","1.9619791666667","0","33.434","197.49397590361","4"
"1420","audio","2018-05-29T20:48:03.950Z","2018-05-29T20:48:03.704Z","2018-05-29T20:48:03.829Z","2018-05-29T20:48:03.889Z","65952","1.9619791666667","0","33.434","1099.2","2"
"1421","video","2018-05-29T20:36:29.306Z","2018-05-29T20:36:28.650Z","2018-05-29T20:36:28.808Z","2018-05-29T20:36:29.293Z","5883584","2","1","1950.145","12131.101030928","5"
"1422","audio","2018-05-29T20:41:46.873Z","2018-05-29T20:41:46.703Z","2018-05-29T20:41:46.703Z","2018-05-29T20:41:46.829Z","65792","1.9619791666667","0","33.434","522.15873015873","4"
"1423","video","2018-05-29T20:48:40.246Z","2018-05-29T20:48:39.318Z","2018-05-29T20:48:39.475Z","2018-05-29T20:48:40.239Z","8323040","2","2","3893.089","10894.031413613","1"
"1424","video","2018-05-29T20:42:14.958Z","2018-05-29T20:42:14.053Z","2018-05-29T20:42:14.182Z","2018-05-29T20:42:14.941Z","9405600","2","2","3893.089","12392.09486166","3"
"1425","audio","2018-05-29T20:36:34.743Z","2018-05-29T20:36:34.387Z","2018-05-29T20:36:34.387Z","2018-05-29T20:36:34.684Z","65936","1.9619791666667","0","33.434","222.00673400673","6"
"1426","audio","2018-05-29T20:48:04.350Z","2018-05-29T20:48:04.142Z","2018-05-29T20:48:04.278Z","2018-05-29T20:48:04.333Z","65296","1.9619791666667","0","33.434","1187.2","2"
"1427","audio","2018-05-29T20:41:49.264Z","2018-05-29T20:41:49.101Z","2018-05-29T20:41:49.101Z","2018-05-29T20:41:49.235Z","65480","1.9619791666667","0","33.434","488.65671641791","4"
"1428","video","2018-05-29T20:36:30.518Z","2018-05-29T20:36:29.533Z","2018-05-29T20:36:29.701Z","2018-05-29T20:36:30.442Z","10038720","2","2","3893.089","13547.530364372","5"
"1429","video","2018-05-29T20:42:19.919Z","2018-05-29T20:42:19.310Z","2018-05-29T20:42:19.436Z","2018-05-29T20:42:19.901Z","7427432","2","2","3893.089","15972.972043011","3"
"1430","audio","2018-05-29T20:36:36.294Z","2018-05-29T20:36:35.718Z","2018-05-29T20:36:35.718Z","2018-05-29T20:36:36.271Z","65312","1.9619791666667","0","33.434","118.10488245931","6"
"1431","video","2018-05-29T20:48:42.244Z","2018-05-29T20:48:41.599Z","2018-05-29T20:48:41.712Z","2018-05-29T20:48:42.228Z","7342728","2","2","3893.089","14230.093023256","1"
"1432","audio","2018-05-29T20:48:04.912Z","2018-05-29T20:48:04.565Z","2018-05-29T20:48:04.669Z","2018-05-29T20:48:04.697Z","66056","1.9619791666667","0","33.434","2359.1428571429","2"
"1433","video","2018-05-29T20:48:47.436Z","2018-05-29T20:48:46.785Z","2018-05-29T20:48:46.821Z","2018-05-29T20:48:47.412Z","8155640","2","2","3893.089","13799.72927242","1"
"1434","audio","2018-05-29T20:36:48.436Z","2018-05-29T20:36:48.378Z","2018-05-29T20:36:48.378Z","2018-05-29T20:36:48.422Z","65632","1.9619791666667","0","33.434","1491.6363636364","6"
"1435","audio","2018-05-29T20:41:54.470Z","2018-05-29T20:41:54.313Z","2018-05-29T20:41:54.313Z","2018-05-29T20:41:54.455Z","65328","1.9619791666667","0","33.434","460.05633802817","4"
"1436","video","2018-05-29T20:36:31.676Z","2018-05-29T20:36:30.968Z","2018-05-29T20:36:31.310Z","2018-05-29T20:36:31.637Z","8280592","2","2","3893.089","25322.911314985","5"
"1437","video","2018-05-29T20:42:20.966Z","2018-05-29T20:42:20.474Z","2018-05-29T20:42:20.604Z","2018-05-29T20:42:20.941Z","6933480","2","2","3893.089","20574.12462908","3"
"1438","audio","2018-05-29T20:48:07.788Z","2018-05-29T20:48:07.145Z","2018-05-29T20:48:07.756Z","2018-05-29T20:48:07.764Z","65480","1.9619791666667","0","33.434","8185","2"
"1439","audio","2018-05-29T20:41:55.016Z","2018-05-29T20:41:54.795Z","2018-05-29T20:41:54.795Z","2018-05-29T20:41:54.977Z","65704","1.9619791666667","0","33.434","361.01098901099","4"
"1440","video","2018-05-29T20:42:22.933Z","2018-05-29T20:42:21.994Z","2018-05-29T20:42:22.213Z","2018-05-29T20:42:22.878Z","8737624","2","2","3893.089","13139.284210526","3"
"1441","audio","2018-05-29T20:36:51.629Z","2018-05-29T20:36:51.293Z","2018-05-29T20:36:51.293Z","2018-05-29T20:36:51.597Z","65952","1.9619791666667","0","33.434","216.94736842105","6"
"1442","video","2018-05-29T20:48:50.071Z","2018-05-29T20:48:49.444Z","2018-05-29T20:48:49.532Z","2018-05-29T20:48:50.031Z","5158104","2","2","3893.089","10336.881763527","1"
"1443","video","2018-05-29T20:36:34.953Z","2018-05-29T20:36:34.288Z","2018-05-29T20:36:34.627Z","2018-05-29T20:36:34.941Z","8253168","2","2","3893.089","26283.974522293","5"
"1444","audio","2018-05-29T20:48:09.619Z","2018-05-29T20:48:09.348Z","2018-05-29T20:48:09.521Z","2018-05-29T20:48:09.617Z","65744","1.9619791666667","0","33.434","684.83333333333","2"
"1445","audio","2018-05-29T20:36:51.712Z","2018-05-29T20:36:51.434Z","2018-05-29T20:36:51.434Z","2018-05-29T20:36:51.680Z","65176","1.9619791666667","0","33.434","264.94308943089","6"
"1446","video","2018-05-29T20:42:24.966Z","2018-05-29T20:42:24.063Z","2018-05-29T20:42:24.166Z","2018-05-29T20:42:24.900Z","8240384","2","2","3893.089","11226.68119891","3"
"1447","video","2018-05-29T20:36:36.933Z","2018-05-29T20:36:35.095Z","2018-05-29T20:36:35.608Z","2018-05-29T20:36:36.866Z","7558920","2","2","3893.089","6008.680445151","5"
"1448","audio","2018-05-29T20:41:56.972Z","2018-05-29T20:41:56.753Z","2018-05-29T20:41:56.753Z","2018-05-29T20:41:56.958Z","65416","1.9619791666667","0","33.434","319.10243902439","4"
"1449","video","2018-05-29T20:48:52.982Z","2018-05-29T20:48:51.740Z","2018-05-29T20:48:51.990Z","2018-05-29T20:48:52.929Z","8318272","2","2","3893.089","8858.649627263","1"
"1450","audio","2018-05-29T20:48:10.293Z","2018-05-29T20:48:10.183Z","2018-05-29T20:48:10.251Z","2018-05-29T20:48:10.254Z","65768","1.9619791666667","0","33.434","21922.666666667","2"
"1451","video","2018-05-29T20:42:31.702Z","2018-05-29T20:42:31.484Z","2018-05-29T20:42:31.534Z","2018-05-29T20:42:31.691Z","8127272","2","2","3893.089","51766.063694268","3"
"1452","audio","2018-05-29T20:42:02.156Z","2018-05-29T20:42:01.844Z","2018-05-29T20:42:01.844Z","2018-05-29T20:42:02.081Z","65440","1.9619791666667","0","33.434","276.11814345992","4"
"1453","audio","2018-05-29T20:36:52.028Z","2018-05-29T20:36:51.876Z","2018-05-29T20:36:51.876Z","2018-05-29T20:36:51.997Z","65368","1.9619791666667","0","33.434","540.23140495868","6"
"1454","video","2018-05-29T20:48:54.880Z","2018-05-29T20:48:53.988Z","2018-05-29T20:48:54.065Z","2018-05-29T20:48:54.820Z","8269432","2","2","3893.089","10952.890066225","1"
"1455","video","2018-05-29T20:36:39.146Z","2018-05-29T20:36:37.018Z","2018-05-29T20:36:37.788Z","2018-05-29T20:36:38.985Z","8887328","2","2","3893.089","7424.6683375104","5"
"1456","audio","2018-05-29T20:48:11.277Z","2018-05-29T20:48:11.083Z","2018-05-29T20:48:11.254Z","2018-05-29T20:48:11.260Z","65520","1.9619791666667","0","33.434","10920","2"
"1457","audio","2018-05-29T20:42:04.290Z","2018-05-29T20:42:03.985Z","2018-05-29T20:42:03.985Z","2018-05-29T20:42:04.186Z","65568","1.9619791666667","0","33.434","326.20895522388","4"
"1458","video","2018-05-29T20:49:00.037Z","2018-05-29T20:48:59.106Z","2018-05-29T20:48:59.222Z","2018-05-29T20:48:59.979Z","9592896","2","2","3893.089","12672.253632761","1"
"1459","video","2018-05-29T20:42:34.604Z","2018-05-29T20:42:34.091Z","2018-05-29T20:42:34.307Z","2018-05-29T20:42:34.540Z","6699480","2","2","3893.089","28753.13304721","3"
"1460","audio","2018-05-29T20:36:52.488Z","2018-05-29T20:36:52.260Z","2018-05-29T20:36:52.260Z","2018-05-29T20:36:52.469Z","65928","1.9619791666667","0","33.434","315.44497607656","6"
"1461","video","2018-05-29T20:36:40.841Z","2018-05-29T20:36:40.133Z","2018-05-29T20:36:40.457Z","2018-05-29T20:36:40.801Z","7013704","2","2","3893.089","20388.674418605","5"
"1462","audio","2018-05-29T20:48:12.571Z","2018-05-29T20:48:11.844Z","2018-05-29T20:48:12.552Z","2018-05-29T20:48:12.569Z","66136","1.9619791666667","0","33.434","3890.3529411765","2"
"1463","video","2018-05-29T20:42:37.537Z","2018-05-29T20:42:36.921Z","2018-05-29T20:42:37.020Z","2018-05-29T20:42:37.518Z","5309688","2","2","3893.089","10662.024096386","3"
"1464","audio","2018-05-29T20:36:52.698Z","2018-05-29T20:36:52.587Z","2018-05-29T20:36:52.587Z","2018-05-29T20:36:52.668Z","65600","1.9619791666667","0","33.434","809.87654320988","6"
"1465","audio","2018-05-29T20:42:07.117Z","2018-05-29T20:42:06.720Z","2018-05-29T20:42:06.720Z","2018-05-29T20:42:07.085Z","65504","1.9619791666667","0","33.434","179.46301369863","4"
"1466","video","2018-05-29T20:49:02.273Z","2018-05-29T20:49:01.588Z","2018-05-29T20:49:01.680Z","2018-05-29T20:49:02.270Z","5466176","2","2","3893.089","9264.7050847458","1"
"1467","video","2018-05-29T20:36:44.772Z","2018-05-29T20:36:44.159Z","2018-05-29T20:36:44.428Z","2018-05-29T20:36:44.742Z","7552728","2","2","3893.089","24053.27388535","5"
"1468","audio","2018-05-29T20:48:20.207Z","2018-05-29T20:48:19.532Z","2018-05-29T20:48:20.086Z","2018-05-29T20:48:20.190Z","65392","1.9619791666667","0","33.434","628.76923076923","2"
"1469","video","2018-05-29T20:49:06.907Z","2018-05-29T20:49:06.569Z","2018-05-29T20:49:06.656Z","2018-05-29T20:49:06.890Z","2179584","2","2","3893.089","9314.4615384615","1"
"1470","audio","2018-05-29T20:42:11.751Z","2018-05-29T20:42:11.632Z","2018-05-29T20:42:11.632Z","2018-05-29T20:42:11.739Z","66096","1.9619791666667","0","33.434","617.71962616822","4"
"1471","video","2018-05-29T20:36:44.973Z","2018-05-29T20:36:44.126Z","2018-05-29T20:36:44.348Z","2018-05-29T20:36:44.949Z","8392816","2","2","3893.089","13964.752079867","5"
"1472","audio","2018-05-29T20:37:03.033Z","2018-05-29T20:37:02.444Z","2018-05-29T20:37:02.444Z","2018-05-29T20:37:02.995Z","65704","1.9619791666667","0","33.434","119.24500907441","6"
"1473","video","2018-05-29T20:42:39.336Z","2018-05-29T20:42:39.152Z","2018-05-29T20:42:39.194Z","2018-05-29T20:42:39.324Z","5658480","2","2","3893.089","43526.769230769","3"
"1474","audio","2018-05-29T20:48:22.470Z","2018-05-29T20:48:21.975Z","2018-05-29T20:48:22.401Z","2018-05-29T20:48:22.454Z","65448","1.9619791666667","0","33.434","1234.8679245283","2"
"1475","video","2018-05-29T20:42:44.576Z","2018-05-29T20:42:44.095Z","2018-05-29T20:42:44.336Z","2018-05-29T20:42:44.544Z","4656144","2","2","3893.089","22385.307692308","3"
"1476","video","2018-05-29T20:49:09.857Z","2018-05-29T20:49:08.966Z","2018-05-29T20:49:09.068Z","2018-05-29T20:49:09.811Z","7794960","2","2","3893.089","10491.197846568","1"
"1477","audio","2018-05-29T20:42:12.078Z","2018-05-29T20:42:12.001Z","2018-05-29T20:42:12.001Z","2018-05-29T20:42:12.058Z","65424","1.9619791666667","0","33.434","1147.7894736842","4"
"1478","audio","2018-05-29T20:37:16.732Z","2018-05-29T20:37:16.517Z","2018-05-29T20:37:16.517Z","2018-05-29T20:37:16.680Z","65368","1.9619791666667","0","33.434","401.03067484663","6"
"1479","video","2018-05-29T20:36:47.172Z","2018-05-29T20:36:46.742Z","2018-05-29T20:36:46.830Z","2018-05-29T20:36:47.074Z","7257632","2","2","3893.089","29744.393442623","5"
"1480","audio","2018-05-29T20:48:24.267Z","2018-05-29T20:48:24.159Z","2018-05-29T20:48:24.198Z","2018-05-29T20:48:24.258Z","65512","1.9619791666667","0","33.434","1091.8666666667","2"
"1481","audio","2018-05-29T20:42:14.361Z","2018-05-29T20:42:14.105Z","2018-05-29T20:42:14.105Z","2018-05-29T20:42:14.341Z","66040","1.9619791666667","0","33.434","279.83050847458","4"
"1482","video","2018-05-29T20:36:47.722Z","2018-05-29T20:36:47.402Z","2018-05-29T20:36:47.460Z","2018-05-29T20:36:47.720Z","2399192","2","0","1046.778","9227.6615384615","5"
"1483","video","2018-05-29T20:42:47.451Z","2018-05-29T20:42:46.647Z","2018-05-29T20:42:46.759Z","2018-05-29T20:42:47.413Z","10407664","2","2","3893.089","15913.859327217","3"
"1484","video","2018-05-29T20:49:12.390Z","2018-05-29T20:49:11.591Z","2018-05-29T20:49:11.990Z","2018-05-29T20:49:12.377Z","6775192","2","2","3893.089","17506.956072351","1"
"1485","audio","2018-05-29T20:37:17.506Z","2018-05-29T20:37:17.306Z","2018-05-29T20:37:17.306Z","2018-05-29T20:37:17.503Z","65976","1.9619791666667","0","33.434","334.90355329949","6"
"1486","audio","2018-05-29T20:48:26.796Z","2018-05-29T20:48:26.597Z","2018-05-29T20:48:26.617Z","2018-05-29T20:48:26.780Z","65088","1.9619791666667","0","33.434","399.31288343558","2"
"1487","audio","2018-05-29T20:37:19.759Z","2018-05-29T20:37:18.988Z","2018-05-29T20:37:18.988Z","2018-05-29T20:37:19.753Z","65648","1.9619791666667","0","33.434","85.814379084967","6"
"1488","video","2018-05-29T20:49:14.567Z","2018-05-29T20:49:13.915Z","2018-05-29T20:49:14.013Z","2018-05-29T20:49:14.532Z","5222840","2","2","3893.089","10063.275529865","1"
"1489","video","2018-05-29T20:36:57.544Z","2018-05-29T20:36:56.716Z","2018-05-29T20:36:57.134Z","2018-05-29T20:36:57.509Z","7299968","2","2","3893.089","19466.581333333","5"
"1490","audio","2018-05-29T20:42:16.994Z","2018-05-29T20:42:16.821Z","2018-05-29T20:42:16.821Z","2018-05-29T20:42:16.991Z","64936","1.9619791666667","0","33.434","381.97647058824","4"
"1491","video","2018-05-29T20:42:52.950Z","2018-05-29T20:42:51.770Z","2018-05-29T20:42:51.919Z","2018-05-29T20:42:52.947Z","10536384","2","2","3893.089","10249.40077821","3"
"1492","audio","2018-05-29T20:48:29.858Z","2018-05-29T20:48:29.424Z","2018-05-29T20:48:29.734Z","2018-05-29T20:48:29.848Z","65568","1.9619791666667","0","33.434","575.15789473684","2"
"1493","video","2018-05-29T20:36:58.758Z","2018-05-29T20:36:57.311Z","2018-05-29T20:36:57.902Z","2018-05-29T20:36:58.708Z","9465104","2","2","3893.089","11743.305210918","5"
"1494","video","2018-05-29T20:42:54.567Z","2018-05-29T20:42:54.128Z","2018-05-29T20:42:54.204Z","2018-05-29T20:42:54.462Z","6653720","2","2","3893.089","25789.612403101","3"
"1495","audio","2018-05-29T20:42:19.581Z","2018-05-29T20:42:19.373Z","2018-05-29T20:42:19.373Z","2018-05-29T20:42:19.568Z","65816","1.9619791666667","0","33.434","337.51794871795","4"
"1496","audio","2018-05-29T20:37:20.073Z","2018-05-29T20:37:19.692Z","2018-05-29T20:37:19.692Z","2018-05-29T20:37:20.037Z","65256","1.9619791666667","0","33.434","189.14782608696","6"
"1497","video","2018-05-29T20:49:17.637Z","2018-05-29T20:49:16.632Z","2018-05-29T20:49:16.737Z","2018-05-29T20:49:17.606Z","10179168","2","2","3893.089","11713.6570771","1"
"1498","audio","2018-05-29T20:48:32.456Z","2018-05-29T20:48:31.978Z","2018-05-29T20:48:32.236Z","2018-05-29T20:48:32.403Z","65544","1.9619791666667","0","33.434","392.47904191617","2"
"1499","video","2018-05-29T20:42:57.771Z","2018-05-29T20:42:57.364Z","2018-05-29T20:42:57.472Z","2018-05-29T20:42:57.754Z","8196056","2","2","3893.089","29064.028368794","3"
"1500","video","2018-05-29T20:49:20.549Z","2018-05-29T20:49:19.309Z","2018-05-29T20:49:19.466Z","2018-05-29T20:49:20.514Z","9200216","2","2","3893.089","8778.8320610687","1"
"1501","video","2018-05-29T20:36:58.905Z","2018-05-29T20:36:57.710Z","2018-05-29T20:36:58.198Z","2018-05-29T20:36:58.874Z","7356352","2","2","3893.089","10882.177514793","5"
"1502","audio","2018-05-29T20:37:21.426Z","2018-05-29T20:37:20.360Z","2018-05-29T20:37:20.360Z","2018-05-29T20:37:21.327Z","65280","1.9619791666667","0","33.434","67.507755946225","6"
"1503","audio","2018-05-29T20:42:22.424Z","2018-05-29T20:42:22.081Z","2018-05-29T20:42:22.081Z","2018-05-29T20:42:22.380Z","65552","1.9619791666667","0","33.434","219.23745819398","4"
"1504","audio","2018-05-29T20:48:35.301Z","2018-05-29T20:48:34.498Z","2018-05-29T20:48:34.986Z","2018-05-29T20:48:35.258Z","65400","1.9619791666667","0","33.434","240.44117647059","2"
"1505","video","2018-05-29T20:37:00.798Z","2018-05-29T20:36:59.943Z","2018-05-29T20:37:00.176Z","2018-05-29T20:37:00.774Z","9056208","2","2","3893.089","15144.160535117","5"
"1506","video","2018-05-29T20:43:00.805Z","2018-05-29T20:42:59.634Z","2018-05-29T20:42:59.984Z","2018-05-29T20:43:00.770Z","8697248","2","2","3893.089","11065.201017812","3"
"1507","video","2018-05-29T20:49:22.324Z","2018-05-29T20:49:21.568Z","2018-05-29T20:49:21.635Z","2018-05-29T20:49:22.316Z","9076632","2","2","3893.089","13328.387665198","1"
"1508","audio","2018-05-29T20:42:24.357Z","2018-05-29T20:42:24.097Z","2018-05-29T20:42:24.097Z","2018-05-29T20:42:24.305Z","65512","1.9619791666667","0","33.434","314.96153846154","4"
"1509","audio","2018-05-29T20:37:24.186Z","2018-05-29T20:37:23.893Z","2018-05-29T20:37:23.893Z","2018-05-29T20:37:24.154Z","65840","1.9619791666667","0","33.434","252.26053639847","6"
"1510","audio","2018-05-29T20:48:37.206Z","2018-05-29T20:48:36.895Z","2018-05-29T20:48:37.099Z","2018-05-29T20:48:37.190Z","65608","1.9619791666667","0","33.434","720.96703296703","2"
"1511","video","2018-05-29T20:37:01.440Z","2018-05-29T20:37:00.910Z","2018-05-29T20:37:01.196Z","2018-05-29T20:37:01.394Z","1420128","2","0","1046.778","7172.3636363636","5"
"1512","video","2018-05-29T20:43:03.049Z","2018-05-29T20:43:02.170Z","2018-05-29T20:43:02.492Z","2018-05-29T20:43:03.032Z","8664232","2","2","3893.089","16044.874074074","3"
"1513","audio","2018-05-29T20:37:27.248Z","2018-05-29T20:37:26.882Z","2018-05-29T20:37:26.882Z","2018-05-29T20:37:27.225Z","65280","1.9619791666667","0","33.434","190.32069970845","6"
"1514","audio","2018-05-29T20:42:31.615Z","2018-05-29T20:42:31.506Z","2018-05-29T20:42:31.506Z","2018-05-29T20:42:31.600Z","65568","1.9619791666667","0","33.434","697.53191489362","4"
"1515","audio","2018-05-29T20:48:39.525Z","2018-05-29T20:48:39.349Z","2018-05-29T20:48:39.487Z","2018-05-29T20:48:39.517Z","65632","1.9619791666667","0","33.434","2187.7333333333","2"
"1516","audio","2018-05-29T20:42:32.430Z","2018-05-29T20:42:32.301Z","2018-05-29T20:42:32.301Z","2018-05-29T20:42:32.427Z","65808","1.9619791666667","0","33.434","522.28571428571","4"
"1517","audio","2018-05-29T20:37:27.438Z","2018-05-29T20:37:27.411Z","2018-05-29T20:37:27.411Z","2018-05-29T20:37:27.435Z","66152","1.9619791666667","0","33.434","2756.3333333333","6"
"1518","video","2018-05-29T20:37:03.269Z","2018-05-29T20:37:02.308Z","2018-05-29T20:37:02.662Z","2018-05-29T20:37:03.246Z","1282944","2","0","1046.778","2196.8219178082","5"
"1519","video","2018-05-29T20:43:04.415Z","2018-05-29T20:43:03.650Z","2018-05-29T20:43:03.749Z","2018-05-29T20:43:04.412Z","7793632","2","2","3893.089","11755.101055807","3"
"1520","audio","2018-05-29T20:42:37.422Z","2018-05-29T20:42:36.956Z","2018-05-29T20:42:36.956Z","2018-05-29T20:42:37.403Z","65688","1.9619791666667","0","33.434","146.95302013423","4"
"1521","audio","2018-05-29T20:48:41.900Z","2018-05-29T20:48:41.644Z","2018-05-29T20:48:41.836Z","2018-05-29T20:48:41.880Z","65696","1.9619791666667","0","33.434","1493.0909090909","2"
"1522","video","2018-05-29T20:37:05.702Z","2018-05-29T20:37:04.546Z","2018-05-29T20:37:04.677Z","2018-05-29T20:37:05.617Z","3054232","2","1","1950.145","3249.1829787234","5"
"1523","video","2018-05-29T20:43:09.796Z","2018-05-29T20:43:09.189Z","2018-05-29T20:43:09.361Z","2018-05-29T20:43:09.753Z","6212216","2","2","3893.089","15847.489795918","3"
"1524","audio","2018-05-29T20:37:28.924Z","2018-05-29T20:37:28.171Z","2018-05-29T20:37:28.171Z","2018-05-29T20:37:28.874Z","65352","1.9619791666667","0","33.434","92.961593172119","6"
"1525","audio","2018-05-29T20:42:39.240Z","2018-05-29T20:42:39.190Z","2018-05-29T20:42:39.190Z","2018-05-29T20:42:39.230Z","65544","1.9619791666667","0","33.434","1638.6","4"
"1526","audio","2018-05-29T20:48:44.307Z","2018-05-29T20:48:44.166Z","2018-05-29T20:48:44.247Z","2018-05-29T20:48:44.297Z","65960","1.9619791666667","0","33.434","1319.2","2"
"1527","audio","2018-05-29T20:37:31.874Z","2018-05-29T20:37:31.710Z","2018-05-29T20:37:31.710Z","2018-05-29T20:37:31.871Z","65480","1.9619791666667","0","33.434","406.70807453416","6"
"1528","video","2018-05-29T20:43:12.035Z","2018-05-29T20:43:11.729Z","2018-05-29T20:43:11.866Z","2018-05-29T20:43:12.033Z","7310032","2","2","3893.089","43772.646706587","3"
"1529","video","2018-05-29T20:37:07.067Z","2018-05-29T20:37:06.232Z","2018-05-29T20:37:06.418Z","2018-05-29T20:37:06.946Z","3258088","2","1","1950.145","6170.6212121212","5"
"1530","audio","2018-05-29T20:42:44.481Z","2018-05-29T20:42:44.176Z","2018-05-29T20:42:44.176Z","2018-05-29T20:42:44.471Z","65112","1.9619791666667","0","33.434","220.7186440678","4"
"1531","audio","2018-05-29T20:48:49.815Z","2018-05-29T20:48:49.455Z","2018-05-29T20:48:49.798Z","2018-05-29T20:48:49.809Z","65752","1.9619791666667","0","33.434","5977.4545454545","2"
"1532","audio","2018-05-29T20:37:34.363Z","2018-05-29T20:37:33.382Z","2018-05-29T20:37:33.382Z","2018-05-29T20:37:34.331Z","66024","1.9619791666667","0","33.434","69.572181243414","6"
"1533","video","2018-05-29T20:43:13.234Z","2018-05-29T20:43:12.482Z","2018-05-29T20:43:12.722Z","2018-05-29T20:43:13.193Z","7829008","2","2","3893.089","16622.097664544","3"
"1534","video","2018-05-29T20:37:09.094Z","2018-05-29T20:37:08.768Z","2018-05-29T20:37:08.803Z","2018-05-29T20:37:09.081Z","8483904","2","2","3893.089","30517.64028777","5"
"1535","audio","2018-05-29T20:42:46.888Z","2018-05-29T20:42:46.697Z","2018-05-29T20:42:46.697Z","2018-05-29T20:42:46.822Z","65776","1.9619791666667","0","33.434","526.208","4"
"1536","audio","2018-05-29T20:48:52.499Z","2018-05-29T20:48:51.825Z","2018-05-29T20:48:52.344Z","2018-05-29T20:48:52.495Z","64952","1.9619791666667","0","33.434","430.14569536424","2"
"1537","audio","2018-05-29T20:42:47.926Z","2018-05-29T20:42:47.705Z","2018-05-29T20:42:47.705Z","2018-05-29T20:42:47.861Z","65832","1.9619791666667","0","33.434","422","4"
"1538","audio","2018-05-29T20:37:35.879Z","2018-05-29T20:37:35.396Z","2018-05-29T20:37:35.396Z","2018-05-29T20:37:35.854Z","64880","1.9619791666667","0","33.434","141.65938864629","6"
"1539","video","2018-05-29T20:43:14.089Z","2018-05-29T20:43:13.921Z","2018-05-29T20:43:13.965Z","2018-05-29T20:43:14.087Z","9349320","2","2","3893.089","76633.770491803","3"
"1540","video","2018-05-29T20:37:10.374Z","2018-05-29T20:37:09.567Z","2018-05-29T20:37:09.825Z","2018-05-29T20:37:10.321Z","6905384","2","2","3893.089","13922.14516129","5"
"1541","audio","2018-05-29T20:48:54.204Z","2018-05-29T20:48:54.026Z","2018-05-29T20:48:54.161Z","2018-05-29T20:48:54.185Z","65184","1.9619791666667","0","33.434","2716","2"
"1542","video","2018-05-29T20:43:15.270Z","2018-05-29T20:43:14.649Z","2018-05-29T20:43:14.934Z","2018-05-29T20:43:15.234Z","9263712","2","2","3893.089","30879.04","3"
"1543","audio","2018-05-29T20:37:37.668Z","2018-05-29T20:37:37.060Z","2018-05-29T20:37:37.060Z","2018-05-29T20:37:37.610Z","65792","1.9619791666667","0","33.434","119.62181818182","6"
"1544","audio","2018-05-29T20:42:52.410Z","2018-05-29T20:42:51.844Z","2018-05-29T20:42:51.844Z","2018-05-29T20:42:52.073Z","65632","1.9619791666667","0","33.434","286.60262008734","4"
"1545","video","2018-05-29T20:37:11.319Z","2018-05-29T20:37:10.078Z","2018-05-29T20:37:10.207Z","2018-05-29T20:37:11.314Z","9253960","2","2","3893.089","8359.4941282746","5"
"1546","audio","2018-05-29T20:48:55.328Z","2018-05-29T20:48:55.091Z","2018-05-29T20:48:55.226Z","2018-05-29T20:48:55.297Z","65280","1.9619791666667","0","33.434","919.43661971831","2"
"1547","video","2018-05-29T20:43:22.818Z","2018-05-29T20:43:22.130Z","2018-05-29T20:43:22.258Z","2018-05-29T20:43:22.815Z","6952112","2","2","3893.089","12481.350089767","3"
"1548","video","2018-05-29T20:37:11.340Z","2018-05-29T20:37:11.021Z","2018-05-29T20:37:11.327Z","2018-05-29T20:37:11.337Z","2361496","2","2","3893.089","236149.6","5"
"1549","audio","2018-05-29T20:42:54.297Z","2018-05-29T20:42:54.164Z","2018-05-29T20:42:54.164Z","2018-05-29T20:42:54.274Z","64600","1.9619791666667","0","33.434","587.27272727273","4"
"1550","audio","2018-05-29T20:37:38.040Z","2018-05-29T20:37:37.502Z","2018-05-29T20:37:37.502Z","2018-05-29T20:37:38.006Z","65784","1.9619791666667","0","33.434","130.52380952381","6"
"1551","audio","2018-05-29T20:48:59.656Z","2018-05-29T20:48:59.143Z","2018-05-29T20:48:59.626Z","2018-05-29T20:48:59.652Z","66368","1.9619791666667","0","33.434","2552.6153846154","2"
"1552","video","2018-05-29T20:43:25.526Z","2018-05-29T20:43:24.089Z","2018-05-29T20:43:24.399Z","2018-05-29T20:43:25.513Z","7751952","2","2","3893.089","6958.6642728905","3"
"1553","video","2018-05-29T20:37:14.598Z","2018-05-29T20:37:14.106Z","2018-05-29T20:37:14.272Z","2018-05-29T20:37:14.582Z","2003632","2","0","1046.778","6463.3290322581","5"
"1554","audio","2018-05-29T20:37:39.637Z","2018-05-29T20:37:38.564Z","2018-05-29T20:37:38.564Z","2018-05-29T20:37:39.597Z","65320","1.9619791666667","0","33.434","63.23330106486","6"
"1555","audio","2018-05-29T20:42:57.517Z","2018-05-29T20:42:57.432Z","2018-05-29T20:42:57.432Z","2018-05-29T20:42:57.513Z","66296","1.9619791666667","0","33.434","818.46913580247","4"
"1556","audio","2018-05-29T20:49:01.926Z","2018-05-29T20:49:01.637Z","2018-05-29T20:49:01.831Z","2018-05-29T20:49:01.910Z","65200","1.9619791666667","0","33.434","825.3164556962","2"
"1557","video","2018-05-29T20:37:16.978Z","2018-05-29T20:37:16.428Z","2018-05-29T20:37:16.579Z","2018-05-29T20:37:16.937Z","2348952","2","0","1046.778","6561.3184357542","5"
"1558","audio","2018-05-29T20:37:40.478Z","2018-05-29T20:37:39.227Z","2018-05-29T20:37:39.227Z","2018-05-29T20:37:40.442Z","65272","1.9619791666667","0","33.434","53.721810699588","6"
"1559","audio","2018-05-29T20:43:00.073Z","2018-05-29T20:42:59.684Z","2018-05-29T20:42:59.684Z","2018-05-29T20:43:00.061Z","65736","1.9619791666667","0","33.434","174.36604774536","4"
"1560","video","2018-05-29T20:43:28.557Z","2018-05-29T20:43:27.068Z","2018-05-29T20:43:27.832Z","2018-05-29T20:43:28.537Z","10373992","2","2","3893.089","14714.882269504","3"
"1561","audio","2018-05-29T20:49:06.835Z","2018-05-29T20:49:06.612Z","2018-05-29T20:49:06.782Z","2018-05-29T20:49:06.819Z","66232","1.9619791666667","0","33.434","1790.0540540541","2"
"1562","audio","2018-05-29T20:37:44.166Z","2018-05-29T20:37:42.771Z","2018-05-29T20:37:42.771Z","2018-05-29T20:37:44.126Z","65408","1.9619791666667","0","33.434","48.271586715867","6"
"1563","video","2018-05-29T20:37:20.750Z","2018-05-29T20:37:18.947Z","2018-05-29T20:37:19.760Z","2018-05-29T20:37:20.577Z","5398000","2","1","1950.145","6607.0991432069","5"
"1564","video","2018-05-29T20:43:34.262Z","2018-05-29T20:43:33.953Z","2018-05-29T20:43:33.970Z","2018-05-29T20:43:34.220Z","5970832","2","2","3893.089","23883.328","3"
"1565","audio","2018-05-29T20:43:02.577Z","2018-05-29T20:43:02.204Z","2018-05-29T20:43:02.204Z","2018-05-29T20:43:02.556Z","65872","1.9619791666667","0","33.434","187.13636363636","4"
"1566","audio","2018-05-29T20:49:09.187Z","2018-05-29T20:49:09.026Z","2018-05-29T20:49:09.161Z","2018-05-29T20:49:09.173Z","65496","1.9619791666667","0","33.434","5458","2"
"1567","video","2018-05-29T20:37:20.934Z","2018-05-29T20:37:19.596Z","2018-05-29T20:37:20.103Z","2018-05-29T20:37:20.929Z","4372800","2","1","1950.145","5293.9467312349","5"
"1568","audio","2018-05-29T20:37:45.507Z","2018-05-29T20:37:45.057Z","2018-05-29T20:37:45.057Z","2018-05-29T20:37:45.456Z","65968","1.9619791666667","0","33.434","165.33333333333","6"
"1569","audio","2018-05-29T20:43:03.544Z","2018-05-29T20:43:03.189Z","2018-05-29T20:43:03.189Z","2018-05-29T20:43:03.516Z","65600","1.9619791666667","0","33.434","200.61162079511","4"
"1570","video","2018-05-29T20:43:35.726Z","2018-05-29T20:43:34.813Z","2018-05-29T20:43:34.994Z","2018-05-29T20:43:35.673Z","8160224","2","2","3893.089","12018.002945508","3"
"1571","video","2018-05-29T20:37:22.649Z","2018-05-29T20:37:21.501Z","2018-05-29T20:37:22.503Z","2018-05-29T20:37:22.589Z","3679648","2","1","1950.145","42786.604651163","5"
"1572","audio","2018-05-29T20:49:12.117Z","2018-05-29T20:49:11.632Z","2018-05-29T20:49:11.937Z","2018-05-29T20:49:12.101Z","65408","1.9619791666667","0","33.434","398.82926829268","2"
"1573","audio","2018-05-29T20:37:54.259Z","2018-05-29T20:37:53.651Z","2018-05-29T20:37:53.651Z","2018-05-29T20:37:54.237Z","65720","1.9619791666667","0","33.434","112.15017064846","6"
"1574","video","2018-05-29T20:43:37.407Z","2018-05-29T20:43:36.477Z","2018-05-29T20:43:36.642Z","2018-05-29T20:43:37.366Z","8610224","2","2","3893.089","11892.574585635","3"
"1575","audio","2018-05-29T20:43:09.502Z","2018-05-29T20:43:09.276Z","2018-05-29T20:43:09.276Z","2018-05-29T20:43:09.481Z","65568","1.9619791666667","0","33.434","319.84390243902","4"
"1576","audio","2018-05-29T20:49:14.172Z","2018-05-29T20:49:13.924Z","2018-05-29T20:49:14.003Z","2018-05-29T20:49:14.162Z","65824","1.9619791666667","0","33.434","413.98742138365","2"
"1577","video","2018-05-29T20:37:24.544Z","2018-05-29T20:37:23.785Z","2018-05-29T20:37:24.106Z","2018-05-29T20:37:24.541Z","4574504","2","1","1950.145","10516.101149425","5"
"1578","audio","2018-05-29T20:37:57.342Z","2018-05-29T20:37:56.624Z","2018-05-29T20:37:56.624Z","2018-05-29T20:37:57.333Z","66344","1.9619791666667","0","33.434","93.574047954866","6"
"1579","video","2018-05-29T20:43:37.838Z","2018-05-29T20:43:37.514Z","2018-05-29T20:43:37.627Z","2018-05-29T20:43:37.762Z","8230136","2","2","3893.089","60963.97037037","3"
"1580","audio","2018-05-29T20:43:11.973Z","2018-05-29T20:43:11.784Z","2018-05-29T20:43:11.784Z","2018-05-29T20:43:11.945Z","64536","1.9619791666667","0","33.434","400.84472049689","4"
"1581","audio","2018-05-29T20:37:59.746Z","2018-05-29T20:37:58.925Z","2018-05-29T20:37:58.925Z","2018-05-29T20:37:59.739Z","64760","1.9619791666667","0","33.434","79.55773955774","6"
"1582","audio","2018-05-29T20:49:20.212Z","2018-05-29T20:49:19.334Z","2018-05-29T20:49:19.815Z","2018-05-29T20:49:20.146Z","65512","1.9619791666667","0","33.434","197.92145015106","2"
"1583","video","2018-05-29T20:37:27.389Z","2018-05-29T20:37:26.836Z","2018-05-29T20:37:27.146Z","2018-05-29T20:37:27.350Z","2937240","2","2","3893.089","14398.235294118","5"
"1584","audio","2018-05-29T20:38:01.175Z","2018-05-29T20:38:01.094Z","2018-05-29T20:38:01.094Z","2018-05-29T20:38:01.172Z","65488","1.9619791666667","0","33.434","839.58974358974","6"
"1585","video","2018-05-29T20:43:38.569Z","2018-05-29T20:43:38.263Z","2018-05-29T20:43:38.337Z","2018-05-29T20:43:38.529Z","7458160","2","2","3893.089","38844.583333333","3"
"1586","audio","2018-05-29T20:43:12.380Z","2018-05-29T20:43:12.196Z","2018-05-29T20:43:12.196Z","2018-05-29T20:43:12.353Z","65688","1.9619791666667","0","33.434","418.3949044586","4"
"1587","video","2018-05-29T20:37:28.642Z","2018-05-29T20:37:27.788Z","2018-05-29T20:37:27.972Z","2018-05-29T20:37:28.561Z","5646640","2","2","3893.089","9586.8251273345","5"
"1588","audio","2018-05-29T20:49:24.312Z","2018-05-29T20:49:24.093Z","2018-05-29T20:49:24.183Z","2018-05-29T20:49:24.304Z","65712","1.9619791666667","0","33.434","543.07438016529","2"
"1589","audio","2018-05-29T20:38:04.605Z","2018-05-29T20:38:04.353Z","2018-05-29T20:38:04.353Z","2018-05-29T20:38:04.586Z","65752","1.9619791666667","0","33.434","282.1974248927","6"
"1590","video","2018-05-29T20:43:39.268Z","2018-05-29T20:43:38.780Z","2018-05-29T20:43:39.089Z","2018-05-29T20:43:39.243Z","6394376","2","2","3893.089","41521.922077922","3"
"1591","audio","2018-05-29T20:43:13.992Z","2018-05-29T20:43:13.924Z","2018-05-29T20:43:13.924Z","2018-05-29T20:43:13.987Z","66640","1.9619791666667","0","33.434","1057.7777777778","4"
"1592","video","2018-05-29T20:37:29.969Z","2018-05-29T20:37:28.964Z","2018-05-29T20:37:29.718Z","2018-05-29T20:37:29.956Z","8079904","2","2","3893.089","33949.176470588","5"
"1593","audio","2018-05-29T20:49:24.685Z","2018-05-29T20:49:24.464Z","2018-05-29T20:49:24.553Z","2018-05-29T20:49:24.656Z","48304","1.9619791666667","0","33.434","468.97087378641","2"
"1594","audio","2018-05-29T20:38:05.106Z","2018-05-29T20:38:04.885Z","2018-05-29T20:38:04.885Z","2018-05-29T20:38:05.104Z","65472","1.9619791666667","0","33.434","298.95890410959","6"
"1595","video","2018-05-29T20:43:45.224Z","2018-05-29T20:43:44.308Z","2018-05-29T20:43:44.534Z","2018-05-29T20:43:45.167Z","9360696","2","2","3893.089","14787.829383886","3"
"1596","audio","2018-05-29T20:43:19.569Z","2018-05-29T20:43:19.229Z","2018-05-29T20:43:19.229Z","2018-05-29T20:43:19.519Z","65200","1.9619791666667","0","33.434","224.8275862069","4"
"1597","video","2018-05-29T20:37:32.197Z","2018-05-29T20:37:31.688Z","2018-05-29T20:37:31.817Z","2018-05-29T20:37:32.172Z","8064392","2","2","3893.089","22716.597183099","5"
"1598","audio","2018-05-29T20:38:06.022Z","2018-05-29T20:38:05.646Z","2018-05-29T20:38:05.646Z","2018-05-29T20:38:05.981Z","66024","1.9619791666667","0","33.434","197.08656716418","6"
"1599","audio","2018-05-29T20:43:22.402Z","2018-05-29T20:43:22.149Z","2018-05-29T20:43:22.149Z","2018-05-29T20:43:22.399Z","65528","1.9619791666667","0","33.434","262.112","4"
"1600","video","2018-05-29T20:43:47.802Z","2018-05-29T20:43:47.308Z","2018-05-29T20:43:47.459Z","2018-05-29T20:43:47.792Z","7003024","2","2","3893.089","21030.102102102","3"
"1601","video","2018-05-29T20:37:34.080Z","2018-05-29T20:37:32.743Z","2018-05-29T20:37:32.939Z","2018-05-29T20:37:34.043Z","10264592","2","2","3893.089","9297.6376811594","5"
"1602","audio","2018-05-29T20:38:09.396Z","2018-05-29T20:38:09.072Z","2018-05-29T20:38:09.072Z","2018-05-29T20:38:09.292Z","65456","1.9619791666667","0","33.434","297.52727272727","6"
"1603","video","2018-05-29T20:43:48.312Z","2018-05-29T20:43:48.010Z","2018-05-29T20:43:48.071Z","2018-05-29T20:43:48.272Z","4869184","2","2","3893.089","24224.7960199","3"
"1604","audio","2018-05-29T20:43:25.272Z","2018-05-29T20:43:24.233Z","2018-05-29T20:43:24.233Z","2018-05-29T20:43:25.269Z","65744","1.9619791666667","0","33.434","63.459459459459","4"
"1605","video","2018-05-29T20:37:36.444Z","2018-05-29T20:37:33.300Z","2018-05-29T20:37:34.083Z","2018-05-29T20:37:36.316Z","9187056","2","2","3893.089","4114.2212270488","5"
"1606","audio","2018-05-29T20:38:11.328Z","2018-05-29T20:38:10.195Z","2018-05-29T20:38:10.195Z","2018-05-29T20:38:11.272Z","65408","1.9619791666667","0","33.434","60.731662024141","6"
"1607","video","2018-05-29T20:43:55.117Z","2018-05-29T20:43:54.359Z","2018-05-29T20:43:54.532Z","2018-05-29T20:43:55.084Z","8564768","2","2","3893.089","15515.884057971","3"
"1608","audio","2018-05-29T20:43:27.904Z","2018-05-29T20:43:27.180Z","2018-05-29T20:43:27.180Z","2018-05-29T20:43:27.901Z","65920","1.9619791666667","0","33.434","91.428571428571","4"
"1609","video","2018-05-29T20:37:36.711Z","2018-05-29T20:37:35.356Z","2018-05-29T20:37:35.753Z","2018-05-29T20:37:36.657Z","5621064","2","2","3893.089","6217.9911504425","5"
"1610","audio","2018-05-29T20:38:21.231Z","2018-05-29T20:38:21.121Z","2018-05-29T20:38:21.121Z","2018-05-29T20:38:21.216Z","65936","1.9619791666667","0","33.434","694.06315789474","6"
"1611","video","2018-05-29T20:43:57.765Z","2018-05-29T20:43:56.670Z","2018-05-29T20:43:57.238Z","2018-05-29T20:43:57.722Z","8713096","2","2","3893.089","18002.26446281","3"
"1612","audio","2018-05-29T20:43:28.614Z","2018-05-29T20:43:28.425Z","2018-05-29T20:43:28.425Z","2018-05-29T20:43:28.597Z","65096","1.9619791666667","0","33.434","378.46511627907","4"
"1613","audio","2018-05-29T20:38:23.281Z","2018-05-29T20:38:23.053Z","2018-05-29T20:38:23.053Z","2018-05-29T20:38:23.267Z","65816","1.9619791666667","0","33.434","307.55140186916","6"
"1614","video","2018-05-29T20:37:38.554Z","2018-05-29T20:37:36.981Z","2018-05-29T20:37:37.553Z","2018-05-29T20:37:38.450Z","7053184","2","2","3893.089","7863.0813823857","5"
"1615","video","2018-05-29T20:44:00.090Z","2018-05-29T20:43:59.676Z","2018-05-29T20:43:59.759Z","2018-05-29T20:44:00.084Z","8439416","2","2","3893.089","25967.433846154","3"
"1616","audio","2018-05-29T20:43:32.013Z","2018-05-29T20:43:31.562Z","2018-05-29T20:43:31.562Z","2018-05-29T20:43:31.972Z","65664","1.9619791666667","0","33.434","160.15609756098","4"
"1617","video","2018-05-29T20:44:00.703Z","2018-05-29T20:44:00.316Z","2018-05-29T20:44:00.414Z","2018-05-29T20:44:00.692Z","8754720","2","2","3893.089","31491.798561151","3"
"1618","video","2018-05-29T20:37:39.505Z","2018-05-29T20:37:37.454Z","2018-05-29T20:37:37.866Z","2018-05-29T20:37:39.448Z","8565376","2","2","3893.089","5414.2705436157","5"
"1619","audio","2018-05-29T20:38:23.868Z","2018-05-29T20:38:23.378Z","2018-05-29T20:38:23.378Z","2018-05-29T20:38:23.786Z","64896","1.9619791666667","0","33.434","159.05882352941","6"
"1620","audio","2018-05-29T20:43:33.978Z","2018-05-29T20:43:33.958Z","2018-05-29T20:43:33.958Z","2018-05-29T20:43:33.976Z","65696","1.9619791666667","0","33.434","3649.7777777778","4"
"1621","video","2018-05-29T20:37:41.246Z","2018-05-29T20:37:39.152Z","2018-05-29T20:37:40.386Z","2018-05-29T20:37:41.195Z","9570272","2","2","3893.089","11829.755253399","5"
"1622","video","2018-05-29T20:44:07.675Z","2018-05-29T20:44:06.712Z","2018-05-29T20:44:07.028Z","2018-05-29T20:44:07.637Z","7598928","2","2","3893.089","12477.714285714","3"
"1623","audio","2018-05-29T20:38:25.228Z","2018-05-29T20:38:24.863Z","2018-05-29T20:38:24.863Z","2018-05-29T20:38:25.189Z","65960","1.9619791666667","0","33.434","202.33128834356","6"
"1624","audio","2018-05-29T20:43:36.768Z","2018-05-29T20:43:36.549Z","2018-05-29T20:43:36.549Z","2018-05-29T20:43:36.744Z","65696","1.9619791666667","0","33.434","336.90256410256","4"
"1625","video","2018-05-29T20:37:43.130Z","2018-05-29T20:37:40.730Z","2018-05-29T20:37:40.892Z","2018-05-29T20:37:43.085Z","10329208","2","2","3893.089","4710.0811673507","5"
"1626","video","2018-05-29T20:44:09.758Z","2018-05-29T20:44:09.062Z","2018-05-29T20:44:09.187Z","2018-05-29T20:44:09.709Z","8999160","2","2","3893.089","17239.770114943","3"
"1627","audio","2018-05-29T20:38:26.038Z","2018-05-29T20:38:25.635Z","2018-05-29T20:38:25.635Z","2018-05-29T20:38:25.994Z","65296","1.9619791666667","0","33.434","181.88300835655","6"
"1628","audio","2018-05-29T20:43:44.871Z","2018-05-29T20:43:44.417Z","2018-05-29T20:43:44.417Z","2018-05-29T20:43:44.817Z","65416","1.9619791666667","0","33.434","163.54","4"
"1629","video","2018-05-29T20:37:44.583Z","2018-05-29T20:37:42.597Z","2018-05-29T20:37:43.215Z","2018-05-29T20:37:44.580Z","6843704","2","2","3893.089","5013.7025641026","5"
"1630","audio","2018-05-29T20:38:26.125Z","2018-05-29T20:38:25.682Z","2018-05-29T20:38:25.682Z","2018-05-29T20:38:26.097Z","66064","1.9619791666667","0","33.434","159.19036144578","6"
"1631","video","2018-05-29T20:44:14.165Z","2018-05-29T20:44:13.858Z","2018-05-29T20:44:13.897Z","2018-05-29T20:44:14.163Z","8309344","2","2","3893.089","31238.135338346","3"
"1632","video","2018-05-29T20:37:45.975Z","2018-05-29T20:37:44.979Z","2018-05-29T20:37:45.186Z","2018-05-29T20:37:45.958Z","8683424","2","2","3893.089","11247.958549223","5"
"1633","audio","2018-05-29T20:43:45.362Z","2018-05-29T20:43:45.052Z","2018-05-29T20:43:45.052Z","2018-05-29T20:43:45.337Z","66192","1.9619791666667","0","33.434","232.25263157895","4"
"1634","audio","2018-05-29T20:38:27.910Z","2018-05-29T20:38:27.590Z","2018-05-29T20:38:27.590Z","2018-05-29T20:38:27.885Z","65336","1.9619791666667","0","33.434","221.47796610169","6"
"1635","video","2018-05-29T20:44:16.905Z","2018-05-29T20:44:16.458Z","2018-05-29T20:44:16.578Z","2018-05-29T20:44:16.857Z","8261288","2","2","3893.089","29610.35125448","3"
"1636","video","2018-05-29T20:37:46.851Z","2018-05-29T20:37:46.561Z","2018-05-29T20:37:46.726Z","2018-05-29T20:37:46.848Z","2988528","2","2","3893.089","24496.131147541","5"
"1637","audio","2018-05-29T20:43:46.020Z","2018-05-29T20:43:45.794Z","2018-05-29T20:43:45.794Z","2018-05-29T20:43:46.000Z","64696","1.9619791666667","0","33.434","314.05825242718","4"
"1638","audio","2018-05-29T20:38:29.862Z","2018-05-29T20:38:29.268Z","2018-05-29T20:38:29.268Z","2018-05-29T20:38:29.835Z","65336","1.9619791666667","0","33.434","115.23104056437","6"
"1639","video","2018-05-29T20:44:23.408Z","2018-05-29T20:44:22.591Z","2018-05-29T20:44:22.879Z","2018-05-29T20:44:23.378Z","6165256","2","2","3893.089","12355.22244489","3"
"1640","video","2018-05-29T20:37:49.082Z","2018-05-29T20:37:47.444Z","2018-05-29T20:37:48.290Z","2018-05-29T20:37:49.036Z","6761024","2","2","3893.089","9063.0348525469","5"
"1641","audio","2018-05-29T20:43:47.592Z","2018-05-29T20:43:47.338Z","2018-05-29T20:43:47.338Z","2018-05-29T20:43:47.578Z","65944","1.9619791666667","0","33.434","274.76666666667","4"
"1642","video","2018-05-29T20:44:25.746Z","2018-05-29T20:44:24.582Z","2018-05-29T20:44:24.936Z","2018-05-29T20:44:25.722Z","8333384","2","2","3893.089","10602.269720102","3"
"1643","audio","2018-05-29T20:38:30.233Z","2018-05-29T20:38:29.947Z","2018-05-29T20:38:29.947Z","2018-05-29T20:38:30.179Z","65512","1.9619791666667","0","33.434","282.37931034483","6"
"1644","video","2018-05-29T20:37:49.427Z","2018-05-29T20:37:48.165Z","2018-05-29T20:37:48.558Z","2018-05-29T20:37:49.401Z","5888904","2","2","3893.089","6985.6512455516","5"
"1645","audio","2018-05-29T20:43:54.734Z","2018-05-29T20:43:54.421Z","2018-05-29T20:43:54.421Z","2018-05-29T20:43:54.721Z","65240","1.9619791666667","0","33.434","217.46666666667","4"
"1646","video","2018-05-29T20:44:27.794Z","2018-05-29T20:44:27.202Z","2018-05-29T20:44:27.480Z","2018-05-29T20:44:27.792Z","9632520","2","2","3893.089","30873.461538462","3"
"1647","audio","2018-05-29T20:38:30.686Z","2018-05-29T20:38:30.626Z","2018-05-29T20:38:30.626Z","2018-05-29T20:38:30.683Z","65824","1.9619791666667","0","33.434","1154.8070175439","6"
"1648","video","2018-05-29T20:44:28.365Z","2018-05-29T20:44:28.124Z","2018-05-29T20:44:28.217Z","2018-05-29T20:44:28.364Z","5121592","2","2","3893.089","34840.761904762","3"
"1649","audio","2018-05-29T20:43:57.368Z","2018-05-29T20:43:56.780Z","2018-05-29T20:43:56.780Z","2018-05-29T20:43:57.346Z","65592","1.9619791666667","0","33.434","115.88692579505","4"
"1650","video","2018-05-29T20:37:52.742Z","2018-05-29T20:37:52.049Z","2018-05-29T20:37:52.200Z","2018-05-29T20:37:52.738Z","9406944","2","2","3893.089","17485.026022305","5"
"1651","audio","2018-05-29T20:38:39.750Z","2018-05-29T20:38:39.473Z","2018-05-29T20:38:39.473Z","2018-05-29T20:38:39.717Z","65208","1.9619791666667","0","33.434","267.24590163934","6"
"1652","video","2018-05-29T20:44:28.753Z","2018-05-29T20:44:28.559Z","2018-05-29T20:44:28.701Z","2018-05-29T20:44:28.750Z","9229472","2","2","3893.089","188356.57142857","3"
"1653","audio","2018-05-29T20:43:59.882Z","2018-05-29T20:43:59.700Z","2018-05-29T20:43:59.700Z","2018-05-29T20:43:59.879Z","66096","1.9619791666667","0","33.434","369.25139664804","4"
"1654","video","2018-05-29T20:37:53.405Z","2018-05-29T20:37:52.968Z","2018-05-29T20:37:53.017Z","2018-05-29T20:37:53.396Z","4414888","2","2","3893.089","11648.781002639","5"
"1655","audio","2018-05-29T20:38:42.062Z","2018-05-29T20:38:41.934Z","2018-05-29T20:38:41.934Z","2018-05-29T20:38:42.036Z","66056","1.9619791666667","0","33.434","647.60784313725","6"
"1656","video","2018-05-29T20:44:29.049Z","2018-05-29T20:44:28.857Z","2018-05-29T20:44:28.884Z","2018-05-29T20:44:29.031Z","8584496","2","2","3893.089","58397.931972789","3"
"1657","audio","2018-05-29T20:44:00.821Z","2018-05-29T20:44:00.733Z","2018-05-29T20:44:00.733Z","2018-05-29T20:44:00.813Z","65760","1.9619791666667","0","33.434","822","4"
"1658","video","2018-05-29T20:37:53.546Z","2018-05-29T20:37:52.983Z","2018-05-29T20:37:53.015Z","2018-05-29T20:37:53.539Z","6657768","2","2","3893.089","12705.664122137","5"
"1659","audio","2018-05-29T20:38:47.398Z","2018-05-29T20:38:47.110Z","2018-05-29T20:38:47.110Z","2018-05-29T20:38:47.375Z","65432","1.9619791666667","0","33.434","246.91320754717","6"
"1660","video","2018-05-29T20:44:39.695Z","2018-05-29T20:44:39.016Z","2018-05-29T20:44:39.197Z","2018-05-29T20:44:39.685Z","8947984","2","2","3893.089","18336.032786885","3"
"1661","video","2018-05-29T20:37:58.487Z","2018-05-29T20:37:56.463Z","2018-05-29T20:37:57.180Z","2018-05-29T20:37:58.460Z","6935440","2","2","3893.089","5418.3125","5"
"1662","audio","2018-05-29T20:44:01.330Z","2018-05-29T20:44:01.194Z","2018-05-29T20:44:01.194Z","2018-05-29T20:44:01.272Z","64760","1.9619791666667","0","33.434","830.25641025641","4"
"1663","audio","2018-05-29T20:38:49.809Z","2018-05-29T20:38:49.583Z","2018-05-29T20:38:49.583Z","2018-05-29T20:38:49.771Z","65568","1.9619791666667","0","33.434","348.76595744681","6"
"1664","video","2018-05-29T20:44:42.729Z","2018-05-29T20:44:41.641Z","2018-05-29T20:44:41.698Z","2018-05-29T20:44:42.700Z","7110696","2","2","3893.089","7096.502994012","3"
"1665","video","2018-05-29T20:38:00.152Z","2018-05-29T20:37:58.012Z","2018-05-29T20:37:58.636Z","2018-05-29T20:38:00.100Z","8935040","2","2","3893.089","6103.1693989071","5"
"1666","audio","2018-05-29T20:44:07.162Z","2018-05-29T20:44:06.773Z","2018-05-29T20:44:06.773Z","2018-05-29T20:44:07.121Z","65872","1.9619791666667","0","33.434","189.28735632184","4"
"1667","audio","2018-05-29T20:38:50.403Z","2018-05-29T20:38:50.252Z","2018-05-29T20:38:50.252Z","2018-05-29T20:38:50.392Z","65344","1.9619791666667","0","33.434","466.74285714286","6"
"1668","video","2018-05-29T20:44:44.450Z","2018-05-29T20:44:44.013Z","2018-05-29T20:44:44.028Z","2018-05-29T20:44:44.447Z","5614432","2","2","3893.089","13399.599045346","3"
"1669","audio","2018-05-29T20:44:09.392Z","2018-05-29T20:44:09.110Z","2018-05-29T20:44:09.110Z","2018-05-29T20:44:09.311Z","65704","1.9619791666667","0","33.434","326.8855721393","4"
"1670","video","2018-05-29T20:38:00.270Z","2018-05-29T20:37:58.860Z","2018-05-29T20:37:59.675Z","2018-05-29T20:38:00.265Z","6935440","2","2","3893.089","11754.983050847","5"
"1671","audio","2018-05-29T20:38:51.744Z","2018-05-29T20:38:51.428Z","2018-05-29T20:38:51.428Z","2018-05-29T20:38:51.595Z","66440","1.9619791666667","0","33.434","397.84431137725","6"
"1672","video","2018-05-29T20:44:47.395Z","2018-05-29T20:44:46.646Z","2018-05-29T20:44:47.004Z","2018-05-29T20:44:47.354Z","5548568","2","2","3893.089","15853.051428571","3"
"1673","audio","2018-05-29T20:44:14.002Z","2018-05-29T20:44:13.885Z","2018-05-29T20:44:13.885Z","2018-05-29T20:44:13.996Z","65648","1.9619791666667","0","33.434","591.42342342342","4"
"1674","video","2018-05-29T20:38:01.322Z","2018-05-29T20:38:01.062Z","2018-05-29T20:38:01.137Z","2018-05-29T20:38:01.266Z","9611528","2","2","3893.089","74507.968992248","5"
"1675","audio","2018-05-29T20:38:54.184Z","2018-05-29T20:38:54.068Z","2018-05-29T20:38:54.068Z","2018-05-29T20:38:54.163Z","65392","1.9619791666667","0","33.434","688.33684210526","6"
"1676","audio","2018-05-29T20:44:19.351Z","2018-05-29T20:44:19.226Z","2018-05-29T20:44:19.226Z","2018-05-29T20:44:19.337Z","65808","1.9619791666667","0","33.434","592.86486486486","4"
"1677","video","2018-05-29T20:44:50.141Z","2018-05-29T20:44:49.081Z","2018-05-29T20:44:49.648Z","2018-05-29T20:44:50.101Z","6447552","2","2","3893.089","14233.006622517","3"
"1678","video","2018-05-29T20:38:04.773Z","2018-05-29T20:38:04.305Z","2018-05-29T20:38:04.486Z","2018-05-29T20:38:04.729Z","7512168","2","2","3893.089","30914.271604938","5"
"1679","audio","2018-05-29T20:38:57.422Z","2018-05-29T20:38:56.827Z","2018-05-29T20:38:56.827Z","2018-05-29T20:38:57.419Z","64824","1.9619791666667","0","33.434","109.5","6"
"1680","video","2018-05-29T20:44:52.009Z","2018-05-29T20:44:51.643Z","2018-05-29T20:44:51.662Z","2018-05-29T20:44:51.999Z","7119160","2","2","3893.089","21125.103857567","3"
"1681","video","2018-05-29T20:38:05.928Z","2018-05-29T20:38:05.121Z","2018-05-29T20:38:05.201Z","2018-05-29T20:38:05.913Z","8376368","2","2","3893.089","11764.561797753","5"
"1682","audio","2018-05-29T20:44:23.090Z","2018-05-29T20:44:22.681Z","2018-05-29T20:44:22.681Z","2018-05-29T20:44:23.040Z","65096","1.9619791666667","0","33.434","181.32590529248","4"
"1683","audio","2018-05-29T20:38:59.390Z","2018-05-29T20:38:59.010Z","2018-05-29T20:38:59.010Z","2018-05-29T20:38:59.364Z","65912","1.9619791666667","0","33.434","186.19209039548","6"
"1684","video","2018-05-29T20:44:54.615Z","2018-05-29T20:44:53.984Z","2018-05-29T20:44:54.207Z","2018-05-29T20:44:54.613Z","8388088","2","2","3893.089","20660.315270936","3"
"1685","video","2018-05-29T20:38:07.487Z","2018-05-29T20:38:06.064Z","2018-05-29T20:38:06.460Z","2018-05-29T20:38:07.250Z","7744336","2","2","3893.089","9802.9569620253","5"
"1686","audio","2018-05-29T20:44:25.028Z","2018-05-29T20:44:24.600Z","2018-05-29T20:44:24.600Z","2018-05-29T20:44:24.990Z","66168","1.9619791666667","0","33.434","169.66153846154","4"
"1687","audio","2018-05-29T20:39:04.521Z","2018-05-29T20:39:04.318Z","2018-05-29T20:39:04.318Z","2018-05-29T20:39:04.497Z","65720","1.9619791666667","0","33.434","367.15083798883","6"
"1688","video","2018-05-29T20:44:59.419Z","2018-05-29T20:44:59.132Z","2018-05-29T20:44:59.209Z","2018-05-29T20:44:59.417Z","5041984","2","2","3893.089","24240.307692308","3"
"1689","audio","2018-05-29T20:44:25.846Z","2018-05-29T20:44:25.573Z","2018-05-29T20:44:25.573Z","2018-05-29T20:44:25.825Z","65960","1.9619791666667","0","33.434","261.74603174603","4"
"1690","video","2018-05-29T20:38:10.476Z","2018-05-29T20:38:08.950Z","2018-05-29T20:38:09.260Z","2018-05-29T20:38:10.425Z","8330872","2","2","3893.089","7150.9630901288","5"
"1691","audio","2018-05-29T20:39:05.300Z","2018-05-29T20:39:04.993Z","2018-05-29T20:39:04.993Z","2018-05-29T20:39:05.261Z","65392","1.9619791666667","0","33.434","244","6"
"1692","audio","2018-05-29T20:44:27.658Z","2018-05-29T20:44:27.353Z","2018-05-29T20:44:27.353Z","2018-05-29T20:44:27.598Z","65288","1.9619791666667","0","33.434","266.48163265306","4"
"1693","video","2018-05-29T20:38:11.866Z","2018-05-29T20:38:11.415Z","2018-05-29T20:38:11.662Z","2018-05-29T20:38:11.845Z","7019816","2","2","3893.089","38359.650273224","5"
"1694","video","2018-05-29T20:45:03.248Z","2018-05-29T20:45:02.276Z","2018-05-29T20:45:02.571Z","2018-05-29T20:45:03.217Z","6478544","2","2","3893.089","10028.705882353","3"
"1695","audio","2018-05-29T20:39:11.908Z","2018-05-29T20:39:11.682Z","2018-05-29T20:39:11.682Z","2018-05-29T20:39:11.857Z","66040","1.9619791666667","0","33.434","377.37142857143","6"
"1696","audio","2018-05-29T20:44:28.921Z","2018-05-29T20:44:28.864Z","2018-05-29T20:44:28.864Z","2018-05-29T20:44:28.917Z","65496","1.9619791666667","0","33.434","1235.7735849057","4"
"1697","video","2018-05-29T20:38:15.180Z","2018-05-29T20:38:14.233Z","2018-05-29T20:38:14.670Z","2018-05-29T20:38:15.173Z","9114880","2","2","3893.089","18121.033797217","5"
"1698","video","2018-05-29T20:45:04.826Z","2018-05-29T20:45:04.343Z","2018-05-29T20:45:04.523Z","2018-05-29T20:45:04.769Z","4267312","2","2","3893.089","17346.796747967","3"
"1699","audio","2018-05-29T20:39:12.954Z","2018-05-29T20:39:12.676Z","2018-05-29T20:39:12.676Z","2018-05-29T20:39:12.938Z","65168","1.9619791666667","0","33.434","248.73282442748","6"
"1700","video","2018-05-29T20:38:17.456Z","2018-05-29T20:38:16.538Z","2018-05-29T20:38:16.918Z","2018-05-29T20:38:17.439Z","7270224","2","2","3893.089","13954.364683301","5"
"1701","audio","2018-05-29T20:44:34.239Z","2018-05-29T20:44:34.052Z","2018-05-29T20:44:34.052Z","2018-05-29T20:44:34.223Z","65360","1.9619791666667","0","33.434","382.22222222222","4"
"1702","video","2018-05-29T20:45:09.814Z","2018-05-29T20:45:09.182Z","2018-05-29T20:45:09.367Z","2018-05-29T20:45:09.810Z","7586880","2","2","3893.089","17126.139954853","3"
"1703","audio","2018-05-29T20:39:19.184Z","2018-05-29T20:39:18.960Z","2018-05-29T20:39:18.960Z","2018-05-29T20:39:19.156Z","65784","1.9619791666667","0","33.434","335.63265306122","6"
"1704","video","2018-05-29T20:45:12.143Z","2018-05-29T20:45:11.581Z","2018-05-29T20:45:11.683Z","2018-05-29T20:45:12.141Z","8695168","2","2","3893.089","18985.082969432","3"
"1705","video","2018-05-29T20:38:23.041Z","2018-05-29T20:38:22.384Z","2018-05-29T20:38:22.532Z","2018-05-29T20:38:23.016Z","8020224","2","2","3893.089","16570.710743802","5"
"1706","audio","2018-05-29T20:44:36.552Z","2018-05-29T20:44:36.457Z","2018-05-29T20:44:36.457Z","2018-05-29T20:44:36.538Z","65496","1.9619791666667","0","33.434","808.59259259259","4"
"1707","audio","2018-05-29T20:39:19.795Z","2018-05-29T20:39:19.530Z","2018-05-29T20:39:19.530Z","2018-05-29T20:39:19.775Z","65360","1.9619791666667","0","33.434","266.77551020408","6"
"1708","video","2018-05-29T20:45:17.221Z","2018-05-29T20:45:16.517Z","2018-05-29T20:45:16.680Z","2018-05-29T20:45:17.162Z","8146056","2","2","3893.089","16900.531120332","3"
"1709","audio","2018-05-29T20:44:39.399Z","2018-05-29T20:44:39.088Z","2018-05-29T20:44:39.088Z","2018-05-29T20:44:39.349Z","65528","1.9619791666667","0","33.434","251.06513409962","4"
"1710","video","2018-05-29T20:38:25.894Z","2018-05-29T20:38:24.792Z","2018-05-29T20:38:25.076Z","2018-05-29T20:38:25.876Z","9751544","2","2","3893.089","12189.43","5"
"1711","audio","2018-05-29T20:39:22.409Z","2018-05-29T20:39:21.833Z","2018-05-29T20:39:21.833Z","2018-05-29T20:39:22.373Z","65792","1.9619791666667","0","33.434","121.83703703704","6"
"1712","video","2018-05-29T20:45:19.745Z","2018-05-29T20:45:19.062Z","2018-05-29T20:45:19.178Z","2018-05-29T20:45:19.703Z","9276712","2","2","3893.089","17669.927619048","3"
"1713","audio","2018-05-29T20:44:41.928Z","2018-05-29T20:44:41.649Z","2018-05-29T20:44:41.649Z","2018-05-29T20:44:41.861Z","66088","1.9619791666667","0","33.434","311.7358490566","4"
"1714","video","2018-05-29T20:38:28.488Z","2018-05-29T20:38:27.524Z","2018-05-29T20:38:27.708Z","2018-05-29T20:38:28.351Z","7309360","2","2","3893.089","11367.589424572","5"
"1715","audio","2018-05-29T20:39:24.765Z","2018-05-29T20:39:24.432Z","2018-05-29T20:39:24.432Z","2018-05-29T20:39:24.762Z","65616","1.9619791666667","0","33.434","198.83636363636","6"
"1716","video","2018-05-29T20:45:22.049Z","2018-05-29T20:45:21.720Z","2018-05-29T20:45:21.744Z","2018-05-29T20:45:22.014Z","7330144","2","2","3893.089","27148.681481481","3"
"1717","video","2018-05-29T20:38:32.762Z","2018-05-29T20:38:32.042Z","2018-05-29T20:38:32.458Z","2018-05-29T20:38:32.738Z","8061264","2","2","3893.089","28790.228571429","5"
"1718","audio","2018-05-29T20:39:29.609Z","2018-05-29T20:39:29.387Z","2018-05-29T20:39:29.387Z","2018-05-29T20:39:29.586Z","65536","1.9619791666667","0","33.434","329.32663316583","6"
"1719","audio","2018-05-29T20:44:44.117Z","2018-05-29T20:44:44.017Z","2018-05-29T20:44:44.017Z","2018-05-29T20:44:44.041Z","65888","1.9619791666667","0","33.434","2745.3333333333","4"
"1720","video","2018-05-29T20:45:27.392Z","2018-05-29T20:45:26.631Z","2018-05-29T20:45:26.772Z","2018-05-29T20:45:27.356Z","10584096","2","2","3893.089","18123.452054795","3"
"1721","video","2018-05-29T20:38:33.528Z","2018-05-29T20:38:33.147Z","2018-05-29T20:38:33.228Z","2018-05-29T20:38:33.494Z","6634344","2","2","3893.089","24941.142857143","5"
"1722","audio","2018-05-29T20:39:32.885Z","2018-05-29T20:39:32.458Z","2018-05-29T20:39:32.458Z","2018-05-29T20:39:32.840Z","65616","1.9619791666667","0","33.434","171.76963350785","6"
"1723","audio","2018-05-29T20:44:49.712Z","2018-05-29T20:44:49.145Z","2018-05-29T20:44:49.145Z","2018-05-29T20:44:49.708Z","65832","1.9619791666667","0","33.434","116.93072824156","4"
"1724","video","2018-05-29T20:45:29.777Z","2018-05-29T20:45:29.425Z","2018-05-29T20:45:29.482Z","2018-05-29T20:45:29.755Z","7763880","2","2","3893.089","28439.120879121","3"
"1725","audio","2018-05-29T20:39:33.573Z","2018-05-29T20:39:33.177Z","2018-05-29T20:39:33.177Z","2018-05-29T20:39:33.570Z","65624","1.9619791666667","0","33.434","166.98218829517","6"
"1726","video","2018-05-29T20:38:34.981Z","2018-05-29T20:38:33.915Z","2018-05-29T20:38:34.258Z","2018-05-29T20:38:34.973Z","9417848","2","2","3893.089","13171.815384615","5"
"1727","audio","2018-05-29T20:44:51.725Z","2018-05-29T20:44:51.650Z","2018-05-29T20:44:51.650Z","2018-05-29T20:44:51.676Z","64808","1.9619791666667","0","33.434","2492.6153846154","4"
"1728","audio","2018-05-29T20:39:35.070Z","2018-05-29T20:39:34.366Z","2018-05-29T20:39:34.366Z","2018-05-29T20:39:35.055Z","65320","1.9619791666667","0","33.434","94.804063860668","6"
"1729","video","2018-05-29T20:45:35.094Z","2018-05-29T20:45:34.401Z","2018-05-29T20:45:34.496Z","2018-05-29T20:45:35.043Z","7330816","2","2","3893.089","13401.857404022","3"
"1730","audio","2018-05-29T20:44:52.768Z","2018-05-29T20:44:52.636Z","2018-05-29T20:44:52.636Z","2018-05-29T20:44:52.741Z","65128","1.9619791666667","0","33.434","620.26666666667","4"
"1731","video","2018-05-29T20:38:58.236Z","2018-05-29T20:38:56.780Z","2018-05-29T20:38:57.068Z","2018-05-29T20:38:58.227Z","8035152","2","2","3893.089","6932.8317515099","5"
"1732","audio","2018-05-29T20:39:42.452Z","2018-05-29T20:39:42.060Z","2018-05-29T20:39:42.060Z","2018-05-29T20:39:42.406Z","65920","1.9619791666667","0","33.434","190.52023121387","6"
"1733","audio","2018-05-29T20:39:44.942Z","2018-05-29T20:39:44.752Z","2018-05-29T20:39:44.752Z","2018-05-29T20:39:44.916Z","65344","1.9619791666667","0","33.434","398.43902439024","6"
"1734","video","2018-05-29T20:45:38.073Z","2018-05-29T20:45:36.901Z","2018-05-29T20:45:37.144Z","2018-05-29T20:45:37.962Z","6768736","2","2","3893.089","8274.7383863081","3"
"1735","video","2018-05-29T20:38:59.729Z","2018-05-29T20:38:58.996Z","2018-05-29T20:38:59.039Z","2018-05-29T20:38:59.685Z","7607448","2","2","3893.089","11776.235294118","5"
"1736","audio","2018-05-29T20:44:54.351Z","2018-05-29T20:44:54.004Z","2018-05-29T20:44:54.004Z","2018-05-29T20:44:54.329Z","66224","1.9619791666667","0","33.434","203.76615384615","4"
"1737","audio","2018-05-29T20:39:51.754Z","2018-05-29T20:39:51.565Z","2018-05-29T20:39:51.565Z","2018-05-29T20:39:51.744Z","65336","1.9619791666667","0","33.434","365.00558659218","6"
"1738","audio","2018-05-29T20:44:59.330Z","2018-05-29T20:44:59.155Z","2018-05-29T20:44:59.155Z","2018-05-29T20:44:59.302Z","65408","1.9619791666667","0","33.434","444.95238095238","4"
"1739","video","2018-05-29T20:39:02.028Z","2018-05-29T20:39:01.570Z","2018-05-29T20:39:01.626Z","2018-05-29T20:39:01.954Z","8033240","2","2","3893.089","24491.585365854","5"
"1740","video","2018-05-29T20:45:41.012Z","2018-05-29T20:45:39.829Z","2018-05-29T20:45:40.023Z","2018-05-29T20:45:40.978Z","7456104","2","2","3893.089","7807.4387434555","3"
"1741","audio","2018-05-29T20:39:52.288Z","2018-05-29T20:39:52.142Z","2018-05-29T20:39:52.142Z","2018-05-29T20:39:52.275Z","66000","1.9619791666667","0","33.434","496.24060150376","6"
"1742","video","2018-05-29T20:39:04.849Z","2018-05-29T20:39:04.277Z","2018-05-29T20:39:04.401Z","2018-05-29T20:39:04.826Z","8359456","2","2","3893.089","19669.308235294","5"
"1743","video","2018-05-29T20:45:42.318Z","2018-05-29T20:45:41.775Z","2018-05-29T20:45:41.855Z","2018-05-29T20:45:42.303Z","9362552","2","2","3893.089","20898.553571429","3"
"1744","audio","2018-05-29T20:45:02.844Z","2018-05-29T20:45:02.395Z","2018-05-29T20:45:02.395Z","2018-05-29T20:45:02.839Z","65296","1.9619791666667","0","33.434","147.06306306306","4"
"1745","audio","2018-05-29T20:39:56.310Z","2018-05-29T20:39:56.255Z","2018-05-29T20:39:56.255Z","2018-05-29T20:39:56.293Z","65568","1.9619791666667","0","33.434","1725.4736842105","6"
"1746","video","2018-05-29T20:39:09.689Z","2018-05-29T20:39:09.203Z","2018-05-29T20:39:09.267Z","2018-05-29T20:39:09.630Z","7479976","2","2","3893.089","20605.994490358","5"
"1747","video","2018-05-29T20:45:44.493Z","2018-05-29T20:45:43.562Z","2018-05-29T20:45:43.811Z","2018-05-29T20:45:44.437Z","8727880","2","2","3893.089","13942.300319489","3"
"1748","audio","2018-05-29T20:45:04.652Z","2018-05-29T20:45:04.398Z","2018-05-29T20:45:04.398Z","2018-05-29T20:45:04.624Z","65928","1.9619791666667","0","33.434","291.71681415929","4"
"1749","audio","2018-05-29T20:39:57.225Z","2018-05-29T20:39:56.935Z","2018-05-29T20:39:56.935Z","2018-05-29T20:39:57.197Z","65616","1.9619791666667","0","33.434","250.4427480916","6"
"1750","video","2018-05-29T20:45:46.836Z","2018-05-29T20:45:46.575Z","2018-05-29T20:45:46.640Z","2018-05-29T20:45:46.825Z","8337320","2","2","3893.089","45066.594594595","3"
"1751","video","2018-05-29T20:39:12.411Z","2018-05-29T20:39:11.660Z","2018-05-29T20:39:11.752Z","2018-05-29T20:39:12.332Z","8153888","2","2","3893.089","14058.427586207","5"
"1752","audio","2018-05-29T20:45:11.790Z","2018-05-29T20:45:11.625Z","2018-05-29T20:45:11.625Z","2018-05-29T20:45:11.780Z","65664","1.9619791666667","0","33.434","423.63870967742","4"
"1753","audio","2018-05-29T20:39:59.610Z","2018-05-29T20:39:59.420Z","2018-05-29T20:39:59.420Z","2018-05-29T20:39:59.602Z","65456","1.9619791666667","0","33.434","359.64835164835","6"
"1754","video","2018-05-29T20:45:49.961Z","2018-05-29T20:45:49.413Z","2018-05-29T20:45:49.475Z","2018-05-29T20:45:49.958Z","8511320","2","2","3893.089","17621.780538302","3"
"1755","video","2018-05-29T20:39:15.600Z","2018-05-29T20:39:14.452Z","2018-05-29T20:39:14.754Z","2018-05-29T20:39:15.588Z","7946968","2","2","3893.089","9528.7386091127","5"
"1756","audio","2018-05-29T20:45:14.026Z","2018-05-29T20:45:13.949Z","2018-05-29T20:45:13.949Z","2018-05-29T20:45:14.019Z","65216","1.9619791666667","0","33.434","931.65714285714","4"
"1757","audio","2018-05-29T20:40:02.482Z","2018-05-29T20:40:02.018Z","2018-05-29T20:40:02.018Z","2018-05-29T20:40:02.340Z","65176","1.9619791666667","0","33.434","202.4099378882","6"
"1758","video","2018-05-29T20:39:17.482Z","2018-05-29T20:39:16.758Z","2018-05-29T20:39:16.961Z","2018-05-29T20:39:17.416Z","8743024","2","2","3893.089","19215.437362637","5"
"1759","video","2018-05-29T20:45:52.285Z","2018-05-29T20:45:51.605Z","2018-05-29T20:45:51.753Z","2018-05-29T20:45:52.283Z","6917488","2","2","3893.089","13051.864150943","3"
"1760","audio","2018-05-29T20:45:19.403Z","2018-05-29T20:45:19.153Z","2018-05-29T20:45:19.153Z","2018-05-29T20:45:19.326Z","65560","1.9619791666667","0","33.434","378.95953757225","4"
"1761","audio","2018-05-29T20:40:09.612Z","2018-05-29T20:40:09.303Z","2018-05-29T20:40:09.303Z","2018-05-29T20:40:09.585Z","66288","1.9619791666667","0","33.434","235.06382978723","6"
"1762","video","2018-05-29T20:45:54.130Z","2018-05-29T20:45:53.900Z","2018-05-29T20:45:53.917Z","2018-05-29T20:45:54.121Z","5056040","2","2","3893.089","24784.509803922","3"
"1763","video","2018-05-29T20:39:18.475Z","2018-05-29T20:39:17.915Z","2018-05-29T20:39:18.068Z","2018-05-29T20:39:18.452Z","6205608","2","2","3893.089","16160.4375","5"
"1764","audio","2018-05-29T20:45:21.861Z","2018-05-29T20:45:21.730Z","2018-05-29T20:45:21.730Z","2018-05-29T20:45:21.852Z","65552","1.9619791666667","0","33.434","537.31147540984","4"
"1765","audio","2018-05-29T20:40:12.020Z","2018-05-29T20:40:11.791Z","2018-05-29T20:40:11.791Z","2018-05-29T20:40:11.998Z","65432","1.9619791666667","0","33.434","316.09661835749","6"
"1766","video","2018-05-29T20:45:56.218Z","2018-05-29T20:45:55.045Z","2018-05-29T20:45:55.351Z","2018-05-29T20:45:56.214Z","10477608","2","2","3893.089","12140.913093859","3"
"1767","video","2018-05-29T20:39:22.982Z","2018-05-29T20:39:21.751Z","2018-05-29T20:39:22.043Z","2018-05-29T20:39:22.956Z","7205392","2","2","3893.089","7891.995618839","5"
"1768","audio","2018-05-29T20:45:22.436Z","2018-05-29T20:45:22.246Z","2018-05-29T20:45:22.246Z","2018-05-29T20:45:22.410Z","65296","1.9619791666667","0","33.434","398.14634146341","4"
"1769","audio","2018-05-29T20:40:13.536Z","2018-05-29T20:40:13.182Z","2018-05-29T20:40:13.182Z","2018-05-29T20:40:13.525Z","65264","1.9619791666667","0","33.434","190.27405247813","6"
"1770","video","2018-05-29T20:39:25.406Z","2018-05-29T20:39:24.371Z","2018-05-29T20:39:24.590Z","2018-05-29T20:39:25.373Z","8009840","2","2","3893.089","10229.680715198","5"
"1771","video","2018-05-29T20:45:57.196Z","2018-05-29T20:45:56.336Z","2018-05-29T20:45:56.357Z","2018-05-29T20:45:57.125Z","10703664","2","2","3893.089","13937.0625","3"
"1772","audio","2018-05-29T20:45:26.953Z","2018-05-29T20:45:26.720Z","2018-05-29T20:45:26.720Z","2018-05-29T20:45:26.896Z","65712","1.9619791666667","0","33.434","373.36363636364","4"
"1773","video","2018-05-29T20:39:29.934Z","2018-05-29T20:39:29.304Z","2018-05-29T20:39:29.437Z","2018-05-29T20:39:29.927Z","8258184","2","2","3893.089","16853.436734694","5"
"1774","audio","2018-05-29T20:40:14.377Z","2018-05-29T20:40:14.026Z","2018-05-29T20:40:14.026Z","2018-05-29T20:40:14.341Z","65904","1.9619791666667","0","33.434","209.21904761905","6"
"1775","video","2018-05-29T20:45:58.744Z","2018-05-29T20:45:58.173Z","2018-05-29T20:45:58.386Z","2018-05-29T20:45:58.696Z","6380856","2","2","3893.089","20583.406451613","3"
"1776","audio","2018-05-29T20:45:29.536Z","2018-05-29T20:45:29.447Z","2018-05-29T20:45:29.447Z","2018-05-29T20:45:29.527Z","65712","1.9619791666667","0","33.434","821.4","4"
"1777","video","2018-05-29T20:39:33.260Z","2018-05-29T20:39:32.154Z","2018-05-29T20:39:32.614Z","2018-05-29T20:39:33.238Z","11254424","2","2","3893.089","18035.935897436","5"
"1778","audio","2018-05-29T20:40:22.361Z","2018-05-29T20:40:21.836Z","2018-05-29T20:40:21.836Z","2018-05-29T20:40:22.324Z","65464","1.9619791666667","0","33.434","134.14754098361","6"
"1779","video","2018-05-29T20:46:02.105Z","2018-05-29T20:46:01.642Z","2018-05-29T20:46:01.806Z","2018-05-29T20:46:02.079Z","10444872","2","2","3893.089","38259.604395604","3"
"1780","audio","2018-05-29T20:45:34.653Z","2018-05-29T20:45:34.443Z","2018-05-29T20:45:34.443Z","2018-05-29T20:45:34.630Z","65632","1.9619791666667","0","33.434","350.97326203209","4"
"1781","audio","2018-05-29T20:40:26.733Z","2018-05-29T20:40:26.518Z","2018-05-29T20:40:26.518Z","2018-05-29T20:40:26.715Z","65608","1.9619791666667","0","33.434","333.03553299492","6"
"1782","video","2018-05-29T20:39:35.522Z","2018-05-29T20:39:34.218Z","2018-05-29T20:39:34.571Z","2018-05-29T20:39:35.519Z","7614304","2","2","3893.089","8031.9662447257","5"
"1783","audio","2018-05-29T20:45:37.247Z","2018-05-29T20:45:36.943Z","2018-05-29T20:45:36.943Z","2018-05-29T20:45:37.239Z","65080","1.9619791666667","0","33.434","219.86486486486","4"
"1784","video","2018-05-29T20:46:07.357Z","2018-05-29T20:46:06.964Z","2018-05-29T20:46:07.113Z","2018-05-29T20:46:07.334Z","5181352","2","2","3893.089","23445.031674208","3"
"1785","video","2018-05-29T20:39:42.590Z","2018-05-29T20:39:41.978Z","2018-05-29T20:39:42.288Z","2018-05-29T20:39:42.560Z","4691824","2","2","3893.089","17249.352941176","5"
"1786","audio","2018-05-29T20:40:29.885Z","2018-05-29T20:40:29.407Z","2018-05-29T20:40:29.407Z","2018-05-29T20:40:29.838Z","65896","1.9619791666667","0","33.434","152.8909512761","6"
"1787","audio","2018-05-29T20:45:40.623Z","2018-05-29T20:45:39.894Z","2018-05-29T20:45:39.894Z","2018-05-29T20:45:40.145Z","66240","1.9619791666667","0","33.434","263.90438247012","4"
"1788","video","2018-05-29T20:46:10.226Z","2018-05-29T20:46:09.633Z","2018-05-29T20:46:09.910Z","2018-05-29T20:46:10.181Z","7200752","2","2","3893.089","26571.040590406","3"
"1789","audio","2018-05-29T20:40:31.682Z","2018-05-29T20:40:31.520Z","2018-05-29T20:40:31.520Z","2018-05-29T20:40:31.669Z","65184","1.9619791666667","0","33.434","437.47651006711","6"
"1790","video","2018-05-29T20:39:45.320Z","2018-05-29T20:39:44.577Z","2018-05-29T20:39:44.778Z","2018-05-29T20:39:45.272Z","6904568","2","2","3893.089","13976.858299595","5"
"1791","audio","2018-05-29T20:45:41.892Z","2018-05-29T20:45:41.779Z","2018-05-29T20:45:41.779Z","2018-05-29T20:45:41.871Z","65424","1.9619791666667","0","33.434","711.13043478261","4"
"1792","video","2018-05-29T20:46:17.044Z","2018-05-29T20:46:16.411Z","2018-05-29T20:46:16.450Z","2018-05-29T20:46:17.017Z","12481760","2","2","3893.089","22013.686067019","3"
"1793","video","2018-05-29T20:39:49.714Z","2018-05-29T20:39:49.001Z","2018-05-29T20:39:49.157Z","2018-05-29T20:39:49.662Z","10629848","2","2","3893.089","21049.203960396","5"
"1794","audio","2018-05-29T20:40:34.841Z","2018-05-29T20:40:34.273Z","2018-05-29T20:40:34.273Z","2018-05-29T20:40:34.786Z","65408","1.9619791666667","0","33.434","127.50097465887","6"
"1795","audio","2018-05-29T20:45:49.637Z","2018-05-29T20:45:49.439Z","2018-05-29T20:45:49.439Z","2018-05-29T20:45:49.633Z","65328","1.9619791666667","0","33.434","336.74226804124","4"
"1796","video","2018-05-29T20:46:17.920Z","2018-05-29T20:46:17.252Z","2018-05-29T20:46:17.643Z","2018-05-29T20:46:17.903Z","5567512","2","2","3893.089","21413.507692308","3"
"1797","video","2018-05-29T20:39:52.008Z","2018-05-29T20:39:51.519Z","2018-05-29T20:39:51.678Z","2018-05-29T20:39:51.976Z","8686976","2","2","3893.089","29150.926174497","5"
"1798","audio","2018-05-29T20:40:37.610Z","2018-05-29T20:40:37.168Z","2018-05-29T20:40:37.168Z","2018-05-29T20:40:37.585Z","65920","1.9619791666667","0","33.434","158.08153477218","6"
"1799","video","2018-05-29T20:46:18.537Z","2018-05-29T20:46:18.228Z","2018-05-29T20:46:18.250Z","2018-05-29T20:46:18.516Z","7381280","2","2","3893.089","27749.172932331","3"
"1800","audio","2018-05-29T20:45:50.017Z","2018-05-29T20:45:49.880Z","2018-05-29T20:45:49.880Z","2018-05-29T20:45:50.004Z","65520","1.9619791666667","0","33.434","528.38709677419","4"
"1801","video","2018-05-29T20:39:54.502Z","2018-05-29T20:39:54.019Z","2018-05-29T20:39:54.052Z","2018-05-29T20:39:54.458Z","8802200","2","2","3893.089","21680.295566502","5"
"1802","audio","2018-05-29T20:40:39.905Z","2018-05-29T20:40:39.633Z","2018-05-29T20:40:39.633Z","2018-05-29T20:40:39.893Z","65016","1.9619791666667","0","33.434","250.06153846154","6"
"1803","audio","2018-05-29T20:45:50.508Z","2018-05-29T20:45:50.289Z","2018-05-29T20:45:50.289Z","2018-05-29T20:45:50.384Z","64904","1.9619791666667","0","33.434","683.2","4"
"1804","video","2018-05-29T20:46:19.505Z","2018-05-29T20:46:18.879Z","2018-05-29T20:46:18.948Z","2018-05-29T20:46:19.469Z","5089864","2","2","3893.089","9769.4126679463","3"
"1805","audio","2018-05-29T20:40:41.846Z","2018-05-29T20:40:41.628Z","2018-05-29T20:40:41.628Z","2018-05-29T20:40:41.824Z","66200","1.9619791666667","0","33.434","337.75510204082","6"
"1806","video","2018-05-29T20:39:56.513Z","2018-05-29T20:39:56.241Z","2018-05-29T20:39:56.274Z","2018-05-29T20:39:56.459Z","5660408","2","2","3893.089","30596.8","5"
"1807","video","2018-05-29T20:46:21.411Z","2018-05-29T20:46:21.329Z","2018-05-29T20:46:21.363Z","2018-05-29T20:46:21.403Z","3651240","2","2","3893.089","91281","3"
"1808","audio","2018-05-29T20:45:52.170Z","2018-05-29T20:45:51.662Z","2018-05-29T20:45:51.662Z","2018-05-29T20:45:52.126Z","66056","1.9619791666667","0","33.434","142.36206896552","4"
"1809","video","2018-05-29T20:40:00.302Z","2018-05-29T20:39:59.311Z","2018-05-29T20:39:59.468Z","2018-05-29T20:40:00.274Z","10212664","2","2","3893.089","12670.799007444","5"
"1810","audio","2018-05-29T20:40:46.710Z","2018-05-29T20:40:46.559Z","2018-05-29T20:40:46.559Z","2018-05-29T20:40:46.675Z","65112","1.9619791666667","0","33.434","561.31034482759","6"
"1811","audio","2018-05-29T20:45:56.521Z","2018-05-29T20:45:56.341Z","2018-05-29T20:45:56.341Z","2018-05-29T20:45:56.421Z","65560","1.9619791666667","0","33.434","819.5","4"
"1812","video","2018-05-29T20:46:25.584Z","2018-05-29T20:46:24.080Z","2018-05-29T20:46:24.177Z","2018-05-29T20:46:25.553Z","12073704","2","2","3893.089","8774.4941860465","3"
"1813","audio","2018-05-29T20:40:49.401Z","2018-05-29T20:40:49.284Z","2018-05-29T20:40:49.284Z","2018-05-29T20:40:49.375Z","65776","1.9619791666667","0","33.434","722.81318681319","6"
"1814","video","2018-05-29T20:40:02.274Z","2018-05-29T20:40:01.946Z","2018-05-29T20:40:02.085Z","2018-05-29T20:40:02.250Z","3946280","2","2","3893.089","23916.848484848","5"
"1815","video","2018-05-29T20:46:27.663Z","2018-05-29T20:46:26.832Z","2018-05-29T20:46:27.005Z","2018-05-29T20:46:27.656Z","10009432","2","2","3893.089","15375.471582181","3"
"1816","audio","2018-05-29T20:45:58.158Z","2018-05-29T20:45:57.418Z","2018-05-29T20:45:57.418Z","2018-05-29T20:45:58.124Z","66208","1.9619791666667","0","33.434","93.779036827195","4"
"1817","video","2018-05-29T20:40:03.327Z","2018-05-29T20:40:02.899Z","2018-05-29T20:40:02.991Z","2018-05-29T20:40:03.252Z","6600720","2","2","3893.089","25290.114942529","5"
"1818","audio","2018-05-29T20:40:51.934Z","2018-05-29T20:40:51.709Z","2018-05-29T20:40:51.709Z","2018-05-29T20:40:51.898Z","65832","1.9619791666667","0","33.434","348.31746031746","6"
"1819","audio","2018-05-29T20:46:06.420Z","2018-05-29T20:46:06.249Z","2018-05-29T20:46:06.249Z","2018-05-29T20:46:06.280Z","65760","1.9619791666667","0","33.434","2121.2903225806","4"
"1820","video","2018-05-29T20:46:28.668Z","2018-05-29T20:46:28.534Z","2018-05-29T20:46:28.591Z","2018-05-29T20:46:28.641Z","4267184","2","2","3893.089","85343.68","3"
"1821","video","2018-05-29T20:40:10.341Z","2018-05-29T20:40:09.230Z","2018-05-29T20:40:09.500Z","2018-05-29T20:40:10.322Z","7722168","2","2","3893.089","9394.3649635036","5"
"1822","audio","2018-05-29T20:40:57.821Z","2018-05-29T20:40:57.512Z","2018-05-29T20:40:57.512Z","2018-05-29T20:40:57.815Z","66112","1.9619791666667","0","33.434","218.19141914191","6"
"1823","video","2018-05-29T20:46:31.746Z","2018-05-29T20:46:31.465Z","2018-05-29T20:46:31.516Z","2018-05-29T20:46:31.728Z","4839568","2","2","3893.089","22828.150943396","3"
"1824","video","2018-05-29T20:40:13.370Z","2018-05-29T20:40:11.770Z","2018-05-29T20:40:11.945Z","2018-05-29T20:40:13.358Z","12112128","2","2","3893.089","8571.923566879","5"
"1825","audio","2018-05-29T20:46:08.044Z","2018-05-29T20:46:07.551Z","2018-05-29T20:46:07.551Z","2018-05-29T20:46:07.974Z","65144","1.9619791666667","0","33.434","154.00472813239","4"
"1826","audio","2018-05-29T20:40:59.744Z","2018-05-29T20:40:59.386Z","2018-05-29T20:40:59.386Z","2018-05-29T20:40:59.618Z","65336","1.9619791666667","0","33.434","281.62068965517","6"
"1827","audio","2018-05-29T20:46:08.272Z","2018-05-29T20:46:07.892Z","2018-05-29T20:46:07.892Z","2018-05-29T20:46:08.212Z","65696","1.9619791666667","0","33.434","205.3","4"
"1828","video","2018-05-29T20:40:14.668Z","2018-05-29T20:40:14.021Z","2018-05-29T20:40:14.265Z","2018-05-29T20:40:14.627Z","6551024","2","2","3893.089","18096.751381215","5"
"1829","video","2018-05-29T20:46:32.057Z","2018-05-29T20:46:31.569Z","2018-05-29T20:46:31.836Z","2018-05-29T20:46:32.053Z","7868432","2","2","3893.089","36260.055299539","3"
"1830","audio","2018-05-29T20:41:01.797Z","2018-05-29T20:41:01.633Z","2018-05-29T20:41:01.633Z","2018-05-29T20:41:01.761Z","65704","1.9619791666667","0","33.434","513.3125","6"
"1831","video","2018-05-29T20:46:35.334Z","2018-05-29T20:46:34.337Z","2018-05-29T20:46:34.463Z","2018-05-29T20:46:35.306Z","12536304","2","2","3893.089","14871.060498221","3"
"1832","audio","2018-05-29T20:46:09.966Z","2018-05-29T20:46:09.684Z","2018-05-29T20:46:09.684Z","2018-05-29T20:46:09.939Z","66136","1.9619791666667","0","33.434","259.3568627451","4"
"1833","video","2018-05-29T20:40:22.785Z","2018-05-29T20:40:21.741Z","2018-05-29T20:40:21.917Z","2018-05-29T20:40:22.661Z","8417144","2","2","3893.089","11313.365591398","5"
"1834","audio","2018-05-29T20:41:02.849Z","2018-05-29T20:41:02.336Z","2018-05-29T20:41:02.336Z","2018-05-29T20:41:02.821Z","65288","1.9619791666667","0","33.434","134.61443298969","6"
"1835","audio","2018-05-29T20:46:10.795Z","2018-05-29T20:46:10.481Z","2018-05-29T20:46:10.481Z","2018-05-29T20:46:10.762Z","65160","1.9619791666667","0","33.434","231.88612099644","4"
"1836","video","2018-05-29T20:46:36.961Z","2018-05-29T20:46:36.629Z","2018-05-29T20:46:36.826Z","2018-05-29T20:46:36.941Z","3915664","2","2","3893.089","34049.252173913","3"
"1837","video","2018-05-29T20:40:24.307Z","2018-05-29T20:40:24.030Z","2018-05-29T20:40:24.091Z","2018-05-29T20:40:24.293Z","8549832","2","2","3893.089","42325.900990099","5"
"1838","audio","2018-05-29T20:41:04.136Z","2018-05-29T20:41:03.841Z","2018-05-29T20:41:03.841Z","2018-05-29T20:41:04.070Z","65576","1.9619791666667","0","33.434","286.35807860262","6"
"1839","video","2018-05-29T20:40:27.183Z","2018-05-29T20:40:26.470Z","2018-05-29T20:40:26.566Z","2018-05-29T20:40:27.110Z","8486088","2","2","3893.089","15599.426470588","5"
"1840","audio","2018-05-29T20:46:11.683Z","2018-05-29T20:46:11.440Z","2018-05-29T20:46:11.440Z","2018-05-29T20:46:11.673Z","65808","1.9619791666667","0","33.434","282.43776824034","4"
"1841","video","2018-05-29T20:46:40.047Z","2018-05-29T20:46:39.157Z","2018-05-29T20:46:39.235Z","2018-05-29T20:46:40.034Z","9506552","2","2","3893.089","11898.062578223","3"
"1842","audio","2018-05-29T20:41:09.367Z","2018-05-29T20:41:09.047Z","2018-05-29T20:41:09.047Z","2018-05-29T20:41:09.318Z","65320","1.9619791666667","0","33.434","241.0332103321","6"
"1843","audio","2018-05-29T20:46:13.793Z","2018-05-29T20:46:13.750Z","2018-05-29T20:46:13.750Z","2018-05-29T20:46:13.768Z","65272","1.9619791666667","0","33.434","3626.2222222222","4"
"1844","video","2018-05-29T20:40:30.258Z","2018-05-29T20:40:29.376Z","2018-05-29T20:40:29.542Z","2018-05-29T20:40:30.253Z","8791872","2","2","3893.089","12365.502109705","5"
"1845","video","2018-05-29T20:46:42.436Z","2018-05-29T20:46:41.704Z","2018-05-29T20:46:41.800Z","2018-05-29T20:46:42.416Z","10460160","2","2","3893.089","16980.779220779","3"
"1846","audio","2018-05-29T20:41:11.634Z","2018-05-29T20:41:11.586Z","2018-05-29T20:41:11.586Z","2018-05-29T20:41:11.631Z","66296","1.9619791666667","0","33.434","1473.2444444444","6"
"1847","audio","2018-05-29T20:46:16.580Z","2018-05-29T20:46:16.429Z","2018-05-29T20:46:16.429Z","2018-05-29T20:46:16.526Z","65656","1.9619791666667","0","33.434","676.86597938144","4"
"1848","video","2018-05-29T20:40:35.312Z","2018-05-29T20:40:34.192Z","2018-05-29T20:40:34.535Z","2018-05-29T20:40:35.260Z","7581800","2","2","3893.089","10457.655172414","5"
"1849","video","2018-05-29T20:46:44.876Z","2018-05-29T20:46:44.545Z","2018-05-29T20:46:44.686Z","2018-05-29T20:46:44.873Z","4803624","2","2","3893.089","25687.828877005","3"
"1850","audio","2018-05-29T20:41:14.389Z","2018-05-29T20:41:14.228Z","2018-05-29T20:41:14.228Z","2018-05-29T20:41:14.373Z","64912","1.9619791666667","0","33.434","447.66896551724","6"
"1851","audio","2018-05-29T20:46:24.364Z","2018-05-29T20:46:24.095Z","2018-05-29T20:46:24.095Z","2018-05-29T20:46:24.338Z","65504","1.9619791666667","0","33.434","269.56378600823","4"
"1852","video","2018-05-29T20:40:37.876Z","2018-05-29T20:40:37.062Z","2018-05-29T20:40:37.300Z","2018-05-29T20:40:37.857Z","3192008","2","2","3893.089","5730.7145421903","5"
"1853","video","2018-05-29T20:46:47.326Z","2018-05-29T20:46:46.578Z","2018-05-29T20:46:46.742Z","2018-05-29T20:46:47.308Z","10184896","2","2","3893.089","17994.51590106","3"
"1854","audio","2018-05-29T20:41:16.786Z","2018-05-29T20:41:16.504Z","2018-05-29T20:41:16.504Z","2018-05-29T20:41:16.783Z","65832","1.9619791666667","0","33.434","235.95698924731","6"
"1855","video","2018-05-29T20:40:40.906Z","2018-05-29T20:40:39.507Z","2018-05-29T20:40:39.836Z","2018-05-29T20:40:40.894Z","11797472","2","2","3893.089","11150.729678639","5"
"1856","audio","2018-05-29T20:46:24.510Z","2018-05-29T20:46:24.266Z","2018-05-29T20:46:24.266Z","2018-05-29T20:46:24.455Z","65488","1.9619791666667","0","33.434","346.49735449735","4"
"1857","video","2018-05-29T20:46:51.738Z","2018-05-29T20:46:51.418Z","2018-05-29T20:46:51.508Z","2018-05-29T20:46:51.720Z","7387448","2","2","3893.089","34846.452830189","3"
"1858","audio","2018-05-29T20:41:21.696Z","2018-05-29T20:41:21.513Z","2018-05-29T20:41:21.513Z","2018-05-29T20:41:21.682Z","65672","1.9619791666667","0","33.434","388.59171597633","6"
"1859","video","2018-05-29T20:40:42.509Z","2018-05-29T20:40:41.571Z","2018-05-29T20:40:41.668Z","2018-05-29T20:40:42.445Z","8442344","2","2","3893.089","10865.307593308","5"
"1860","video","2018-05-29T20:46:54.733Z","2018-05-29T20:46:54.078Z","2018-05-29T20:46:54.221Z","2018-05-29T20:46:54.717Z","9449608","2","2","3893.089","19051.629032258","3"
"1861","audio","2018-05-29T20:46:25.004Z","2018-05-29T20:46:24.594Z","2018-05-29T20:46:24.594Z","2018-05-29T20:46:24.989Z","65296","1.9619791666667","0","33.434","165.30632911392","4"
"1862","audio","2018-05-29T20:41:24.081Z","2018-05-29T20:41:23.948Z","2018-05-29T20:41:23.948Z","2018-05-29T20:41:24.000Z","66120","1.9619791666667","0","33.434","1271.5384615385","6"
"1863","video","2018-05-29T20:46:57.139Z","2018-05-29T20:46:56.817Z","2018-05-29T20:46:56.909Z","2018-05-29T20:46:57.137Z","7992736","2","2","3893.089","35055.859649123","3"
"1864","video","2018-05-29T20:40:43.458Z","2018-05-29T20:40:42.765Z","2018-05-29T20:40:42.897Z","2018-05-29T20:40:43.429Z","8008760","2","2","3893.089","15054.060150376","5"
"1865","audio","2018-05-29T20:46:27.143Z","2018-05-29T20:46:26.853Z","2018-05-29T20:46:26.853Z","2018-05-29T20:46:27.097Z","65968","1.9619791666667","0","33.434","270.3606557377","4"
"1866","audio","2018-05-29T20:41:31.817Z","2018-05-29T20:41:31.664Z","2018-05-29T20:41:31.664Z","2018-05-29T20:41:31.769Z","64648","1.9619791666667","0","33.434","615.69523809524","6"
"1867","audio","2018-05-29T20:46:28.357Z","2018-05-29T20:46:28.289Z","2018-05-29T20:46:28.289Z","2018-05-29T20:46:28.355Z","66584","1.9619791666667","0","33.434","1008.8484848485","4"
"1868","video","2018-05-29T20:47:02.650Z","2018-05-29T20:47:01.690Z","2018-05-29T20:47:01.929Z","2018-05-29T20:47:02.627Z","7944280","2","2","3893.089","11381.489971347","3"
"1869","video","2018-05-29T20:40:44.615Z","2018-05-29T20:40:44.209Z","2018-05-29T20:40:44.290Z","2018-05-29T20:40:44.549Z","7269464","2","2","3893.089","28067.428571429","5"
"1870","audio","2018-05-29T20:41:32.298Z","2018-05-29T20:41:32.073Z","2018-05-29T20:41:32.073Z","2018-05-29T20:41:32.273Z","65504","1.9619791666667","0","33.434","327.52","6"
"1871","audio","2018-05-29T20:46:34.674Z","2018-05-29T20:46:34.354Z","2018-05-29T20:46:34.354Z","2018-05-29T20:46:34.640Z","64888","1.9619791666667","0","33.434","226.88111888112","4"
"1872","video","2018-05-29T20:47:04.897Z","2018-05-29T20:47:04.078Z","2018-05-29T20:47:04.182Z","2018-05-29T20:47:04.845Z","4447880","2","2","3893.089","6708.7179487179","3"
"1873","video","2018-05-29T20:40:52.026Z","2018-05-29T20:40:51.696Z","2018-05-29T20:40:51.800Z","2018-05-29T20:40:52.012Z","9053248","2","2","3893.089","42704","5"
"1874","audio","2018-05-29T20:41:34.462Z","2018-05-29T20:41:34.242Z","2018-05-29T20:41:34.242Z","2018-05-29T20:41:34.454Z","65712","1.9619791666667","0","33.434","309.96226415094","6"
"1875","video","2018-05-29T20:40:54.937Z","2018-05-29T20:40:54.189Z","2018-05-29T20:40:54.326Z","2018-05-29T20:40:54.890Z","7407968","2","2","3893.089","13134.695035461","5"
"1876","video","2018-05-29T20:47:07.710Z","2018-05-29T20:47:07.025Z","2018-05-29T20:47:07.223Z","2018-05-29T20:47:07.708Z","7947456","2","2","3893.089","16386.507216495","3"
"1877","audio","2018-05-29T20:46:34.990Z","2018-05-29T20:46:34.764Z","2018-05-29T20:46:34.764Z","2018-05-29T20:46:34.977Z","65904","1.9619791666667","0","33.434","309.40845070423","4"
"1878","audio","2018-05-29T20:41:39.564Z","2018-05-29T20:41:39.083Z","2018-05-29T20:41:39.083Z","2018-05-29T20:41:39.560Z","65880","1.9619791666667","0","33.434","138.11320754717","6"
"1879","video","2018-05-29T20:47:08.593Z","2018-05-29T20:47:08.104Z","2018-05-29T20:47:08.367Z","2018-05-29T20:47:08.590Z","7394608","2","2","3893.089","33159.677130045","3"
"1880","video","2018-05-29T20:40:58.337Z","2018-05-29T20:40:57.425Z","2018-05-29T20:40:57.636Z","2018-05-29T20:40:58.309Z","5882480","2","2","3893.089","8740.6835066865","5"
"1881","audio","2018-05-29T20:46:35.833Z","2018-05-29T20:46:35.579Z","2018-05-29T20:46:35.579Z","2018-05-29T20:46:35.830Z","65568","1.9619791666667","0","33.434","261.22709163347","4"
"1882","audio","2018-05-29T20:41:42.348Z","2018-05-29T20:41:41.817Z","2018-05-29T20:41:41.817Z","2018-05-29T20:41:42.329Z","65656","1.9619791666667","0","33.434","128.234375","6"
"1883","video","2018-05-29T20:47:09.690Z","2018-05-29T20:47:09.146Z","2018-05-29T20:47:09.302Z","2018-05-29T20:47:09.666Z","10780664","2","2","3893.089","29617.208791209","3"
"1884","audio","2018-05-29T20:46:35.927Z","2018-05-29T20:46:35.898Z","2018-05-29T20:46:35.898Z","2018-05-29T20:46:35.919Z","65352","1.9619791666667","0","33.434","3112","4"
"1885","video","2018-05-29T20:41:00.028Z","2018-05-29T20:40:59.372Z","2018-05-29T20:40:59.464Z","2018-05-29T20:41:00.026Z","9316456","2","2","3893.089","16577.323843416","5"
"1886","audio","2018-05-29T20:41:44.624Z","2018-05-29T20:41:44.507Z","2018-05-29T20:41:44.507Z","2018-05-29T20:41:44.615Z","65472","1.9619791666667","0","33.434","606.22222222222","6"
"1887","audio","2018-05-29T20:46:39.478Z","2018-05-29T20:46:39.202Z","2018-05-29T20:46:39.202Z","2018-05-29T20:46:39.406Z","65480","1.9619791666667","0","33.434","320.98039215686","4"
"1888","video","2018-05-29T20:41:02.104Z","2018-05-29T20:41:01.504Z","2018-05-29T20:41:01.650Z","2018-05-29T20:41:02.080Z","8367080","2","2","3893.089","19458.325581395","5"
"1889","video","2018-05-29T20:47:14.733Z","2018-05-29T20:47:14.110Z","2018-05-29T20:47:14.341Z","2018-05-29T20:47:14.718Z","7760520","2","2","3893.089","20584.933687003","3"
"1890","audio","2018-05-29T20:41:49.362Z","2018-05-29T20:41:49.074Z","2018-05-29T20:41:49.074Z","2018-05-29T20:41:49.340Z","65064","1.9619791666667","0","33.434","244.6015037594","6"
"1891","video","2018-05-29T20:47:17.350Z","2018-05-29T20:47:16.848Z","2018-05-29T20:47:16.951Z","2018-05-29T20:47:17.314Z","4860736","2","2","3893.089","13390.457300275","3"
"1892","audio","2018-05-29T20:46:42.043Z","2018-05-29T20:46:41.761Z","2018-05-29T20:46:41.761Z","2018-05-29T20:46:41.890Z","65384","1.9619791666667","0","33.434","506.85271317829","4"
"1893","video","2018-05-29T20:41:04.338Z","2018-05-29T20:41:03.819Z","2018-05-29T20:41:03.930Z","2018-05-29T20:41:04.320Z","7951800","2","2","3893.089","20389.230769231","5"
"1894","audio","2018-05-29T20:41:52.383Z","2018-05-29T20:41:52.191Z","2018-05-29T20:41:52.191Z","2018-05-29T20:41:52.364Z","65704","1.9619791666667","0","33.434","379.79190751445","6"
"1895","audio","2018-05-29T20:46:44.864Z","2018-05-29T20:46:44.619Z","2018-05-29T20:46:44.619Z","2018-05-29T20:46:44.862Z","65536","1.9619791666667","0","33.434","269.69547325103","4"
"1896","video","2018-05-29T20:41:09.950Z","2018-05-29T20:41:09.039Z","2018-05-29T20:41:09.166Z","2018-05-29T20:41:09.910Z","10500040","2","2","3893.089","14112.956989247","5"
"1897","video","2018-05-29T20:47:19.876Z","2018-05-29T20:47:19.113Z","2018-05-29T20:47:19.189Z","2018-05-29T20:47:19.865Z","7257264","2","2","3893.089","10735.597633136","3"
"1898","audio","2018-05-29T20:41:54.714Z","2018-05-29T20:41:54.578Z","2018-05-29T20:41:54.578Z","2018-05-29T20:41:54.690Z","65888","1.9619791666667","0","33.434","588.28571428571","6"
"1899","audio","2018-05-29T20:46:49.221Z","2018-05-29T20:46:49.060Z","2018-05-29T20:46:49.060Z","2018-05-29T20:46:49.210Z","66096","1.9619791666667","0","33.434","440.64","4"
"1900","video","2018-05-29T20:41:11.728Z","2018-05-29T20:41:11.580Z","2018-05-29T20:41:11.622Z","2018-05-29T20:41:11.716Z","6313392","2","2","3893.089","67163.744680851","5"
"1901","video","2018-05-29T20:47:22.385Z","2018-05-29T20:47:21.524Z","2018-05-29T20:47:21.674Z","2018-05-29T20:47:22.367Z","8355968","2","2","3893.089","12057.673881674","3"
"1902","audio","2018-05-29T20:41:57.206Z","2018-05-29T20:41:57.008Z","2018-05-29T20:41:57.008Z","2018-05-29T20:41:57.165Z","65504","1.9619791666667","0","33.434","417.22292993631","6"
"1903","audio","2018-05-29T20:46:51.593Z","2018-05-29T20:46:51.457Z","2018-05-29T20:46:51.457Z","2018-05-29T20:46:51.571Z","65400","1.9619791666667","0","33.434","573.68421052632","4"
"1904","video","2018-05-29T20:41:14.737Z","2018-05-29T20:41:14.175Z","2018-05-29T20:41:14.333Z","2018-05-29T20:41:14.697Z","7898944","2","2","3893.089","21700.395604396","5"
"1905","video","2018-05-29T20:47:24.341Z","2018-05-29T20:47:23.885Z","2018-05-29T20:47:23.950Z","2018-05-29T20:47:24.314Z","6374736","2","2","3893.089","17513.010989011","3"
"1906","audio","2018-05-29T20:42:00.365Z","2018-05-29T20:42:00.102Z","2018-05-29T20:42:00.102Z","2018-05-29T20:42:00.363Z","65080","1.9619791666667","0","33.434","249.34865900383","6"
"1907","audio","2018-05-29T20:46:54.333Z","2018-05-29T20:46:54.128Z","2018-05-29T20:46:54.128Z","2018-05-29T20:46:54.289Z","65696","1.9619791666667","0","33.434","408.04968944099","4"
"1908","video","2018-05-29T20:41:17.254Z","2018-05-29T20:41:16.443Z","2018-05-29T20:41:16.736Z","2018-05-29T20:41:17.245Z","8318432","2","2","3893.089","16342.695481336","5"
"1909","video","2018-05-29T20:47:27.237Z","2018-05-29T20:47:26.536Z","2018-05-29T20:47:26.605Z","2018-05-29T20:47:27.212Z","9342912","2","2","3893.089","15391.947281713","3"
"1910","audio","2018-05-29T20:42:04.862Z","2018-05-29T20:42:04.310Z","2018-05-29T20:42:04.310Z","2018-05-29T20:42:04.800Z","65800","1.9619791666667","0","33.434","134.28571428571","6"
"1911","audio","2018-05-29T20:46:56.915Z","2018-05-29T20:46:56.828Z","2018-05-29T20:46:56.828Z","2018-05-29T20:46:56.913Z","65288","1.9619791666667","0","33.434","768.09411764706","4"
"1912","video","2018-05-29T20:41:22.182Z","2018-05-29T20:41:21.437Z","2018-05-29T20:41:21.544Z","2018-05-29T20:41:22.180Z","5915728","2","2","3893.089","9301.4591194969","5"
"1913","video","2018-05-29T20:47:29.569Z","2018-05-29T20:47:29.071Z","2018-05-29T20:47:29.205Z","2018-05-29T20:47:29.561Z","8525928","2","2","3893.089","23949.235955056","3"
"1914","audio","2018-05-29T20:42:07.092Z","2018-05-29T20:42:06.888Z","2018-05-29T20:42:06.888Z","2018-05-29T20:42:07.082Z","66008","1.9619791666667","0","33.434","340.24742268041","6"
"1915","audio","2018-05-29T20:46:59.349Z","2018-05-29T20:46:59.046Z","2018-05-29T20:46:59.046Z","2018-05-29T20:46:59.298Z","65376","1.9619791666667","0","33.434","259.42857142857","4"
"1916","video","2018-05-29T20:41:24.498Z","2018-05-29T20:41:23.926Z","2018-05-29T20:41:23.984Z","2018-05-29T20:41:24.388Z","6256208","2","2","3893.089","15485.663366337","5"
"1917","video","2018-05-29T20:47:32.113Z","2018-05-29T20:47:31.542Z","2018-05-29T20:47:31.703Z","2018-05-29T20:47:32.075Z","7688000","2","2","3893.089","20666.666666667","3"
"1918","audio","2018-05-29T20:42:09.281Z","2018-05-29T20:42:09.100Z","2018-05-29T20:42:09.100Z","2018-05-29T20:42:09.263Z","65568","1.9619791666667","0","33.434","402.25766871166","6"
"1919","audio","2018-05-29T20:47:02.020Z","2018-05-29T20:47:01.735Z","2018-05-29T20:47:01.735Z","2018-05-29T20:47:02.016Z","66008","1.9619791666667","0","33.434","234.90391459075","4"
"1920","video","2018-05-29T20:41:29.621Z","2018-05-29T20:41:29.206Z","2018-05-29T20:41:29.279Z","2018-05-29T20:41:29.571Z","6885520","2","2","3893.089","23580.547945205","5"
"1921","video","2018-05-29T20:47:34.712Z","2018-05-29T20:47:34.038Z","2018-05-29T20:47:34.152Z","2018-05-29T20:47:34.692Z","8860736","2","2","3893.089","16408.77037037","3"
"1922","audio","2018-05-29T20:42:11.524Z","2018-05-29T20:42:11.369Z","2018-05-29T20:42:11.369Z","2018-05-29T20:42:11.483Z","65792","1.9619791666667","0","33.434","577.12280701754","6"
"1923","video","2018-05-29T20:41:32.190Z","2018-05-29T20:41:31.641Z","2018-05-29T20:41:31.688Z","2018-05-29T20:41:32.178Z","11400512","2","2","3893.089","23266.351020408","5"
"1924","audio","2018-05-29T20:47:04.322Z","2018-05-29T20:47:04.129Z","2018-05-29T20:47:04.129Z","2018-05-29T20:47:04.268Z","65432","1.9619791666667","0","33.434","470.73381294964","4"
"1925","video","2018-05-29T20:47:36.784Z","2018-05-29T20:47:36.581Z","2018-05-29T20:47:36.614Z","2018-05-29T20:47:36.750Z","8014808","2","2","3893.089","58932.411764706","3"
"1926","audio","2018-05-29T20:42:14.180Z","2018-05-29T20:42:13.978Z","2018-05-29T20:42:13.978Z","2018-05-29T20:42:14.147Z","65480","1.9619791666667","0","33.434","387.45562130178","6"
"1927","video","2018-05-29T20:41:35.154Z","2018-05-29T20:41:34.201Z","2018-05-29T20:41:34.272Z","2018-05-29T20:41:35.083Z","7945552","2","2","3893.089","9797.2281134402","5"
"1928","audio","2018-05-29T20:47:07.385Z","2018-05-29T20:47:07.111Z","2018-05-29T20:47:07.111Z","2018-05-29T20:47:07.383Z","65600","1.9619791666667","0","33.434","241.17647058824","4"
"1929","video","2018-05-29T20:47:39.558Z","2018-05-29T20:47:39.016Z","2018-05-29T20:47:39.226Z","2018-05-29T20:47:39.551Z","8159192","2","2","3893.089","25105.206153846","3"
"1930","audio","2018-05-29T20:42:17.046Z","2018-05-29T20:42:16.834Z","2018-05-29T20:42:16.834Z","2018-05-29T20:42:17.024Z","65328","1.9619791666667","0","33.434","343.83157894737","6"
"1931","video","2018-05-29T20:41:40.074Z","2018-05-29T20:41:39.021Z","2018-05-29T20:41:39.176Z","2018-05-29T20:41:40.067Z","4425152","2","2","3893.089","4966.5005611672","5"
"1932","audio","2018-05-29T20:47:09.400Z","2018-05-29T20:47:09.172Z","2018-05-29T20:47:09.172Z","2018-05-29T20:47:09.359Z","65776","1.9619791666667","0","33.434","351.74331550802","4"
"1933","video","2018-05-29T20:47:41.820Z","2018-05-29T20:47:41.572Z","2018-05-29T20:47:41.599Z","2018-05-29T20:47:41.778Z","7938384","2","2","3893.089","44348.51396648","3"
"1934","audio","2018-05-29T20:42:19.484Z","2018-05-29T20:42:19.128Z","2018-05-29T20:42:19.128Z","2018-05-29T20:42:19.451Z","65704","1.9619791666667","0","33.434","203.41795665635","6"
"1935","video","2018-05-29T20:41:43.204Z","2018-05-29T20:41:41.757Z","2018-05-29T20:41:42.227Z","2018-05-29T20:41:43.122Z","9783624","2","2","3893.089","10931.423463687","5"
"1936","audio","2018-05-29T20:47:14.457Z","2018-05-29T20:47:14.195Z","2018-05-29T20:47:14.195Z","2018-05-29T20:47:14.421Z","65352","1.9619791666667","0","33.434","289.16814159292","4"
"1937","video","2018-05-29T20:47:46.970Z","2018-05-29T20:47:46.480Z","2018-05-29T20:47:46.510Z","2018-05-29T20:47:46.968Z","8066792","2","2","3893.089","17613.082969432","3"
"1938","audio","2018-05-29T20:42:22.488Z","2018-05-29T20:42:22.208Z","2018-05-29T20:42:22.208Z","2018-05-29T20:42:22.430Z","65416","1.9619791666667","0","33.434","294.66666666667","6"
"1939","audio","2018-05-29T20:47:17.195Z","2018-05-29T20:47:16.871Z","2018-05-29T20:47:16.871Z","2018-05-29T20:47:17.149Z","65680","1.9619791666667","0","33.434","236.25899280576","4"
"1940","video","2018-05-29T20:41:45.020Z","2018-05-29T20:41:44.492Z","2018-05-29T20:41:44.548Z","2018-05-29T20:41:45.009Z","8444592","2","2","3893.089","18317.986984816","5"
"1941","video","2018-05-29T20:47:50.178Z","2018-05-29T20:47:49.242Z","2018-05-29T20:47:49.434Z","2018-05-29T20:47:50.146Z","7786552","2","2","3893.089","10936.168539326","3"
"1942","audio","2018-05-29T20:42:24.481Z","2018-05-29T20:42:24.142Z","2018-05-29T20:42:24.142Z","2018-05-29T20:42:24.473Z","65440","1.9619791666667","0","33.434","197.70392749245","6"
"1943","video","2018-05-29T20:41:49.632Z","2018-05-29T20:41:49.024Z","2018-05-29T20:41:49.205Z","2018-05-29T20:41:49.615Z","9249656","2","2","3893.089","22560.136585366","5"
"1944","audio","2018-05-29T20:47:21.888Z","2018-05-29T20:47:21.542Z","2018-05-29T20:47:21.542Z","2018-05-29T20:47:21.753Z","65728","1.9619791666667","0","33.434","311.50710900474","4"
"1945","video","2018-05-29T20:47:51.663Z","2018-05-29T20:47:51.432Z","2018-05-29T20:47:51.457Z","2018-05-29T20:47:51.608Z","8360600","2","2","3893.089","55368.21192053","3"
"1946","audio","2018-05-29T20:42:33.667Z","2018-05-29T20:42:33.640Z","2018-05-29T20:42:33.640Z","2018-05-29T20:42:33.663Z","65568","1.9619791666667","0","33.434","2850.7826086957","6"
"1947","video","2018-05-29T20:41:52.913Z","2018-05-29T20:41:52.125Z","2018-05-29T20:41:52.271Z","2018-05-29T20:41:52.825Z","8042144","2","2","3893.089","14516.505415162","5"
"1948","audio","2018-05-29T20:47:22.762Z","2018-05-29T20:47:22.453Z","2018-05-29T20:47:22.453Z","2018-05-29T20:47:22.757Z","65856","1.9619791666667","0","33.434","216.63157894737","4"
"1949","video","2018-05-29T20:47:54.452Z","2018-05-29T20:47:54.075Z","2018-05-29T20:47:54.178Z","2018-05-29T20:47:54.412Z","7920480","2","2","3893.089","33848.205128205","3"
"1950","audio","2018-05-29T20:42:34.664Z","2018-05-29T20:42:34.429Z","2018-05-29T20:42:34.429Z","2018-05-29T20:42:34.650Z","65504","1.9619791666667","0","33.434","296.39819004525","6"
"1951","video","2018-05-29T20:41:55.027Z","2018-05-29T20:41:54.544Z","2018-05-29T20:41:54.656Z","2018-05-29T20:41:55.017Z","5190056","2","2","3893.089","14376.886426593","5"
"1952","audio","2018-05-29T20:47:24.176Z","2018-05-29T20:47:23.895Z","2018-05-29T20:47:23.895Z","2018-05-29T20:47:24.120Z","65464","1.9619791666667","0","33.434","290.95111111111","4"
"1953","video","2018-05-29T20:47:56.945Z","2018-05-29T20:47:56.447Z","2018-05-29T20:47:56.496Z","2018-05-29T20:47:56.917Z","7972504","2","2","3893.089","18937.064133017","3"
"1954","audio","2018-05-29T20:42:41.599Z","2018-05-29T20:42:41.293Z","2018-05-29T20:42:41.293Z","2018-05-29T20:42:41.509Z","66096","1.9619791666667","0","33.434","306","6"
"1955","audio","2018-05-29T20:47:26.767Z","2018-05-29T20:47:26.593Z","2018-05-29T20:47:26.593Z","2018-05-29T20:47:26.757Z","65392","1.9619791666667","0","33.434","398.73170731707","4"
"1956","video","2018-05-29T20:41:55.918Z","2018-05-29T20:41:55.375Z","2018-05-29T20:41:55.448Z","2018-05-29T20:41:55.898Z","9696352","2","2","3893.089","21547.448888889","5"
"1957","video","2018-05-29T20:47:59.694Z","2018-05-29T20:47:59.070Z","2018-05-29T20:47:59.198Z","2018-05-29T20:47:59.652Z","8037080","2","2","3893.089","17702.81938326","3"
"1958","audio","2018-05-29T20:42:42.496Z","2018-05-29T20:42:42.298Z","2018-05-29T20:42:42.298Z","2018-05-29T20:42:42.486Z","65424","1.9619791666667","0","33.434","348","6"
"1959","audio","2018-05-29T20:47:27.682Z","2018-05-29T20:47:27.036Z","2018-05-29T20:47:27.036Z","2018-05-29T20:47:27.679Z","65736","1.9619791666667","0","33.434","102.233281493","4"
"1960","video","2018-05-29T20:41:57.435Z","2018-05-29T20:41:56.976Z","2018-05-29T20:41:57.053Z","2018-05-29T20:41:57.406Z","8926488","2","2","3893.089","25287.501416431","5"
"1961","video","2018-05-29T20:48:02.282Z","2018-05-29T20:48:01.639Z","2018-05-29T20:48:01.803Z","2018-05-29T20:48:02.249Z","8208752","2","2","3893.089","18405.273542601","3"
"1962","audio","2018-05-29T20:42:44.084Z","2018-05-29T20:42:43.418Z","2018-05-29T20:42:43.418Z","2018-05-29T20:42:44.076Z","66040","1.9619791666667","0","33.434","100.36474164134","6"
"1963","audio","2018-05-29T20:47:29.287Z","2018-05-29T20:47:29.185Z","2018-05-29T20:47:29.185Z","2018-05-29T20:47:29.276Z","65408","1.9619791666667","0","33.434","718.76923076923","4"
"1964","video","2018-05-29T20:42:00.624Z","2018-05-29T20:42:00.027Z","2018-05-29T20:42:00.257Z","2018-05-29T20:42:00.592Z","8285728","2","2","3893.089","24733.51641791","5"
"1965","video","2018-05-29T20:48:04.935Z","2018-05-29T20:48:04.506Z","2018-05-29T20:48:04.619Z","2018-05-29T20:48:04.929Z","7706096","2","2","3893.089","24858.374193548","3"
"1966","audio","2018-05-29T20:42:45.412Z","2018-05-29T20:42:45.046Z","2018-05-29T20:42:45.046Z","2018-05-29T20:42:45.388Z","64936","1.9619791666667","0","33.434","189.87134502924","6"
"1967","audio","2018-05-29T20:47:31.835Z","2018-05-29T20:47:31.615Z","2018-05-29T20:47:31.615Z","2018-05-29T20:47:31.769Z","65920","1.9619791666667","0","33.434","428.05194805195","4"
"1968","video","2018-05-29T20:42:03.254Z","2018-05-29T20:42:01.746Z","2018-05-29T20:42:02.098Z","2018-05-29T20:42:03.236Z","8610688","2","2","3893.089","7566.5096660808","5"
"1969","video","2018-05-29T20:48:07.944Z","2018-05-29T20:48:07.033Z","2018-05-29T20:48:07.217Z","2018-05-29T20:48:07.931Z","7908792","2","2","3893.089","11076.739495798","3"
"1970","audio","2018-05-29T20:42:45.840Z","2018-05-29T20:42:45.436Z","2018-05-29T20:42:45.436Z","2018-05-29T20:42:45.822Z","65816","1.9619791666667","0","33.434","170.50777202073","6"
"1971","audio","2018-05-29T20:47:34.164Z","2018-05-29T20:47:34.052Z","2018-05-29T20:47:34.052Z","2018-05-29T20:47:34.161Z","65152","1.9619791666667","0","33.434","597.7247706422","4"
"1972","video","2018-05-29T20:48:10.147Z","2018-05-29T20:48:09.176Z","2018-05-29T20:48:09.278Z","2018-05-29T20:48:10.068Z","8319904","2","2","3893.089","10531.524050633","3"
"1973","video","2018-05-29T20:42:05.270Z","2018-05-29T20:42:04.294Z","2018-05-29T20:42:04.648Z","2018-05-29T20:42:05.250Z","5906976","2","2","3893.089","9812.2524916944","5"
"1974","audio","2018-05-29T20:42:49.370Z","2018-05-29T20:42:49.127Z","2018-05-29T20:42:49.127Z","2018-05-29T20:42:49.344Z","65552","1.9619791666667","0","33.434","302.08294930876","6"
"1975","audio","2018-05-29T20:47:39.366Z","2018-05-29T20:47:39.069Z","2018-05-29T20:47:39.069Z","2018-05-29T20:47:39.337Z","66096","1.9619791666667","0","33.434","246.62686567164","4"
"1976","video","2018-05-29T20:42:11.896Z","2018-05-29T20:42:11.360Z","2018-05-29T20:42:11.386Z","2018-05-29T20:42:11.882Z","9664128","2","2","3893.089","19484.129032258","5"
"1977","video","2018-05-29T20:48:12.189Z","2018-05-29T20:48:11.601Z","2018-05-29T20:48:11.698Z","2018-05-29T20:48:12.134Z","8024688","2","2","3893.089","18405.247706422","3"
"1978","audio","2018-05-29T20:42:52.574Z","2018-05-29T20:42:52.038Z","2018-05-29T20:42:52.038Z","2018-05-29T20:42:52.571Z","65512","1.9619791666667","0","33.434","122.91181988743","6"
"1979","video","2018-05-29T20:42:14.295Z","2018-05-29T20:42:13.904Z","2018-05-29T20:42:14.046Z","2018-05-29T20:42:14.284Z","6938328","2","2","3893.089","29152.638655462","5"
"1980","video","2018-05-29T20:48:14.318Z","2018-05-29T20:48:14.185Z","2018-05-29T20:48:14.244Z","2018-05-29T20:48:14.315Z","7818088","2","2","3893.089","110113.91549296","3"
"1981","audio","2018-05-29T20:47:39.800Z","2018-05-29T20:47:39.769Z","2018-05-29T20:47:39.769Z","2018-05-29T20:47:39.795Z","65352","1.9619791666667","0","33.434","2513.5384615385","4"
"1982","audio","2018-05-29T20:42:53.494Z","2018-05-29T20:42:53.152Z","2018-05-29T20:42:53.152Z","2018-05-29T20:42:53.443Z","65568","1.9619791666667","0","33.434","225.31958762887","6"
"1983","audio","2018-05-29T20:47:44.721Z","2018-05-29T20:47:44.509Z","2018-05-29T20:47:44.509Z","2018-05-29T20:47:44.690Z","65984","1.9619791666667","0","33.434","364.55248618785","4"
"1984","video","2018-05-29T20:42:17.329Z","2018-05-29T20:42:16.791Z","2018-05-29T20:42:16.933Z","2018-05-29T20:42:17.320Z","7080592","2","2","3893.089","18296.103359173","5"
"1985","video","2018-05-29T20:48:17.486Z","2018-05-29T20:48:16.581Z","2018-05-29T20:48:16.842Z","2018-05-29T20:48:17.422Z","7820392","2","2","3893.089","13483.434482759","3"
"1986","audio","2018-05-29T20:42:56.784Z","2018-05-29T20:42:56.326Z","2018-05-29T20:42:56.326Z","2018-05-29T20:42:56.674Z","65808","1.9619791666667","0","33.434","189.10344827586","6"
"1987","video","2018-05-29T20:48:24.325Z","2018-05-29T20:48:24.137Z","2018-05-29T20:48:24.163Z","2018-05-29T20:48:24.323Z","8226160","2","2","3893.089","51413.5","3"
"1988","audio","2018-05-29T20:47:49.550Z","2018-05-29T20:47:49.270Z","2018-05-29T20:47:49.270Z","2018-05-29T20:47:49.508Z","65288","1.9619791666667","0","33.434","274.31932773109","4"
"1989","video","2018-05-29T20:42:19.806Z","2018-05-29T20:42:19.049Z","2018-05-29T20:42:19.378Z","2018-05-29T20:42:19.783Z","9114624","2","2","3893.089","22505.244444444","5"
"1990","audio","2018-05-29T20:42:59.392Z","2018-05-29T20:42:59.331Z","2018-05-29T20:42:59.331Z","2018-05-29T20:42:59.363Z","65688","1.9619791666667","0","33.434","2052.75","6"
"1991","video","2018-05-29T20:42:23.401Z","2018-05-29T20:42:22.123Z","2018-05-29T20:42:22.305Z","2018-05-29T20:42:23.378Z","8849336","2","2","3893.089","8247.284249767","5"
"1992","audio","2018-05-29T20:47:51.469Z","2018-05-29T20:47:51.450Z","2018-05-29T20:47:51.450Z","2018-05-29T20:47:51.463Z","65104","1.9619791666667","0","33.434","5008","4"
"1993","video","2018-05-29T20:48:24.838Z","2018-05-29T20:48:24.722Z","2018-05-29T20:48:24.752Z","2018-05-29T20:48:24.826Z","7653728","2","2","3893.089","103428.75675676","3"
"1994","audio","2018-05-29T20:42:59.885Z","2018-05-29T20:42:59.694Z","2018-05-29T20:42:59.694Z","2018-05-29T20:42:59.882Z","65544","1.9619791666667","0","33.434","348.63829787234","6"
"1995","audio","2018-05-29T20:47:52.717Z","2018-05-29T20:47:52.373Z","2018-05-29T20:47:52.373Z","2018-05-29T20:47:52.648Z","65760","1.9619791666667","0","33.434","239.12727272727","4"
"1996","video","2018-05-29T20:48:25.623Z","2018-05-29T20:48:25.102Z","2018-05-29T20:48:25.280Z","2018-05-29T20:48:25.545Z","7899408","2","2","3893.089","29809.086792453","3"
"1997","video","2018-05-29T20:42:25.260Z","2018-05-29T20:42:24.106Z","2018-05-29T20:42:24.402Z","2018-05-29T20:42:25.230Z","7392408","2","2","3893.089","8928.0289855072","5"
"1998","audio","2018-05-29T20:43:04.509Z","2018-05-29T20:43:04.212Z","2018-05-29T20:43:04.212Z","2018-05-29T20:43:04.429Z","65112","1.9619791666667","0","33.434","300.05529953917","6"
"1999","audio","2018-05-29T20:47:54.272Z","2018-05-29T20:47:54.134Z","2018-05-29T20:47:54.134Z","2018-05-29T20:47:54.250Z","65568","1.9619791666667","0","33.434","565.24137931034","4"
"2000","video","2018-05-29T20:48:27.585Z","2018-05-29T20:48:27.114Z","2018-05-29T20:48:27.254Z","2018-05-29T20:48:27.557Z","7941576","2","2","3893.089","26209.821782178","3"
"2001","video","2018-05-29T20:42:26.163Z","2018-05-29T20:42:25.765Z","2018-05-29T20:42:25.856Z","2018-05-29T20:42:26.142Z","6687392","2","2","3893.089","23382.48951049","5"
"2002","audio","2018-05-29T20:43:05.344Z","2018-05-29T20:43:05.136Z","2018-05-29T20:43:05.136Z","2018-05-29T20:43:05.318Z","65776","1.9619791666667","0","33.434","361.40659340659","6"
"2003","video","2018-05-29T20:42:29.304Z","2018-05-29T20:42:28.934Z","2018-05-29T20:42:29.000Z","2018-05-29T20:42:29.289Z","9072936","2","2","3893.089","31394.242214533","5"
"2004","video","2018-05-29T20:48:28.393Z","2018-05-29T20:48:27.822Z","2018-05-29T20:48:27.984Z","2018-05-29T20:48:28.304Z","8484976","2","2","3893.089","26515.55","3"
"2005","audio","2018-05-29T20:47:56.804Z","2018-05-29T20:47:56.464Z","2018-05-29T20:47:56.464Z","2018-05-29T20:47:56.784Z","65464","1.9619791666667","0","33.434","204.575","4"
"2006","audio","2018-05-29T20:43:06.819Z","2018-05-29T20:43:06.610Z","2018-05-29T20:43:06.610Z","2018-05-29T20:43:06.746Z","65832","1.9619791666667","0","33.434","484.05882352941","6"
"2007","video","2018-05-29T20:48:30.192Z","2018-05-29T20:48:29.349Z","2018-05-29T20:48:29.618Z","2018-05-29T20:48:30.156Z","8305952","2","2","3893.089","15438.572490706","3"
"2008","video","2018-05-29T20:42:34.407Z","2018-05-29T20:42:33.972Z","2018-05-29T20:42:34.040Z","2018-05-29T20:42:34.343Z","6852808","2","2","3893.089","22616.528052805","5"
"2009","audio","2018-05-29T20:47:59.274Z","2018-05-29T20:47:59.148Z","2018-05-29T20:47:59.148Z","2018-05-29T20:47:59.249Z","65640","1.9619791666667","0","33.434","649.90099009901","4"
"2010","audio","2018-05-29T20:43:11.778Z","2018-05-29T20:43:11.569Z","2018-05-29T20:43:11.569Z","2018-05-29T20:43:11.726Z","65632","1.9619791666667","0","33.434","418.03821656051","6"
"2011","audio","2018-05-29T20:48:01.888Z","2018-05-29T20:48:01.654Z","2018-05-29T20:48:01.654Z","2018-05-29T20:48:01.853Z","65752","1.9619791666667","0","33.434","330.41206030151","4"
"2012","video","2018-05-29T20:48:34.612Z","2018-05-29T20:48:34.085Z","2018-05-29T20:48:34.228Z","2018-05-29T20:48:34.602Z","8081624","2","2","3893.089","21608.620320856","3"
"2013","video","2018-05-29T20:42:36.663Z","2018-05-29T20:42:36.330Z","2018-05-29T20:42:36.372Z","2018-05-29T20:42:36.661Z","9190600","2","2","3893.089","31801.384083045","5"
"2014","audio","2018-05-29T20:43:14.577Z","2018-05-29T20:43:14.398Z","2018-05-29T20:43:14.398Z","2018-05-29T20:43:14.571Z","64600","1.9619791666667","0","33.434","373.41040462428","6"
"2015","video","2018-05-29T20:48:36.927Z","2018-05-29T20:48:36.668Z","2018-05-29T20:48:36.733Z","2018-05-29T20:48:36.925Z","8105520","2","2","3893.089","42216.25","3"
"2016","audio","2018-05-29T20:48:04.700Z","2018-05-29T20:48:04.541Z","2018-05-29T20:48:04.541Z","2018-05-29T20:48:04.685Z","65424","1.9619791666667","0","33.434","454.33333333333","4"
"2017","video","2018-05-29T20:42:45.269Z","2018-05-29T20:42:42.892Z","2018-05-29T20:42:43.269Z","2018-05-29T20:42:45.254Z","9405600","2","2","3893.089","4738.3375314861","5"
"2018","audio","2018-05-29T20:43:16.570Z","2018-05-29T20:43:16.520Z","2018-05-29T20:43:16.520Z","2018-05-29T20:43:16.562Z","66296","1.9619791666667","0","33.434","1578.4761904762","6"
"2019","video","2018-05-29T20:48:39.609Z","2018-05-29T20:48:39.042Z","2018-05-29T20:48:39.170Z","2018-05-29T20:48:39.589Z","7975016","2","2","3893.089","19033.451073986","3"
"2020","audio","2018-05-29T20:48:07.388Z","2018-05-29T20:48:07.107Z","2018-05-29T20:48:07.107Z","2018-05-29T20:48:07.327Z","65808","1.9619791666667","0","33.434","299.12727272727","4"
"2021","video","2018-05-29T20:42:45.795Z","2018-05-29T20:42:45.008Z","2018-05-29T20:42:45.323Z","2018-05-29T20:42:45.775Z","7427432","2","2","3893.089","16432.371681416","5"
"2022","video","2018-05-29T20:48:41.682Z","2018-05-29T20:48:41.524Z","2018-05-29T20:48:41.561Z","2018-05-29T20:48:41.665Z","7871688","2","2","3893.089","75689.307692308","3"
"2023","audio","2018-05-29T20:43:19.668Z","2018-05-29T20:43:19.386Z","2018-05-29T20:43:19.386Z","2018-05-29T20:43:19.629Z","65736","1.9619791666667","0","33.434","270.51851851852","6"
"2024","video","2018-05-29T20:42:46.019Z","2018-05-29T20:42:45.909Z","2018-05-29T20:42:45.961Z","2018-05-29T20:42:46.013Z","6933480","2","2","3893.089","133336.15384615","5"
"2025","audio","2018-05-29T20:48:09.333Z","2018-05-29T20:48:09.220Z","2018-05-29T20:48:09.220Z","2018-05-29T20:48:09.282Z","65576","1.9619791666667","0","33.434","1057.6774193548","4"
"2026","audio","2018-05-29T20:43:21.597Z","2018-05-29T20:43:21.397Z","2018-05-29T20:43:21.397Z","2018-05-29T20:43:21.582Z","65872","1.9619791666667","0","33.434","356.06486486486","6"
"2027","video","2018-05-29T20:48:47.388Z","2018-05-29T20:48:46.778Z","2018-05-29T20:48:46.821Z","2018-05-29T20:48:47.379Z","7950856","2","2","3893.089","14248.845878136","3"
"2028","audio","2018-05-29T20:48:11.841Z","2018-05-29T20:48:11.633Z","2018-05-29T20:48:11.633Z","2018-05-29T20:48:11.805Z","65296","1.9619791666667","0","33.434","379.62790697674","4"
"2029","video","2018-05-29T20:42:49.821Z","2018-05-29T20:42:49.049Z","2018-05-29T20:42:49.265Z","2018-05-29T20:42:49.816Z","8737624","2","2","3893.089","15857.756805808","5"
"2030","video","2018-05-29T20:48:49.663Z","2018-05-29T20:48:49.300Z","2018-05-29T20:48:49.316Z","2018-05-29T20:48:49.645Z","8026784","2","2","3893.089","24397.519756839","3"
"2031","audio","2018-05-29T20:43:24.321Z","2018-05-29T20:43:24.154Z","2018-05-29T20:43:24.154Z","2018-05-29T20:43:24.282Z","65600","1.9619791666667","0","33.434","512.5","6"
"2032","video","2018-05-29T20:42:51.099Z","2018-05-29T20:42:49.835Z","2018-05-29T20:42:50.279Z","2018-05-29T20:42:51.093Z","8240384","2","2","3893.089","10123.321867322","5"
"2033","audio","2018-05-29T20:48:16.919Z","2018-05-29T20:48:16.646Z","2018-05-29T20:48:16.646Z","2018-05-29T20:48:16.910Z","65176","1.9619791666667","0","33.434","246.87878787879","4"
"2034","video","2018-05-29T20:48:52.741Z","2018-05-29T20:48:51.796Z","2018-05-29T20:48:51.974Z","2018-05-29T20:48:52.724Z","8347688","2","2","3893.089","11130.250666667","3"
"2035","audio","2018-05-29T20:43:27.397Z","2018-05-29T20:43:26.826Z","2018-05-29T20:43:26.826Z","2018-05-29T20:43:27.314Z","65568","1.9619791666667","0","33.434","134.3606557377","6"
"2036","video","2018-05-29T20:42:53.137Z","2018-05-29T20:42:51.985Z","2018-05-29T20:42:52.164Z","2018-05-29T20:42:53.130Z","8127272","2","2","3893.089","8413.3250517598","5"
"2037","audio","2018-05-29T20:48:17.777Z","2018-05-29T20:48:17.098Z","2018-05-29T20:48:17.098Z","2018-05-29T20:48:17.571Z","65984","1.9619791666667","0","33.434","139.50105708245","4"
"2038","video","2018-05-29T20:48:54.787Z","2018-05-29T20:48:54.074Z","2018-05-29T20:48:54.169Z","2018-05-29T20:48:54.737Z","8062240","2","2","3893.089","14194.084507042","3"
"2039","audio","2018-05-29T20:43:32.396Z","2018-05-29T20:43:32.202Z","2018-05-29T20:43:32.202Z","2018-05-29T20:43:32.371Z","64536","1.9619791666667","0","33.434","381.86982248521","6"
"2040","audio","2018-05-29T20:48:19.366Z","2018-05-29T20:48:19.078Z","2018-05-29T20:48:19.078Z","2018-05-29T20:48:19.281Z","65608","1.9619791666667","0","33.434","323.1921182266","4"
"2041","video","2018-05-29T20:42:56.885Z","2018-05-29T20:42:56.170Z","2018-05-29T20:42:56.506Z","2018-05-29T20:42:56.881Z","6699480","2","2","3893.089","17865.28","5"
"2042","video","2018-05-29T20:48:59.688Z","2018-05-29T20:48:59.082Z","2018-05-29T20:48:59.220Z","2018-05-29T20:48:59.678Z","8057304","2","2","3893.089","17592.366812227","3"
"2043","audio","2018-05-29T20:43:36.986Z","2018-05-29T20:43:36.723Z","2018-05-29T20:43:36.723Z","2018-05-29T20:43:36.968Z","65688","1.9619791666667","0","33.434","268.11428571429","6"
"2044","video","2018-05-29T20:42:57.616Z","2018-05-29T20:42:57.290Z","2018-05-29T20:42:57.361Z","2018-05-29T20:42:57.578Z","5309688","2","2","3893.089","24468.608294931","5"
"2045","audio","2018-05-29T20:48:21.876Z","2018-05-29T20:48:21.426Z","2018-05-29T20:48:21.426Z","2018-05-29T20:48:21.845Z","65952","1.9619791666667","0","33.434","157.40334128878","4"
"2046","video","2018-05-29T20:49:00.482Z","2018-05-29T20:48:59.820Z","2018-05-29T20:48:59.963Z","2018-05-29T20:49:00.408Z","8336064","2","2","3893.089","18732.728089888","3"
"2047","audio","2018-05-29T20:43:39.242Z","2018-05-29T20:43:39.027Z","2018-05-29T20:43:39.027Z","2018-05-29T20:43:39.105Z","66640","1.9619791666667","0","33.434","854.35897435897","6"
"2048","video","2018-05-29T20:43:02.231Z","2018-05-29T20:43:01.419Z","2018-05-29T20:43:01.833Z","2018-05-29T20:43:02.150Z","5658480","2","2","3893.089","17850.094637224","5"
"2049","audio","2018-05-29T20:48:24.188Z","2018-05-29T20:48:24.151Z","2018-05-29T20:48:24.151Z","2018-05-29T20:48:24.182Z","65296","1.9619791666667","0","33.434","2106.3225806452","4"
"2050","video","2018-05-29T20:43:04.781Z","2018-05-29T20:43:04.180Z","2018-05-29T20:43:04.421Z","2018-05-29T20:43:04.745Z","4656144","2","2","3893.089","14370.814814815","5"
"2051","video","2018-05-29T20:49:02.332Z","2018-05-29T20:49:01.569Z","2018-05-29T20:49:01.788Z","2018-05-29T20:49:02.300Z","7979128","2","2","3893.089","15584.234375","3"
"2052","audio","2018-05-29T20:43:42.456Z","2018-05-29T20:43:42.030Z","2018-05-29T20:43:42.030Z","2018-05-29T20:43:42.421Z","65200","1.9619791666667","0","33.434","166.75191815857","6"
"2053","audio","2018-05-29T20:48:27.396Z","2018-05-29T20:48:27.173Z","2018-05-29T20:48:27.173Z","2018-05-29T20:48:27.370Z","66056","1.9619791666667","0","33.434","335.30964467005","4"
"2054","video","2018-05-29T20:43:07.351Z","2018-05-29T20:43:06.572Z","2018-05-29T20:43:06.690Z","2018-05-29T20:43:07.318Z","10407664","2","2","3893.089","16572.713375796","5"
"2055","video","2018-05-29T20:49:06.811Z","2018-05-29T20:49:06.382Z","2018-05-29T20:49:06.460Z","2018-05-29T20:49:06.776Z","8323040","2","2","3893.089","26338.734177215","3"
"2056","audio","2018-05-29T20:43:45.168Z","2018-05-29T20:43:44.826Z","2018-05-29T20:43:44.826Z","2018-05-29T20:43:44.956Z","65528","1.9619791666667","0","33.434","504.06153846154","6"
"2057","video","2018-05-29T20:43:12.186Z","2018-05-29T20:43:11.537Z","2018-05-29T20:43:11.669Z","2018-05-29T20:43:12.183Z","10536384","2","2","3893.089","20498.80155642","5"
"2058","audio","2018-05-29T20:48:29.861Z","2018-05-29T20:48:29.387Z","2018-05-29T20:48:29.387Z","2018-05-29T20:48:29.845Z","65480","1.9619791666667","0","33.434","142.96943231441","4"
"2059","audio","2018-05-29T20:43:45.952Z","2018-05-29T20:43:45.774Z","2018-05-29T20:43:45.774Z","2018-05-29T20:43:45.918Z","65744","1.9619791666667","0","33.434","456.55555555556","6"
"2060","video","2018-05-29T20:49:09.762Z","2018-05-29T20:49:09.224Z","2018-05-29T20:49:09.316Z","2018-05-29T20:49:09.730Z","7342728","2","2","3893.089","17736.057971014","3"
"2061","audio","2018-05-29T20:48:31.480Z","2018-05-29T20:48:31.439Z","2018-05-29T20:48:31.439Z","2018-05-29T20:48:31.477Z","65744","1.9619791666667","0","33.434","1730.1052631579","4"
"2062","video","2018-05-29T20:43:13.001Z","2018-05-29T20:43:12.484Z","2018-05-29T20:43:12.644Z","2018-05-29T20:43:12.981Z","6653720","2","2","3893.089","19743.976261128","5"
"2063","video","2018-05-29T20:49:12.417Z","2018-05-29T20:49:11.668Z","2018-05-29T20:49:12.021Z","2018-05-29T20:49:12.406Z","8155640","2","2","3893.089","21183.480519481","3"
"2064","audio","2018-05-29T20:43:47.056Z","2018-05-29T20:43:46.713Z","2018-05-29T20:43:46.713Z","2018-05-29T20:43:47.041Z","65920","1.9619791666667","0","33.434","200.9756097561","6"
"2065","video","2018-05-29T20:43:14.919Z","2018-05-29T20:43:14.352Z","2018-05-29T20:43:14.435Z","2018-05-29T20:43:14.902Z","8196056","2","2","3893.089","17550.44111349","5"
"2066","audio","2018-05-29T20:48:34.378Z","2018-05-29T20:48:34.166Z","2018-05-29T20:48:34.166Z","2018-05-29T20:48:34.375Z","65768","1.9619791666667","0","33.434","314.67942583732","4"
"2067","video","2018-05-29T20:49:14.593Z","2018-05-29T20:49:14.153Z","2018-05-29T20:49:14.238Z","2018-05-29T20:49:14.564Z","5158104","2","2","3893.089","15822.404907975","3"
"2068","audio","2018-05-29T20:43:52.144Z","2018-05-29T20:43:51.973Z","2018-05-29T20:43:51.973Z","2018-05-29T20:43:52.105Z","65096","1.9619791666667","0","33.434","493.15151515152","6"
"2069","audio","2018-05-29T20:48:36.839Z","2018-05-29T20:48:36.694Z","2018-05-29T20:48:36.694Z","2018-05-29T20:48:36.806Z","65520","1.9619791666667","0","33.434","585","4"
"2070","video","2018-05-29T20:43:19.975Z","2018-05-29T20:43:19.237Z","2018-05-29T20:43:19.611Z","2018-05-29T20:43:19.929Z","8697248","2","2","3893.089","27349.836477987","5"
"2071","audio","2018-05-29T20:43:54.898Z","2018-05-29T20:43:54.468Z","2018-05-29T20:43:54.468Z","2018-05-29T20:43:54.851Z","65664","1.9619791666667","0","33.434","171.44647519582","6"
"2072","video","2018-05-29T20:49:15.178Z","2018-05-29T20:49:14.917Z","2018-05-29T20:49:15.010Z","2018-05-29T20:49:15.172Z","8318272","2","2","3893.089","51347.358024691","3"
"2073","audio","2018-05-29T20:48:39.258Z","2018-05-29T20:48:39.073Z","2018-05-29T20:48:39.073Z","2018-05-29T20:48:39.255Z","66136","1.9619791666667","0","33.434","363.38461538462","4"
"2074","video","2018-05-29T20:43:22.141Z","2018-05-29T20:43:21.388Z","2018-05-29T20:43:21.560Z","2018-05-29T20:43:22.127Z","8664232","2","2","3893.089","15280.832451499","5"
"2075","audio","2018-05-29T20:43:57.442Z","2018-05-29T20:43:56.744Z","2018-05-29T20:43:56.744Z","2018-05-29T20:43:57.402Z","65696","1.9619791666667","0","33.434","99.841945288754","6"
"2076","video","2018-05-29T20:49:20.265Z","2018-05-29T20:49:19.154Z","2018-05-29T20:49:19.261Z","2018-05-29T20:49:20.230Z","8269432","2","2","3893.089","8533.9855521156","3"
"2077","audio","2018-05-29T20:48:43.984Z","2018-05-29T20:48:43.960Z","2018-05-29T20:48:43.960Z","2018-05-29T20:48:43.978Z","65392","1.9619791666667","0","33.434","3632.8888888889","4"
"2078","video","2018-05-29T20:43:25.161Z","2018-05-29T20:43:24.103Z","2018-05-29T20:43:24.272Z","2018-05-29T20:43:25.099Z","7793632","2","2","3893.089","9423.9806529625","5"
"2079","audio","2018-05-29T20:43:59.161Z","2018-05-29T20:43:59.097Z","2018-05-29T20:43:59.097Z","2018-05-29T20:43:59.153Z","65696","1.9619791666667","0","33.434","1173.1428571429","6"
"2080","video","2018-05-29T20:49:22.333Z","2018-05-29T20:49:21.602Z","2018-05-29T20:49:21.780Z","2018-05-29T20:49:22.301Z","9592896","2","2","3893.089","18412.468330134","3"
"2081","audio","2018-05-29T20:48:44.336Z","2018-05-29T20:48:44.185Z","2018-05-29T20:48:44.185Z","2018-05-29T20:48:44.308Z","65448","1.9619791666667","0","33.434","532.09756097561","4"
"2082","video","2018-05-29T20:43:27.530Z","2018-05-29T20:43:26.766Z","2018-05-29T20:43:26.957Z","2018-05-29T20:43:27.509Z","6212216","2","2","3893.089","11254.014492754","5"
"2083","video","2018-05-29T20:49:27.571Z","2018-05-29T20:49:27.165Z","2018-05-29T20:49:27.269Z","2018-05-29T20:49:27.569Z","5466176","2","2","3893.089","18220.586666667","3"
"2084","audio","2018-05-29T20:44:02.029Z","2018-05-29T20:44:01.844Z","2018-05-29T20:44:01.844Z","2018-05-29T20:44:02.003Z","65416","1.9619791666667","0","33.434","411.4213836478","6"
"2085","audio","2018-05-29T20:48:46.905Z","2018-05-29T20:48:46.789Z","2018-05-29T20:48:46.789Z","2018-05-29T20:48:46.898Z","65512","1.9619791666667","0","33.434","601.02752293578","4"
"2086","video","2018-05-29T20:43:32.590Z","2018-05-29T20:43:32.107Z","2018-05-29T20:43:32.293Z","2018-05-29T20:43:32.575Z","7310032","2","2","3893.089","25922.09929078","5"
"2087","audio","2018-05-29T20:44:06.635Z","2018-05-29T20:44:06.485Z","2018-05-29T20:44:06.485Z","2018-05-29T20:44:06.624Z","66192","1.9619791666667","0","33.434","476.20143884892","6"
"2088","video","2018-05-29T20:49:29.338Z","2018-05-29T20:49:29.243Z","2018-05-29T20:49:29.288Z","2018-05-29T20:49:29.335Z","2179584","2","2","3893.089","46374.127659574","3"
"2089","audio","2018-05-29T20:48:52.357Z","2018-05-29T20:48:51.877Z","2018-05-29T20:48:51.877Z","2018-05-29T20:48:52.342Z","65088","1.9619791666667","0","33.434","139.97419354839","4"
"2090","video","2018-05-29T20:43:34.380Z","2018-05-29T20:43:33.930Z","2018-05-29T20:43:34.034Z","2018-05-29T20:43:34.361Z","7829008","2","2","3893.089","23941.920489297","5"
"2091","audio","2018-05-29T20:48:54.301Z","2018-05-29T20:48:54.125Z","2018-05-29T20:48:54.125Z","2018-05-29T20:48:54.293Z","65568","1.9619791666667","0","33.434","390.28571428571","4"
"2092","audio","2018-05-29T20:44:09.619Z","2018-05-29T20:44:09.294Z","2018-05-29T20:44:09.294Z","2018-05-29T20:44:09.552Z","64696","1.9619791666667","0","33.434","250.75968992248","6"
"2093","video","2018-05-29T20:49:32.218Z","2018-05-29T20:49:31.744Z","2018-05-29T20:49:31.780Z","2018-05-29T20:49:32.174Z","7794960","2","2","3893.089","19784.162436548","3"
"2094","video","2018-05-29T20:43:37.275Z","2018-05-29T20:43:36.665Z","2018-05-29T20:43:36.858Z","2018-05-29T20:43:37.266Z","9349320","2","2","3893.089","22915","5"
"2095","audio","2018-05-29T20:44:11.534Z","2018-05-29T20:44:11.385Z","2018-05-29T20:44:11.385Z","2018-05-29T20:44:11.494Z","65944","1.9619791666667","0","33.434","604.99082568807","6"
"2096","video","2018-05-29T20:49:34.413Z","2018-05-29T20:49:34.012Z","2018-05-29T20:49:34.051Z","2018-05-29T20:49:34.389Z","6775192","2","2","3893.089","20044.946745562","3"
"2097","audio","2018-05-29T20:48:55.386Z","2018-05-29T20:48:55.162Z","2018-05-29T20:48:55.162Z","2018-05-29T20:48:55.375Z","65544","1.9619791666667","0","33.434","307.71830985915","4"
"2098","video","2018-05-29T20:43:42.890Z","2018-05-29T20:43:41.973Z","2018-05-29T20:43:42.295Z","2018-05-29T20:43:42.840Z","9263712","2","2","3893.089","16997.636697248","5"
"2099","audio","2018-05-29T20:44:12.434Z","2018-05-29T20:44:12.204Z","2018-05-29T20:44:12.204Z","2018-05-29T20:44:12.398Z","65240","1.9619791666667","0","33.434","336.28865979381","6"
"2100","video","2018-05-29T20:49:36.915Z","2018-05-29T20:49:36.576Z","2018-05-29T20:49:36.700Z","2018-05-29T20:49:36.892Z","5222840","2","2","3893.089","27202.291666667","3"
"2101","audio","2018-05-29T20:48:59.282Z","2018-05-29T20:48:59.109Z","2018-05-29T20:48:59.109Z","2018-05-29T20:48:59.272Z","65400","1.9619791666667","0","33.434","401.22699386503","4"
"2102","video","2018-05-29T20:43:45.849Z","2018-05-29T20:43:44.793Z","2018-05-29T20:43:44.924Z","2018-05-29T20:43:45.842Z","6952112","2","2","3893.089","7573.1067538126","5"
"2103","video","2018-05-29T20:49:41.625Z","2018-05-29T20:49:41.433Z","2018-05-29T20:49:41.489Z","2018-05-29T20:49:41.623Z","10179168","2","2","3893.089","75963.940298507","3"
"2104","audio","2018-05-29T20:44:16.650Z","2018-05-29T20:44:16.404Z","2018-05-29T20:44:16.404Z","2018-05-29T20:44:16.603Z","65592","1.9619791666667","0","33.434","329.60804020101","6"
"2105","audio","2018-05-29T20:49:01.949Z","2018-05-29T20:49:01.624Z","2018-05-29T20:49:01.624Z","2018-05-29T20:49:01.899Z","65608","1.9619791666667","0","33.434","238.57454545455","4"
"2106","video","2018-05-29T20:43:47.287Z","2018-05-29T20:43:46.647Z","2018-05-29T20:43:46.809Z","2018-05-29T20:43:47.244Z","7751952","2","2","3893.089","17820.579310345","5"
"2107","audio","2018-05-29T20:49:04.305Z","2018-05-29T20:49:04.169Z","2018-05-29T20:49:04.169Z","2018-05-29T20:49:04.302Z","65632","1.9619791666667","0","33.434","493.47368421053","4"
"2108","video","2018-05-29T20:49:44.263Z","2018-05-29T20:49:44.023Z","2018-05-29T20:49:44.088Z","2018-05-29T20:49:44.230Z","9200216","2","2","3893.089","64790.253521127","3"
"2109","audio","2018-05-29T20:44:19.399Z","2018-05-29T20:44:19.167Z","2018-05-29T20:44:19.167Z","2018-05-29T20:44:19.357Z","66096","1.9619791666667","0","33.434","347.87368421053","6"
"2110","video","2018-05-29T20:43:48.357Z","2018-05-29T20:43:47.990Z","2018-05-29T20:43:48.012Z","2018-05-29T20:43:48.340Z","10373992","2","2","3893.089","31628.024390244","5"
"2111","audio","2018-05-29T20:44:24.760Z","2018-05-29T20:44:24.332Z","2018-05-29T20:44:24.332Z","2018-05-29T20:44:24.748Z","65760","1.9619791666667","0","33.434","158.07692307692","6"
"2112","audio","2018-05-29T20:49:06.544Z","2018-05-29T20:49:06.418Z","2018-05-29T20:49:06.418Z","2018-05-29T20:49:06.534Z","65696","1.9619791666667","0","33.434","566.34482758621","4"
"2113","video","2018-05-29T20:49:46.826Z","2018-05-29T20:49:46.513Z","2018-05-29T20:49:46.622Z","2018-05-29T20:49:46.824Z","9076632","2","2","3893.089","44933.821782178","3"
"2114","video","2018-05-29T20:43:52.640Z","2018-05-29T20:43:51.900Z","2018-05-29T20:43:52.025Z","2018-05-29T20:43:52.603Z","5970832","2","2","3893.089","10330.15916955","5"
"2115","audio","2018-05-29T20:49:09.401Z","2018-05-29T20:49:09.251Z","2018-05-29T20:49:09.251Z","2018-05-29T20:49:09.359Z","65960","1.9619791666667","0","33.434","610.74074074074","4"
"2116","audio","2018-05-29T20:44:26.957Z","2018-05-29T20:44:26.541Z","2018-05-29T20:44:26.541Z","2018-05-29T20:44:26.909Z","64760","1.9619791666667","0","33.434","175.97826086957","6"
"2117","video","2018-05-29T20:43:55.397Z","2018-05-29T20:43:54.415Z","2018-05-29T20:43:54.697Z","2018-05-29T20:43:55.379Z","8160224","2","2","3893.089","11965.137829912","5"
"2118","audio","2018-05-29T20:44:31.999Z","2018-05-29T20:44:31.670Z","2018-05-29T20:44:31.670Z","2018-05-29T20:44:31.936Z","65872","1.9619791666667","0","33.434","247.63909774436","6"
"2119","audio","2018-05-29T20:49:14.365Z","2018-05-29T20:49:14.174Z","2018-05-29T20:49:14.174Z","2018-05-29T20:49:14.356Z","65752","1.9619791666667","0","33.434","361.27472527473","4"
"2120","video","2018-05-29T20:43:57.636Z","2018-05-29T20:43:56.692Z","2018-05-29T20:43:56.926Z","2018-05-29T20:43:57.594Z","8610224","2","2","3893.089","12889.556886228","5"
"2121","audio","2018-05-29T20:49:16.682Z","2018-05-29T20:49:16.568Z","2018-05-29T20:49:16.568Z","2018-05-29T20:49:16.671Z","64952","1.9619791666667","0","33.434","630.60194174757","4"
"2122","audio","2018-05-29T20:44:32.902Z","2018-05-29T20:44:32.544Z","2018-05-29T20:44:32.544Z","2018-05-29T20:44:32.889Z","65704","1.9619791666667","0","33.434","190.44637681159","6"
"2123","video","2018-05-29T20:43:59.419Z","2018-05-29T20:43:59.069Z","2018-05-29T20:43:59.118Z","2018-05-29T20:43:59.392Z","8230136","2","2","3893.089","30036.99270073","5"
"2124","audio","2018-05-29T20:44:34.162Z","2018-05-29T20:44:34.019Z","2018-05-29T20:44:34.019Z","2018-05-29T20:44:34.140Z","65648","1.9619791666667","0","33.434","542.54545454545","6"
"2125","audio","2018-05-29T20:49:19.436Z","2018-05-29T20:49:19.190Z","2018-05-29T20:49:19.190Z","2018-05-29T20:49:19.391Z","65184","1.9619791666667","0","33.434","324.29850746269","4"
"2126","video","2018-05-29T20:44:04.725Z","2018-05-29T20:44:04.041Z","2018-05-29T20:44:04.124Z","2018-05-29T20:44:04.722Z","7458160","2","2","3893.089","12471.839464883","5"
"2127","audio","2018-05-29T20:44:41.744Z","2018-05-29T20:44:41.612Z","2018-05-29T20:44:41.612Z","2018-05-29T20:44:41.720Z","65808","1.9619791666667","0","33.434","609.33333333333","6"
"2128","audio","2018-05-29T20:49:21.830Z","2018-05-29T20:49:21.626Z","2018-05-29T20:49:21.626Z","2018-05-29T20:49:21.825Z","65280","1.9619791666667","0","33.434","328.04020100503","4"
"2129","video","2018-05-29T20:44:06.721Z","2018-05-29T20:44:06.430Z","2018-05-29T20:44:06.525Z","2018-05-29T20:44:06.709Z","6394376","2","2","3893.089","34752.043478261","5"
"2130","audio","2018-05-29T20:49:27.480Z","2018-05-29T20:49:27.215Z","2018-05-29T20:49:27.215Z","2018-05-29T20:49:27.444Z","66368","1.9619791666667","0","33.434","289.81659388646","4"
"2131","audio","2018-05-29T20:44:42.196Z","2018-05-29T20:44:41.809Z","2018-05-29T20:44:41.809Z","2018-05-29T20:44:42.164Z","65096","1.9619791666667","0","33.434","183.36901408451","6"
"2132","video","2018-05-29T20:44:10.094Z","2018-05-29T20:44:09.236Z","2018-05-29T20:44:09.433Z","2018-05-29T20:44:10.091Z","9360696","2","2","3893.089","14225.981762918","5"
"2133","audio","2018-05-29T20:49:27.873Z","2018-05-29T20:49:27.776Z","2018-05-29T20:49:27.776Z","2018-05-29T20:49:27.863Z","65200","1.9619791666667","0","33.434","749.42528735632","4"
"2134","audio","2018-05-29T20:44:47.042Z","2018-05-29T20:44:46.740Z","2018-05-29T20:44:46.740Z","2018-05-29T20:44:47.034Z","66168","1.9619791666667","0","33.434","225.0612244898","6"
"2135","video","2018-05-29T20:44:11.765Z","2018-05-29T20:44:11.336Z","2018-05-29T20:44:11.414Z","2018-05-29T20:44:11.702Z","7003024","2","2","3893.089","24316.055555556","5"
"2136","audio","2018-05-29T20:49:31.848Z","2018-05-29T20:49:31.761Z","2018-05-29T20:49:31.761Z","2018-05-29T20:49:31.825Z","66232","1.9619791666667","0","33.434","1034.875","4"
"2137","audio","2018-05-29T20:44:49.145Z","2018-05-29T20:44:48.977Z","2018-05-29T20:44:48.977Z","2018-05-29T20:44:49.065Z","65960","1.9619791666667","0","33.434","749.54545454545","6"
"2138","video","2018-05-29T20:44:16.848Z","2018-05-29T20:44:16.393Z","2018-05-29T20:44:16.460Z","2018-05-29T20:44:16.845Z","4869184","2","2","3893.089","12647.231168831","5"
"2139","audio","2018-05-29T20:49:34.212Z","2018-05-29T20:49:34.041Z","2018-05-29T20:49:34.041Z","2018-05-29T20:49:34.174Z","65496","1.9619791666667","0","33.434","492.45112781955","4"
"2140","audio","2018-05-29T20:44:51.998Z","2018-05-29T20:44:51.740Z","2018-05-29T20:44:51.740Z","2018-05-29T20:44:51.957Z","65288","1.9619791666667","0","33.434","300.866359447","6"
"2141","video","2018-05-29T20:44:19.766Z","2018-05-29T20:44:19.113Z","2018-05-29T20:44:19.249Z","2018-05-29T20:44:19.735Z","8564768","2","2","3893.089","17622.979423868","5"
"2142","audio","2018-05-29T20:49:36.847Z","2018-05-29T20:49:36.653Z","2018-05-29T20:49:36.653Z","2018-05-29T20:49:36.832Z","65408","1.9619791666667","0","33.434","365.40782122905","4"
"2143","audio","2018-05-29T20:44:54.317Z","2018-05-29T20:44:54.046Z","2018-05-29T20:44:54.046Z","2018-05-29T20:44:54.274Z","65496","1.9619791666667","0","33.434","287.26315789474","6"
"2144","video","2018-05-29T20:44:23.340Z","2018-05-29T20:44:22.448Z","2018-05-29T20:44:22.787Z","2018-05-29T20:44:23.292Z","8713096","2","2","3893.089","17253.655445545","5"
"2145","audio","2018-05-29T20:44:57.000Z","2018-05-29T20:44:56.777Z","2018-05-29T20:44:56.777Z","2018-05-29T20:44:56.980Z","65360","1.9619791666667","0","33.434","321.97044334975","6"
"2146","audio","2018-05-29T20:49:39.213Z","2018-05-29T20:49:39.047Z","2018-05-29T20:49:39.047Z","2018-05-29T20:49:39.177Z","65824","1.9619791666667","0","33.434","506.33846153846","4"
"2147","video","2018-05-29T20:44:25.613Z","2018-05-29T20:44:24.234Z","2018-05-29T20:44:24.738Z","2018-05-29T20:44:25.588Z","8439416","2","2","3893.089","9928.7247058824","5"
"2148","audio","2018-05-29T20:44:58.917Z","2018-05-29T20:44:58.829Z","2018-05-29T20:44:58.829Z","2018-05-29T20:44:58.878Z","65496","1.9619791666667","0","33.434","1336.6530612245","6"
"2149","audio","2018-05-29T20:49:41.569Z","2018-05-29T20:49:41.470Z","2018-05-29T20:49:41.470Z","2018-05-29T20:49:41.562Z","65512","1.9619791666667","0","33.434","712.08695652174","4"
"2150","video","2018-05-29T20:44:27.436Z","2018-05-29T20:44:26.491Z","2018-05-29T20:44:26.801Z","2018-05-29T20:44:27.404Z","8754720","2","2","3893.089","14518.606965174","5"
"2151","audio","2018-05-29T20:45:04.874Z","2018-05-29T20:45:04.548Z","2018-05-29T20:45:04.548Z","2018-05-29T20:45:04.849Z","65528","1.9619791666667","0","33.434","217.70099667774","6"
"2152","audio","2018-05-29T20:49:46.670Z","2018-05-29T20:49:46.600Z","2018-05-29T20:49:46.600Z","2018-05-29T20:49:46.665Z","65712","1.9619791666667","0","33.434","1010.9538461538","4"
"2153","video","2018-05-29T20:44:32.219Z","2018-05-29T20:44:31.625Z","2018-05-29T20:44:31.808Z","2018-05-29T20:44:32.167Z","7598928","2","2","3893.089","21166.930362117","5"
"2154","audio","2018-05-29T20:49:47.031Z","2018-05-29T20:49:47.004Z","2018-05-29T20:49:47.004Z","2018-05-29T20:49:47.029Z","48304","1.9619791666667","0","33.434","1932.16","4"
"2155","audio","2018-05-29T20:45:07.198Z","2018-05-29T20:45:06.812Z","2018-05-29T20:45:06.812Z","2018-05-29T20:45:07.187Z","66088","1.9619791666667","0","33.434","176.23466666667","6"
"2156","video","2018-05-29T20:44:34.327Z","2018-05-29T20:44:33.980Z","2018-05-29T20:44:34.053Z","2018-05-29T20:44:34.323Z","8999160","2","2","3893.089","33330.222222222","5"
"2157","audio","2018-05-29T20:45:09.078Z","2018-05-29T20:45:08.975Z","2018-05-29T20:45:08.975Z","2018-05-29T20:45:09.063Z","65888","1.9619791666667","0","33.434","748.72727272727","6"
"2158","video","2018-05-29T20:44:39.335Z","2018-05-29T20:44:39.027Z","2018-05-29T20:44:39.095Z","2018-05-29T20:44:39.309Z","8309344","2","2","3893.089","38828.710280374","5"
"2159","audio","2018-05-29T20:45:14.032Z","2018-05-29T20:45:13.889Z","2018-05-29T20:45:13.889Z","2018-05-29T20:45:14.013Z","65832","1.9619791666667","0","33.434","530.90322580645","6"
"2160","video","2018-05-29T20:44:40.072Z","2018-05-29T20:44:39.657Z","2018-05-29T20:44:39.824Z","2018-05-29T20:44:40.036Z","8261288","2","2","3893.089","38968.339622642","5"
"2161","audio","2018-05-29T20:45:16.857Z","2018-05-29T20:45:16.639Z","2018-05-29T20:45:16.639Z","2018-05-29T20:45:16.837Z","64808","1.9619791666667","0","33.434","327.31313131313","6"
"2162","video","2018-05-29T20:44:45.419Z","2018-05-29T20:44:44.418Z","2018-05-29T20:44:44.612Z","2018-05-29T20:44:45.385Z","6165256","2","2","3893.089","7975.7516170763","5"
"2163","audio","2018-05-29T20:45:19.278Z","2018-05-29T20:45:19.077Z","2018-05-29T20:45:19.077Z","2018-05-29T20:45:19.261Z","65128","1.9619791666667","0","33.434","353.95652173913","6"
"2164","video","2018-05-29T20:44:47.078Z","2018-05-29T20:44:46.673Z","2018-05-29T20:44:46.929Z","2018-05-29T20:44:47.076Z","8333384","2","2","3893.089","56689.68707483","5"
"2165","audio","2018-05-29T20:45:21.328Z","2018-05-29T20:45:21.294Z","2018-05-29T20:45:21.294Z","2018-05-29T20:45:21.322Z","66224","1.9619791666667","0","33.434","2365.1428571429","6"
"2166","video","2018-05-29T20:44:49.930Z","2018-05-29T20:44:48.931Z","2018-05-29T20:44:48.996Z","2018-05-29T20:44:49.854Z","9632520","2","2","3893.089","11226.713286713","5"
"2167","audio","2018-05-29T20:45:24.125Z","2018-05-29T20:45:23.886Z","2018-05-29T20:45:23.886Z","2018-05-29T20:45:24.103Z","65408","1.9619791666667","0","33.434","301.41935483871","6"
"2168","video","2018-05-29T20:44:54.502Z","2018-05-29T20:44:53.990Z","2018-05-29T20:44:54.089Z","2018-05-29T20:44:54.457Z","5121592","2","2","3893.089","13917.369565217","5"
"2169","audio","2018-05-29T20:45:26.969Z","2018-05-29T20:45:26.791Z","2018-05-29T20:45:26.791Z","2018-05-29T20:45:26.927Z","65296","1.9619791666667","0","33.434","480.11764705882","6"
"2170","video","2018-05-29T20:44:57.798Z","2018-05-29T20:44:56.736Z","2018-05-29T20:44:56.910Z","2018-05-29T20:44:57.795Z","9229472","2","2","3893.089","10428.781920904","5"
"2171","audio","2018-05-29T20:45:32.064Z","2018-05-29T20:45:31.662Z","2018-05-29T20:45:31.662Z","2018-05-29T20:45:31.994Z","65928","1.9619791666667","0","33.434","198.57831325301","6"
"2172","video","2018-05-29T20:44:59.261Z","2018-05-29T20:44:58.824Z","2018-05-29T20:44:58.836Z","2018-05-29T20:44:59.241Z","8584496","2","2","3893.089","21196.286419753","5"
"2173","audio","2018-05-29T20:45:34.362Z","2018-05-29T20:45:34.141Z","2018-05-29T20:45:34.141Z","2018-05-29T20:45:34.326Z","65664","1.9619791666667","0","33.434","354.94054054054","6"
"2174","video","2018-05-29T20:45:02.449Z","2018-05-29T20:45:01.799Z","2018-05-29T20:45:01.868Z","2018-05-29T20:45:02.309Z","8947984","2","2","3893.089","20290.213151927","5"
"2175","audio","2018-05-29T20:45:35.466Z","2018-05-29T20:45:35.182Z","2018-05-29T20:45:35.182Z","2018-05-29T20:45:35.463Z","65216","1.9619791666667","0","33.434","232.08540925267","6"
"2176","video","2018-05-29T20:45:05.091Z","2018-05-29T20:45:04.506Z","2018-05-29T20:45:04.681Z","2018-05-29T20:45:05.006Z","7110696","2","2","3893.089","21879.064615385","5"
"2177","audio","2018-05-29T20:45:39.213Z","2018-05-29T20:45:39.109Z","2018-05-29T20:45:39.109Z","2018-05-29T20:45:39.211Z","65560","1.9619791666667","0","33.434","642.74509803922","6"
"2178","video","2018-05-29T20:45:05.694Z","2018-05-29T20:45:05.357Z","2018-05-29T20:45:05.460Z","2018-05-29T20:45:05.657Z","5614432","2","2","3893.089","28499.654822335","5"
"2179","audio","2018-05-29T20:45:41.852Z","2018-05-29T20:45:41.685Z","2018-05-29T20:45:41.685Z","2018-05-29T20:45:41.849Z","65552","1.9619791666667","0","33.434","399.70731707317","6"
"2180","video","2018-05-29T20:45:07.282Z","2018-05-29T20:45:06.762Z","2018-05-29T20:45:06.898Z","2018-05-29T20:45:07.281Z","5548568","2","2","3893.089","14487.122715405","5"
"2181","audio","2018-05-29T20:45:47.236Z","2018-05-29T20:45:46.845Z","2018-05-29T20:45:46.845Z","2018-05-29T20:45:47.234Z","65296","1.9619791666667","0","33.434","167.85604113111","6"
"2182","video","2018-05-29T20:45:14.464Z","2018-05-29T20:45:13.858Z","2018-05-29T20:45:13.898Z","2018-05-29T20:45:14.423Z","6447552","2","2","3893.089","12281.051428571","5"
"2183","audio","2018-05-29T20:45:49.367Z","2018-05-29T20:45:49.169Z","2018-05-29T20:45:49.169Z","2018-05-29T20:45:49.361Z","65712","1.9619791666667","0","33.434","342.25","6"
"2184","video","2018-05-29T20:45:17.242Z","2018-05-29T20:45:16.577Z","2018-05-29T20:45:16.729Z","2018-05-29T20:45:17.193Z","7119160","2","2","3893.089","15343.017241379","5"
"2185","audio","2018-05-29T20:45:52.453Z","2018-05-29T20:45:52.165Z","2018-05-29T20:45:52.165Z","2018-05-29T20:45:52.400Z","65712","1.9619791666667","0","33.434","279.62553191489","6"
"2186","video","2018-05-29T20:45:19.603Z","2018-05-29T20:45:19.046Z","2018-05-29T20:45:19.178Z","2018-05-29T20:45:19.601Z","8388088","2","2","3893.089","19829.995271868","5"
"2187","audio","2018-05-29T20:45:54.849Z","2018-05-29T20:45:54.260Z","2018-05-29T20:45:54.260Z","2018-05-29T20:45:54.730Z","65632","1.9619791666667","0","33.434","139.64255319149","6"
"2188","video","2018-05-29T20:45:24.228Z","2018-05-29T20:45:23.810Z","2018-05-29T20:45:23.984Z","2018-05-29T20:45:24.205Z","5041984","2","2","3893.089","22814.407239819","5"
"2189","audio","2018-05-29T20:45:56.966Z","2018-05-29T20:45:56.778Z","2018-05-29T20:45:56.778Z","2018-05-29T20:45:56.936Z","65080","1.9619791666667","0","33.434","411.89873417722","6"
"2190","video","2018-05-29T20:45:27.287Z","2018-05-29T20:45:26.753Z","2018-05-29T20:45:26.853Z","2018-05-29T20:45:27.266Z","6478544","2","2","3893.089","15686.547215496","5"
"2191","audio","2018-05-29T20:46:01.846Z","2018-05-29T20:46:01.565Z","2018-05-29T20:46:01.565Z","2018-05-29T20:46:01.835Z","66240","1.9619791666667","0","33.434","245.33333333333","6"
"2192","video","2018-05-29T20:45:29.455Z","2018-05-29T20:45:29.081Z","2018-05-29T20:45:29.172Z","2018-05-29T20:45:29.445Z","4267312","2","2","3893.089","15631.179487179","5"
"2193","audio","2018-05-29T20:46:04.710Z","2018-05-29T20:46:04.394Z","2018-05-29T20:46:04.394Z","2018-05-29T20:46:04.688Z","65424","1.9619791666667","0","33.434","222.5306122449","6"
"2194","video","2018-05-29T20:45:32.543Z","2018-05-29T20:45:31.643Z","2018-05-29T20:45:31.742Z","2018-05-29T20:45:32.540Z","7586880","2","2","3893.089","9507.3684210526","5"
"2195","audio","2018-05-29T20:46:06.961Z","2018-05-29T20:46:06.668Z","2018-05-29T20:46:06.668Z","2018-05-29T20:46:06.958Z","65328","1.9619791666667","0","33.434","225.26896551724","6"
"2196","video","2018-05-29T20:45:34.607Z","2018-05-29T20:45:34.138Z","2018-05-29T20:45:34.231Z","2018-05-29T20:45:34.604Z","8695168","2","2","3893.089","23311.442359249","5"
"2197","audio","2018-05-29T20:46:10.305Z","2018-05-29T20:46:09.925Z","2018-05-29T20:46:09.925Z","2018-05-29T20:46:10.265Z","65520","1.9619791666667","0","33.434","192.70588235294","6"
"2198","video","2018-05-29T20:45:39.601Z","2018-05-29T20:45:39.062Z","2018-05-29T20:45:39.147Z","2018-05-29T20:45:39.558Z","8146056","2","2","3893.089","19820.087591241","5"
"2199","audio","2018-05-29T20:46:16.521Z","2018-05-29T20:46:16.310Z","2018-05-29T20:46:16.310Z","2018-05-29T20:46:16.501Z","64904","1.9619791666667","0","33.434","339.81151832461","6"
"2200","video","2018-05-29T20:45:42.200Z","2018-05-29T20:45:41.656Z","2018-05-29T20:45:41.739Z","2018-05-29T20:45:42.163Z","9276712","2","2","3893.089","21879.037735849","5"
"2201","audio","2018-05-29T20:46:16.952Z","2018-05-29T20:46:16.807Z","2018-05-29T20:46:16.807Z","2018-05-29T20:46:16.878Z","66056","1.9619791666667","0","33.434","930.3661971831","6"
"2202","video","2018-05-29T20:45:45.475Z","2018-05-29T20:45:45.066Z","2018-05-29T20:45:45.198Z","2018-05-29T20:45:45.451Z","7330144","2","2","3893.089","28972.901185771","5"
"2203","audio","2018-05-29T20:46:19.414Z","2018-05-29T20:46:19.049Z","2018-05-29T20:46:19.049Z","2018-05-29T20:46:19.378Z","65560","1.9619791666667","0","33.434","199.27051671733","6"
"2204","video","2018-05-29T20:45:47.801Z","2018-05-29T20:45:46.831Z","2018-05-29T20:45:47.188Z","2018-05-29T20:45:47.774Z","10584096","2","2","3893.089","18061.597269625","5"
"2205","audio","2018-05-29T20:46:21.547Z","2018-05-29T20:46:21.419Z","2018-05-29T20:46:21.419Z","2018-05-29T20:46:21.537Z","66208","1.9619791666667","0","33.434","561.08474576271","6"
"2206","video","2018-05-29T20:45:52.654Z","2018-05-29T20:45:52.086Z","2018-05-29T20:45:52.296Z","2018-05-29T20:45:52.596Z","7763880","2","2","3893.089","25879.6","5"
"2207","audio","2018-05-29T20:46:22.637Z","2018-05-29T20:46:22.512Z","2018-05-29T20:46:22.512Z","2018-05-29T20:46:22.607Z","65760","1.9619791666667","0","33.434","692.21052631579","6"
"2208","video","2018-05-29T20:45:55.273Z","2018-05-29T20:45:54.155Z","2018-05-29T20:45:54.404Z","2018-05-29T20:45:55.241Z","7330816","2","2","3893.089","8758.4420549582","5"
"2209","audio","2018-05-29T20:46:23.315Z","2018-05-29T20:46:23.018Z","2018-05-29T20:46:23.018Z","2018-05-29T20:46:23.312Z","65144","1.9619791666667","0","33.434","221.57823129252","6"
"2210","video","2018-05-29T20:45:57.341Z","2018-05-29T20:45:56.688Z","2018-05-29T20:45:56.822Z","2018-05-29T20:45:57.285Z","6768736","2","2","3893.089","14619.300215983","5"
"2211","audio","2018-05-29T20:46:24.457Z","2018-05-29T20:46:24.124Z","2018-05-29T20:46:24.124Z","2018-05-29T20:46:24.437Z","65696","1.9619791666667","0","33.434","209.89137380192","6"
"2212","video","2018-05-29T20:46:02.120Z","2018-05-29T20:46:01.543Z","2018-05-29T20:46:01.600Z","2018-05-29T20:46:02.063Z","7456104","2","2","3893.089","16103.896328294","5"
"2213","audio","2018-05-29T20:46:27.096Z","2018-05-29T20:46:26.740Z","2018-05-29T20:46:26.740Z","2018-05-29T20:46:27.058Z","66136","1.9619791666667","0","33.434","207.9748427673","6"
"2214","video","2018-05-29T20:46:05.233Z","2018-05-29T20:46:04.307Z","2018-05-29T20:46:04.535Z","2018-05-29T20:46:05.209Z","9362552","2","2","3893.089","13891.026706231","5"
"2215","audio","2018-05-29T20:46:29.226Z","2018-05-29T20:46:29.115Z","2018-05-29T20:46:29.115Z","2018-05-29T20:46:29.208Z","65160","1.9619791666667","0","33.434","700.64516129032","6"
"2216","video","2018-05-29T20:46:07.156Z","2018-05-29T20:46:06.656Z","2018-05-29T20:46:06.758Z","2018-05-29T20:46:07.127Z","8727880","2","2","3893.089","23652.791327913","5"
"2217","audio","2018-05-29T20:46:31.870Z","2018-05-29T20:46:31.674Z","2018-05-29T20:46:31.674Z","2018-05-29T20:46:31.867Z","65808","1.9619791666667","0","33.434","340.97409326425","6"
"2218","video","2018-05-29T20:46:09.136Z","2018-05-29T20:46:07.994Z","2018-05-29T20:46:08.356Z","2018-05-29T20:46:08.987Z","8337320","2","2","3893.089","13212.868462758","5"
"2219","audio","2018-05-29T20:46:34.423Z","2018-05-29T20:46:34.237Z","2018-05-29T20:46:34.237Z","2018-05-29T20:46:34.419Z","65272","1.9619791666667","0","33.434","358.63736263736","6"
"2220","video","2018-05-29T20:46:10.712Z","2018-05-29T20:46:09.902Z","2018-05-29T20:46:09.999Z","2018-05-29T20:46:10.695Z","8511320","2","2","3893.089","12228.908045977","5"
"2221","audio","2018-05-29T20:46:36.705Z","2018-05-29T20:46:36.485Z","2018-05-29T20:46:36.485Z","2018-05-29T20:46:36.671Z","65656","1.9619791666667","0","33.434","352.98924731183","6"
"2222","video","2018-05-29T20:46:12.512Z","2018-05-29T20:46:11.426Z","2018-05-29T20:46:12.113Z","2018-05-29T20:46:12.493Z","6917488","2","2","3893.089","18203.915789474","5"
"2223","audio","2018-05-29T20:46:40.008Z","2018-05-29T20:46:39.525Z","2018-05-29T20:46:39.525Z","2018-05-29T20:46:39.931Z","65504","1.9619791666667","0","33.434","161.33990147783","6"
"2224","video","2018-05-29T20:46:16.585Z","2018-05-29T20:46:16.290Z","2018-05-29T20:46:16.323Z","2018-05-29T20:46:16.569Z","5056040","2","2","3893.089","20553.008130081","5"
"2225","audio","2018-05-29T20:46:44.186Z","2018-05-29T20:46:44.000Z","2018-05-29T20:46:44.000Z","2018-05-29T20:46:44.158Z","65488","1.9619791666667","0","33.434","414.48101265823","6"
"2226","video","2018-05-29T20:46:20.158Z","2018-05-29T20:46:19.014Z","2018-05-29T20:46:19.126Z","2018-05-29T20:46:20.150Z","10477608","2","2","3893.089","10232.0390625","5"
"2227","audio","2018-05-29T20:46:44.918Z","2018-05-29T20:46:44.681Z","2018-05-29T20:46:44.681Z","2018-05-29T20:46:44.915Z","65296","1.9619791666667","0","33.434","279.04273504274","6"
"2228","video","2018-05-29T20:46:21.666Z","2018-05-29T20:46:21.406Z","2018-05-29T20:46:21.453Z","2018-05-29T20:46:21.662Z","10703664","2","2","3893.089","51213.703349282","5"
"2229","video","2018-05-29T20:46:23.163Z","2018-05-29T20:46:22.661Z","2018-05-29T20:46:22.758Z","2018-05-29T20:46:23.161Z","6380856","2","2","3893.089","15833.389578164","5"
"2230","audio","2018-05-29T20:46:46.660Z","2018-05-29T20:46:46.592Z","2018-05-29T20:46:46.592Z","2018-05-29T20:46:46.646Z","65968","1.9619791666667","0","33.434","1221.6296296296","6"
"2231","video","2018-05-29T20:46:24.996Z","2018-05-29T20:46:24.088Z","2018-05-29T20:46:24.205Z","2018-05-29T20:46:24.962Z","10444872","2","2","3893.089","13797.717305152","5"
"2232","video","2018-05-29T20:46:27.390Z","2018-05-29T20:46:26.678Z","2018-05-29T20:46:26.861Z","2018-05-29T20:46:27.377Z","5181352","2","2","3893.089","10041.379844961","5"
"2233","audio","2018-05-29T20:46:49.000Z","2018-05-29T20:46:48.860Z","2018-05-29T20:46:48.860Z","2018-05-29T20:46:48.973Z","66584","1.9619791666667","0","33.434","589.2389380531","6"
"2234","video","2018-05-29T20:46:29.603Z","2018-05-29T20:46:29.075Z","2018-05-29T20:46:29.149Z","2018-05-29T20:46:29.574Z","7200752","2","2","3893.089","16942.945882353","5"
"2235","audio","2018-05-29T20:46:51.894Z","2018-05-29T20:46:51.691Z","2018-05-29T20:46:51.691Z","2018-05-29T20:46:51.892Z","64888","1.9619791666667","0","33.434","322.82587064677","6"
"2236","video","2018-05-29T20:46:32.381Z","2018-05-29T20:46:31.625Z","2018-05-29T20:46:31.770Z","2018-05-29T20:46:32.338Z","12481760","2","2","3893.089","21974.929577465","5"
"2237","audio","2018-05-29T20:46:54.313Z","2018-05-29T20:46:54.188Z","2018-05-29T20:46:54.188Z","2018-05-29T20:46:54.300Z","65904","1.9619791666667","0","33.434","588.42857142857","6"
"2238","video","2018-05-29T20:46:34.812Z","2018-05-29T20:46:34.209Z","2018-05-29T20:46:34.300Z","2018-05-29T20:46:34.800Z","5567512","2","2","3893.089","11135.024","5"
"2239","video","2018-05-29T20:46:36.905Z","2018-05-29T20:46:36.432Z","2018-05-29T20:46:36.551Z","2018-05-29T20:46:36.820Z","7381280","2","2","3893.089","27439.70260223","5"
"2240","audio","2018-05-29T20:46:56.838Z","2018-05-29T20:46:56.758Z","2018-05-29T20:46:56.758Z","2018-05-29T20:46:56.836Z","65568","1.9619791666667","0","33.434","840.61538461538","6"
"2241","video","2018-05-29T20:46:40.170Z","2018-05-29T20:46:39.472Z","2018-05-29T20:46:39.801Z","2018-05-29T20:46:40.153Z","5089864","2","2","3893.089","14459.840909091","5"
"2242","video","2018-05-29T20:46:41.563Z","2018-05-29T20:46:41.442Z","2018-05-29T20:46:41.500Z","2018-05-29T20:46:41.561Z","3651240","2","2","3893.089","59856.393442623","5"
"2243","audio","2018-05-29T20:46:57.090Z","2018-05-29T20:46:57.018Z","2018-05-29T20:46:57.018Z","2018-05-29T20:46:57.070Z","65352","1.9619791666667","0","33.434","1256.7692307692","6"
"2244","video","2018-05-29T20:46:44.592Z","2018-05-29T20:46:43.976Z","2018-05-29T20:46:44.046Z","2018-05-29T20:46:44.553Z","12073704","2","2","3893.089","23814.01183432","5"
"2245","video","2018-05-29T20:46:47.305Z","2018-05-29T20:46:46.556Z","2018-05-29T20:46:46.613Z","2018-05-29T20:46:47.269Z","10009432","2","2","3893.089","15258.280487805","5"
"2246","audio","2018-05-29T20:46:59.493Z","2018-05-29T20:46:59.248Z","2018-05-29T20:46:59.248Z","2018-05-29T20:46:59.478Z","65480","1.9619791666667","0","33.434","284.69565217391","6"
"2247","audio","2018-05-29T20:47:04.233Z","2018-05-29T20:47:04.057Z","2018-05-29T20:47:04.057Z","2018-05-29T20:47:04.223Z","65384","1.9619791666667","0","33.434","393.87951807229","6"
"2248","video","2018-05-29T20:46:49.112Z","2018-05-29T20:46:48.840Z","2018-05-29T20:46:48.896Z","2018-05-29T20:46:49.093Z","4267184","2","2","3893.089","21660.83248731","5"
"2249","audio","2018-05-29T20:47:06.637Z","2018-05-29T20:47:06.422Z","2018-05-29T20:47:06.422Z","2018-05-29T20:47:06.594Z","65536","1.9619791666667","0","33.434","381.02325581395","6"
"2250","video","2018-05-29T20:46:52.071Z","2018-05-29T20:46:51.660Z","2018-05-29T20:46:51.799Z","2018-05-29T20:46:52.037Z","4839568","2","2","3893.089","20334.319327731","5"
"2251","video","2018-05-29T20:46:54.561Z","2018-05-29T20:46:54.126Z","2018-05-29T20:46:54.224Z","2018-05-29T20:46:54.554Z","7868432","2","2","3893.089","23843.733333333","5"
"2252","audio","2018-05-29T20:47:07.125Z","2018-05-29T20:47:06.966Z","2018-05-29T20:47:06.966Z","2018-05-29T20:47:07.101Z","66096","1.9619791666667","0","33.434","489.6","6"
"2253","video","2018-05-29T20:46:57.330Z","2018-05-29T20:46:56.749Z","2018-05-29T20:46:56.796Z","2018-05-29T20:46:57.269Z","12536304","2","2","3893.089","26503.813953488","5"
"2254","video","2018-05-29T20:46:59.890Z","2018-05-29T20:46:59.220Z","2018-05-29T20:46:59.372Z","2018-05-29T20:46:59.853Z","3915664","2","2","3893.089","8140.6735966736","5"
"2255","audio","2018-05-29T20:47:11.565Z","2018-05-29T20:47:11.512Z","2018-05-29T20:47:11.512Z","2018-05-29T20:47:11.556Z","65400","1.9619791666667","0","33.434","1486.3636363636","6"
"2256","video","2018-05-29T20:47:01.934Z","2018-05-29T20:47:01.429Z","2018-05-29T20:47:01.478Z","2018-05-29T20:47:01.847Z","9506552","2","2","3893.089","25763.013550135","5"
"2257","audio","2018-05-29T20:47:14.054Z","2018-05-29T20:47:13.984Z","2018-05-29T20:47:13.984Z","2018-05-29T20:47:14.045Z","65696","1.9619791666667","0","33.434","1076.9836065574","6"
"2258","video","2018-05-29T20:47:04.630Z","2018-05-29T20:47:04.054Z","2018-05-29T20:47:04.086Z","2018-05-29T20:47:04.627Z","10460160","2","2","3893.089","19334.861367837","5"
"2259","audio","2018-05-29T20:47:19.742Z","2018-05-29T20:47:19.498Z","2018-05-29T20:47:19.498Z","2018-05-29T20:47:19.729Z","65288","1.9619791666667","0","33.434","282.63203463203","6"
"2260","video","2018-05-29T20:47:06.745Z","2018-05-29T20:47:06.393Z","2018-05-29T20:47:06.456Z","2018-05-29T20:47:06.717Z","4803624","2","2","3893.089","18404.689655172","5"
"2261","audio","2018-05-29T20:47:22.181Z","2018-05-29T20:47:21.972Z","2018-05-29T20:47:21.972Z","2018-05-29T20:47:22.179Z","65376","1.9619791666667","0","33.434","315.82608695652","6"
"2262","video","2018-05-29T20:47:08.054Z","2018-05-29T20:47:07.158Z","2018-05-29T20:47:07.336Z","2018-05-29T20:47:08.010Z","10184896","2","2","3893.089","15111.121661721","5"
"2263","audio","2018-05-29T20:47:22.646Z","2018-05-29T20:47:22.319Z","2018-05-29T20:47:22.319Z","2018-05-29T20:47:22.626Z","66008","1.9619791666667","0","33.434","215.00977198697","6"
"2264","video","2018-05-29T20:47:11.621Z","2018-05-29T20:47:11.490Z","2018-05-29T20:47:11.530Z","2018-05-29T20:47:11.619Z","7387448","2","2","3893.089","83005.033707865","5"
"2265","audio","2018-05-29T20:47:23.900Z","2018-05-29T20:47:23.743Z","2018-05-29T20:47:23.743Z","2018-05-29T20:47:23.884Z","65432","1.9619791666667","0","33.434","464.05673758865","6"
"2266","video","2018-05-29T20:47:17.304Z","2018-05-29T20:47:16.573Z","2018-05-29T20:47:16.589Z","2018-05-29T20:47:17.287Z","9449608","2","2","3893.089","13538.12034384","5"
"2267","audio","2018-05-29T20:47:26.618Z","2018-05-29T20:47:26.514Z","2018-05-29T20:47:26.514Z","2018-05-29T20:47:26.593Z","65600","1.9619791666667","0","33.434","830.37974683544","6"
"2268","video","2018-05-29T20:47:19.949Z","2018-05-29T20:47:19.379Z","2018-05-29T20:47:19.690Z","2018-05-29T20:47:19.916Z","7992736","2","2","3893.089","35366.088495575","5"
"2269","audio","2018-05-29T20:47:29.087Z","2018-05-29T20:47:28.888Z","2018-05-29T20:47:28.888Z","2018-05-29T20:47:29.062Z","65776","1.9619791666667","0","33.434","378.02298850575","6"
"2270","video","2018-05-29T20:47:22.472Z","2018-05-29T20:47:21.892Z","2018-05-29T20:47:22.076Z","2018-05-29T20:47:22.441Z","7944280","2","2","3893.089","21765.150684932","5"
"2271","audio","2018-05-29T20:47:31.689Z","2018-05-29T20:47:31.555Z","2018-05-29T20:47:31.555Z","2018-05-29T20:47:31.669Z","65352","1.9619791666667","0","33.434","573.26315789474","6"
"2272","video","2018-05-29T20:47:24.002Z","2018-05-29T20:47:23.733Z","2018-05-29T20:47:23.808Z","2018-05-29T20:47:23.997Z","4447880","2","2","3893.089","23533.756613757","5"
"2273","audio","2018-05-29T20:47:34.385Z","2018-05-29T20:47:34.115Z","2018-05-29T20:47:34.115Z","2018-05-29T20:47:34.353Z","65680","1.9619791666667","0","33.434","275.96638655462","6"
"2274","video","2018-05-29T20:47:26.946Z","2018-05-29T20:47:26.496Z","2018-05-29T20:47:26.526Z","2018-05-29T20:47:26.917Z","7947456","2","2","3893.089","20325.974424552","5"
"2275","audio","2018-05-29T20:47:39.080Z","2018-05-29T20:47:38.957Z","2018-05-29T20:47:38.957Z","2018-05-29T20:47:39.051Z","65728","1.9619791666667","0","33.434","699.23404255319","6"
"2276","video","2018-05-29T20:47:29.257Z","2018-05-29T20:47:28.862Z","2018-05-29T20:47:28.998Z","2018-05-29T20:47:29.248Z","7394608","2","2","3893.089","29578.432","5"
"2277","audio","2018-05-29T20:47:39.409Z","2018-05-29T20:47:39.312Z","2018-05-29T20:47:39.312Z","2018-05-29T20:47:39.378Z","65856","1.9619791666667","0","33.434","997.81818181818","6"
"2278","video","2018-05-29T20:47:31.970Z","2018-05-29T20:47:31.515Z","2018-05-29T20:47:31.589Z","2018-05-29T20:47:31.960Z","10780664","2","2","3893.089","29058.393530997","5"
"2279","audio","2018-05-29T20:47:41.850Z","2018-05-29T20:47:41.713Z","2018-05-29T20:47:41.713Z","2018-05-29T20:47:41.827Z","65464","1.9619791666667","0","33.434","574.24561403509","6"
"2280","video","2018-05-29T20:47:34.824Z","2018-05-29T20:47:34.081Z","2018-05-29T20:47:34.277Z","2018-05-29T20:47:34.809Z","7760520","2","2","3893.089","14587.443609023","5"
"2281","audio","2018-05-29T20:47:44.460Z","2018-05-29T20:47:44.306Z","2018-05-29T20:47:44.306Z","2018-05-29T20:47:44.426Z","65392","1.9619791666667","0","33.434","544.93333333333","6"
"2282","video","2018-05-29T20:47:36.287Z","2018-05-29T20:47:36.222Z","2018-05-29T20:47:36.230Z","2018-05-29T20:47:36.284Z","4860736","2","2","3893.089","90013.62962963","5"
"2283","audio","2018-05-29T20:47:46.434Z","2018-05-29T20:47:46.327Z","2018-05-29T20:47:46.327Z","2018-05-29T20:47:46.431Z","65736","1.9619791666667","0","33.434","632.07692307692","6"
"2284","video","2018-05-29T20:47:37.131Z","2018-05-29T20:47:36.762Z","2018-05-29T20:47:36.801Z","2018-05-29T20:47:37.087Z","7257264","2","2","3893.089","25375.048951049","5"
"2285","audio","2018-05-29T20:47:49.546Z","2018-05-29T20:47:49.135Z","2018-05-29T20:47:49.135Z","2018-05-29T20:47:49.473Z","65408","1.9619791666667","0","33.434","193.51479289941","6"
"2286","video","2018-05-29T20:47:42.008Z","2018-05-29T20:47:41.685Z","2018-05-29T20:47:41.773Z","2018-05-29T20:47:41.994Z","8355968","2","2","3893.089","37809.809954751","5"
"2287","audio","2018-05-29T20:47:51.668Z","2018-05-29T20:47:51.544Z","2018-05-29T20:47:51.544Z","2018-05-29T20:47:51.659Z","65920","1.9619791666667","0","33.434","573.21739130435","6"
"2288","video","2018-05-29T20:47:44.629Z","2018-05-29T20:47:44.288Z","2018-05-29T20:47:44.361Z","2018-05-29T20:47:44.625Z","6374736","2","2","3893.089","24146.727272727","5"
"2289","audio","2018-05-29T20:47:52.883Z","2018-05-29T20:47:52.644Z","2018-05-29T20:47:52.644Z","2018-05-29T20:47:52.868Z","65152","1.9619791666667","0","33.434","290.85714285714","6"
"2290","video","2018-05-29T20:47:46.714Z","2018-05-29T20:47:46.309Z","2018-05-29T20:47:46.337Z","2018-05-29T20:47:46.707Z","9342912","2","2","3893.089","25251.113513514","5"
"2291","audio","2018-05-29T20:47:56.638Z","2018-05-29T20:47:56.499Z","2018-05-29T20:47:56.499Z","2018-05-29T20:47:56.604Z","66096","1.9619791666667","0","33.434","629.48571428571","6"
"2292","video","2018-05-29T20:47:50.117Z","2018-05-29T20:47:49.115Z","2018-05-29T20:47:49.368Z","2018-05-29T20:47:50.093Z","8525928","2","2","3893.089","11759.900689655","5"
"2293","audio","2018-05-29T20:47:59.039Z","2018-05-29T20:47:58.869Z","2018-05-29T20:47:58.869Z","2018-05-29T20:47:58.998Z","65352","1.9619791666667","0","33.434","506.60465116279","6"
"2294","video","2018-05-29T20:47:51.957Z","2018-05-29T20:47:51.534Z","2018-05-29T20:47:51.569Z","2018-05-29T20:47:51.941Z","7688000","2","2","3893.089","20666.666666667","5"
"2295","audio","2018-05-29T20:48:01.993Z","2018-05-29T20:48:01.750Z","2018-05-29T20:48:01.750Z","2018-05-29T20:48:01.931Z","65984","1.9619791666667","0","33.434","364.55248618785","6"
"2296","video","2018-05-29T20:47:53.500Z","2018-05-29T20:47:52.927Z","2018-05-29T20:47:53.172Z","2018-05-29T20:47:53.483Z","8860736","2","2","3893.089","28491.112540193","5"
"2297","audio","2018-05-29T20:48:07.565Z","2018-05-29T20:48:07.214Z","2018-05-29T20:48:07.214Z","2018-05-29T20:48:07.520Z","65288","1.9619791666667","0","33.434","213.35947712418","6"
"2298","video","2018-05-29T20:47:54.208Z","2018-05-29T20:47:53.984Z","2018-05-29T20:47:54.031Z","2018-05-29T20:47:54.190Z","8014808","2","2","3893.089","50407.597484277","5"
"2299","audio","2018-05-29T20:48:09.314Z","2018-05-29T20:48:09.074Z","2018-05-29T20:48:09.074Z","2018-05-29T20:48:09.311Z","65104","1.9619791666667","0","33.434","274.70042194093","6"
"2300","video","2018-05-29T20:47:54.781Z","2018-05-29T20:47:54.384Z","2018-05-29T20:47:54.451Z","2018-05-29T20:47:54.778Z","8159192","2","2","3893.089","24951.657492355","5"
"2301","audio","2018-05-29T20:48:10.152Z","2018-05-29T20:48:09.929Z","2018-05-29T20:48:09.929Z","2018-05-29T20:48:10.140Z","65760","1.9619791666667","0","33.434","311.65876777251","6"
"2302","video","2018-05-29T20:48:02.260Z","2018-05-29T20:48:01.689Z","2018-05-29T20:48:01.784Z","2018-05-29T20:48:02.255Z","7938384","2","2","3893.089","16854.318471338","5"
"2303","audio","2018-05-29T20:48:11.785Z","2018-05-29T20:48:11.516Z","2018-05-29T20:48:11.516Z","2018-05-29T20:48:11.754Z","65568","1.9619791666667","0","33.434","275.49579831933","6"
"2304","audio","2018-05-29T20:48:16.770Z","2018-05-29T20:48:16.529Z","2018-05-29T20:48:16.529Z","2018-05-29T20:48:16.760Z","65464","1.9619791666667","0","33.434","283.39393939394","6"
"2305","video","2018-05-29T20:48:04.290Z","2018-05-29T20:48:03.854Z","2018-05-29T20:48:04.022Z","2018-05-29T20:48:04.280Z","8066792","2","2","3893.089","31266.635658915","5"
"2306","audio","2018-05-29T20:48:19.240Z","2018-05-29T20:48:18.999Z","2018-05-29T20:48:18.999Z","2018-05-29T20:48:19.224Z","65640","1.9619791666667","0","33.434","291.73333333333","6"
"2307","video","2018-05-29T20:48:08.213Z","2018-05-29T20:48:07.165Z","2018-05-29T20:48:07.416Z","2018-05-29T20:48:08.087Z","7786552","2","2","3893.089","11604.399403875","5"
"2308","audio","2018-05-29T20:48:20.328Z","2018-05-29T20:48:19.994Z","2018-05-29T20:48:19.994Z","2018-05-29T20:48:20.293Z","65752","1.9619791666667","0","33.434","219.90635451505","6"
"2309","video","2018-05-29T20:48:09.748Z","2018-05-29T20:48:09.056Z","2018-05-29T20:48:09.181Z","2018-05-29T20:48:09.746Z","8360600","2","2","3893.089","14797.522123894","5"
"2310","audio","2018-05-29T20:48:22.392Z","2018-05-29T20:48:22.077Z","2018-05-29T20:48:22.077Z","2018-05-29T20:48:22.350Z","65424","1.9619791666667","0","33.434","239.64835164835","6"
"2311","video","2018-05-29T20:48:12.096Z","2018-05-29T20:48:11.488Z","2018-05-29T20:48:11.554Z","2018-05-29T20:48:12.031Z","7920480","2","2","3893.089","16604.779874214","5"
"2312","audio","2018-05-29T20:48:23.998Z","2018-05-29T20:48:23.818Z","2018-05-29T20:48:23.818Z","2018-05-29T20:48:23.995Z","65808","1.9619791666667","0","33.434","371.79661016949","6"
"2313","video","2018-05-29T20:48:13.879Z","2018-05-29T20:48:13.676Z","2018-05-29T20:48:13.691Z","2018-05-29T20:48:13.853Z","7972504","2","2","3893.089","49212.987654321","5"
"2314","audio","2018-05-29T20:48:27.048Z","2018-05-29T20:48:26.889Z","2018-05-29T20:48:26.889Z","2018-05-29T20:48:27.009Z","65576","1.9619791666667","0","33.434","546.46666666667","6"
"2315","video","2018-05-29T20:48:17.205Z","2018-05-29T20:48:16.501Z","2018-05-29T20:48:16.607Z","2018-05-29T20:48:17.203Z","8037080","2","2","3893.089","13485.033557047","5"
"2316","audio","2018-05-29T20:48:29.364Z","2018-05-29T20:48:29.131Z","2018-05-29T20:48:29.131Z","2018-05-29T20:48:29.313Z","65296","1.9619791666667","0","33.434","358.76923076923","6"
"2317","video","2018-05-29T20:48:19.364Z","2018-05-29T20:48:18.992Z","2018-05-29T20:48:19.066Z","2018-05-29T20:48:19.360Z","8208752","2","2","3893.089","27920.925170068","5"
"2318","audio","2018-05-29T20:48:34.248Z","2018-05-29T20:48:34.143Z","2018-05-29T20:48:34.143Z","2018-05-29T20:48:34.239Z","65176","1.9619791666667","0","33.434","678.91666666667","6"
"2319","video","2018-05-29T20:48:22.529Z","2018-05-29T20:48:22.002Z","2018-05-29T20:48:22.170Z","2018-05-29T20:48:22.506Z","7706096","2","2","3893.089","22934.80952381","5"
"2320","audio","2018-05-29T20:48:35.355Z","2018-05-29T20:48:35.046Z","2018-05-29T20:48:35.046Z","2018-05-29T20:48:35.305Z","65984","1.9619791666667","0","33.434","254.76447876448","6"
"2321","video","2018-05-29T20:48:24.139Z","2018-05-29T20:48:23.791Z","2018-05-29T20:48:23.877Z","2018-05-29T20:48:24.089Z","7908792","2","2","3893.089","37305.622641509","5"
"2322","audio","2018-05-29T20:48:36.588Z","2018-05-29T20:48:36.351Z","2018-05-29T20:48:36.351Z","2018-05-29T20:48:36.560Z","65608","1.9619791666667","0","33.434","313.91387559809","6"
"2323","video","2018-05-29T20:48:27.229Z","2018-05-29T20:48:26.859Z","2018-05-29T20:48:26.937Z","2018-05-29T20:48:27.218Z","8319904","2","2","3893.089","29608.199288256","5"
"2324","audio","2018-05-29T20:48:39.338Z","2018-05-29T20:48:39.113Z","2018-05-29T20:48:39.113Z","2018-05-29T20:48:39.313Z","65952","1.9619791666667","0","33.434","329.76","6"
"2325","video","2018-05-29T20:48:29.480Z","2018-05-29T20:48:29.081Z","2018-05-29T20:48:29.203Z","2018-05-29T20:48:29.478Z","8024688","2","2","3893.089","29180.683636364","5"
"2326","audio","2018-05-29T20:48:40.039Z","2018-05-29T20:48:39.760Z","2018-05-29T20:48:39.760Z","2018-05-29T20:48:39.979Z","65296","1.9619791666667","0","33.434","298.15525114155","6"
"2327","video","2018-05-29T20:48:32.273Z","2018-05-29T20:48:31.582Z","2018-05-29T20:48:31.765Z","2018-05-29T20:48:32.257Z","7818088","2","2","3893.089","15890.422764228","5"
"2328","audio","2018-05-29T20:48:41.870Z","2018-05-29T20:48:41.667Z","2018-05-29T20:48:41.667Z","2018-05-29T20:48:41.867Z","66056","1.9619791666667","0","33.434","330.28","6"
"2329","video","2018-05-29T20:48:34.724Z","2018-05-29T20:48:34.118Z","2018-05-29T20:48:34.183Z","2018-05-29T20:48:34.702Z","7820392","2","2","3893.089","15068.192678227","5"
"2330","audio","2018-05-29T20:48:46.450Z","2018-05-29T20:48:46.423Z","2018-05-29T20:48:46.423Z","2018-05-29T20:48:46.448Z","65480","1.9619791666667","0","33.434","2619.2","6"
"2331","video","2018-05-29T20:48:36.841Z","2018-05-29T20:48:36.348Z","2018-05-29T20:48:36.454Z","2018-05-29T20:48:36.832Z","8226160","2","2","3893.089","21762.328042328","5"
"2332","audio","2018-05-29T20:48:49.125Z","2018-05-29T20:48:49.089Z","2018-05-29T20:48:49.089Z","2018-05-29T20:48:49.120Z","65744","1.9619791666667","0","33.434","2120.7741935484","6"
"2333","video","2018-05-29T20:48:39.628Z","2018-05-29T20:48:38.923Z","2018-05-29T20:48:39.166Z","2018-05-29T20:48:39.601Z","7653728","2","2","3893.089","17594.777011494","5"
"2334","audio","2018-05-29T20:48:52.324Z","2018-05-29T20:48:51.632Z","2018-05-29T20:48:51.632Z","2018-05-29T20:48:52.277Z","65768","1.9619791666667","0","33.434","101.96589147287","6"
"2335","video","2018-05-29T20:48:42.112Z","2018-05-29T20:48:41.626Z","2018-05-29T20:48:41.831Z","2018-05-29T20:48:42.105Z","7899408","2","2","3893.089","28829.95620438","5"
"2336","audio","2018-05-29T20:48:54.045Z","2018-05-29T20:48:53.919Z","2018-05-29T20:48:53.919Z","2018-05-29T20:48:54.020Z","65520","1.9619791666667","0","33.434","648.71287128713","6"
"2337","video","2018-05-29T20:48:44.885Z","2018-05-29T20:48:44.216Z","2018-05-29T20:48:44.287Z","2018-05-29T20:48:44.822Z","7941576","2","2","3893.089","14844.06728972","5"
"2338","audio","2018-05-29T20:48:54.685Z","2018-05-29T20:48:54.565Z","2018-05-29T20:48:54.565Z","2018-05-29T20:48:54.642Z","66136","1.9619791666667","0","33.434","858.90909090909","6"
"2339","video","2018-05-29T20:48:46.842Z","2018-05-29T20:48:46.418Z","2018-05-29T20:48:46.457Z","2018-05-29T20:48:46.839Z","8484976","2","2","3893.089","22211.979057592","5"
"2340","audio","2018-05-29T20:49:02.247Z","2018-05-29T20:49:01.820Z","2018-05-29T20:49:01.820Z","2018-05-29T20:49:02.237Z","65392","1.9619791666667","0","33.434","156.81534772182","6"
"2341","video","2018-05-29T20:48:49.442Z","2018-05-29T20:48:49.081Z","2018-05-29T20:48:49.106Z","2018-05-29T20:48:49.438Z","8305952","2","2","3893.089","25017.927710843","5"
"2342","audio","2018-05-29T20:49:04.105Z","2018-05-29T20:49:04.001Z","2018-05-29T20:49:04.001Z","2018-05-29T20:49:04.076Z","65448","1.9619791666667","0","33.434","872.64","6"
"2343","video","2018-05-29T20:48:52.714Z","2018-05-29T20:48:51.617Z","2018-05-29T20:48:52.071Z","2018-05-29T20:48:52.670Z","8081624","2","2","3893.089","13491.859766277","5"
"2344","audio","2018-05-29T20:49:04.744Z","2018-05-29T20:49:04.566Z","2018-05-29T20:49:04.566Z","2018-05-29T20:49:04.739Z","65512","1.9619791666667","0","33.434","378.68208092486","6"
"2345","video","2018-05-29T20:48:54.179Z","2018-05-29T20:48:53.884Z","2018-05-29T20:48:53.952Z","2018-05-29T20:48:54.162Z","8105520","2","2","3893.089","38597.714285714","5"
"2346","audio","2018-05-29T20:49:06.508Z","2018-05-29T20:49:06.379Z","2018-05-29T20:49:06.379Z","2018-05-29T20:49:06.494Z","65088","1.9619791666667","0","33.434","565.98260869565","6"
"2347","video","2018-05-29T20:48:57.063Z","2018-05-29T20:48:56.630Z","2018-05-29T20:48:56.659Z","2018-05-29T20:48:57.060Z","7975016","2","2","3893.089","19887.820448878","5"
"2348","audio","2018-05-29T20:49:09.294Z","2018-05-29T20:49:09.237Z","2018-05-29T20:49:09.237Z","2018-05-29T20:49:09.287Z","65568","1.9619791666667","0","33.434","1311.36","6"
"2349","video","2018-05-29T20:48:59.455Z","2018-05-29T20:48:58.985Z","2018-05-29T20:48:59.074Z","2018-05-29T20:48:59.409Z","7871688","2","2","3893.089","23497.576119403","5"
"2350","audio","2018-05-29T20:49:12.060Z","2018-05-29T20:49:11.635Z","2018-05-29T20:49:11.635Z","2018-05-29T20:49:11.973Z","65544","1.9619791666667","0","33.434","193.91715976331","6"
"2351","video","2018-05-29T20:49:02.503Z","2018-05-29T20:49:01.749Z","2018-05-29T20:49:01.948Z","2018-05-29T20:49:02.501Z","7950856","2","2","3893.089","14377.678119349","5"
"2352","audio","2018-05-29T20:49:14.161Z","2018-05-29T20:49:13.897Z","2018-05-29T20:49:13.897Z","2018-05-29T20:49:14.101Z","65400","1.9619791666667","0","33.434","320.58823529412","6"
"2353","video","2018-05-29T20:49:04.221Z","2018-05-29T20:49:03.971Z","2018-05-29T20:49:04.026Z","2018-05-29T20:49:04.188Z","8026784","2","2","3893.089","49548.049382716","5"
"2354","audio","2018-05-29T20:49:16.464Z","2018-05-29T20:49:16.363Z","2018-05-29T20:49:16.363Z","2018-05-29T20:49:16.449Z","65608","1.9619791666667","0","33.434","762.88372093023","6"
"2355","video","2018-05-29T20:49:06.754Z","2018-05-29T20:49:06.359Z","2018-05-29T20:49:06.415Z","2018-05-29T20:49:06.722Z","8347688","2","2","3893.089","27191.166123779","5"
"2356","audio","2018-05-29T20:49:19.441Z","2018-05-29T20:49:19.197Z","2018-05-29T20:49:19.197Z","2018-05-29T20:49:19.410Z","65632","1.9619791666667","0","33.434","308.13145539906","6"
"2357","video","2018-05-29T20:49:12.400Z","2018-05-29T20:49:11.608Z","2018-05-29T20:49:11.700Z","2018-05-29T20:49:12.395Z","8062240","2","2","3893.089","11600.345323741","5"
"2358","audio","2018-05-29T20:49:21.935Z","2018-05-29T20:49:21.574Z","2018-05-29T20:49:21.574Z","2018-05-29T20:49:21.867Z","65696","1.9619791666667","0","33.434","224.21843003413","6"
"2359","video","2018-05-29T20:49:14.369Z","2018-05-29T20:49:13.870Z","2018-05-29T20:49:13.917Z","2018-05-29T20:49:14.358Z","8057304","2","2","3893.089","18270.530612245","5"
"2360","audio","2018-05-29T20:49:24.157Z","2018-05-29T20:49:24.005Z","2018-05-29T20:49:24.005Z","2018-05-29T20:49:24.124Z","65960","1.9619791666667","0","33.434","554.28571428571","6"
"2361","video","2018-05-29T20:49:16.684Z","2018-05-29T20:49:16.349Z","2018-05-29T20:49:16.410Z","2018-05-29T20:49:16.635Z","8336064","2","2","3893.089","37049.173333333","5"
"2362","audio","2018-05-29T20:49:31.918Z","2018-05-29T20:49:31.625Z","2018-05-29T20:49:31.625Z","2018-05-29T20:49:31.862Z","65752","1.9619791666667","0","33.434","277.43459915612","6"
"2363","video","2018-05-29T20:49:20.038Z","2018-05-29T20:49:19.148Z","2018-05-29T20:49:19.249Z","2018-05-29T20:49:20.036Z","7979128","2","2","3893.089","10138.663278272","5"
"2364","audio","2018-05-29T20:49:32.686Z","2018-05-29T20:49:32.296Z","2018-05-29T20:49:32.296Z","2018-05-29T20:49:32.664Z","64952","1.9619791666667","0","33.434","176.5","6"
"2365","video","2018-05-29T20:49:22.078Z","2018-05-29T20:49:21.556Z","2018-05-29T20:49:21.638Z","2018-05-29T20:49:22.076Z","8323040","2","2","3893.089","19002.374429224","5"
"2366","audio","2018-05-29T20:49:34.216Z","2018-05-29T20:49:33.940Z","2018-05-29T20:49:33.940Z","2018-05-29T20:49:34.194Z","65184","1.9619791666667","0","33.434","256.62992125984","6"
"2367","video","2018-05-29T20:49:24.405Z","2018-05-29T20:49:23.962Z","2018-05-29T20:49:24.031Z","2018-05-29T20:49:24.367Z","7342728","2","2","3893.089","21853.357142857","5"
"2368","audio","2018-05-29T20:49:36.663Z","2018-05-29T20:49:36.488Z","2018-05-29T20:49:36.488Z","2018-05-29T20:49:36.631Z","65280","1.9619791666667","0","33.434","456.5034965035","6"
"2369","video","2018-05-29T20:49:27.218Z","2018-05-29T20:49:26.835Z","2018-05-29T20:49:26.927Z","2018-05-29T20:49:27.184Z","8155640","2","2","3893.089","31734.007782101","5"
"2370","audio","2018-05-29T20:49:39.293Z","2018-05-29T20:49:39.096Z","2018-05-29T20:49:39.096Z","2018-05-29T20:49:39.252Z","66368","1.9619791666667","0","33.434","425.4358974359","6"
"2371","video","2018-05-29T20:49:29.308Z","2018-05-29T20:49:29.112Z","2018-05-29T20:49:29.173Z","2018-05-29T20:49:29.298Z","5158104","2","2","3893.089","41264.832","5"
"2372","audio","2018-05-29T20:49:41.398Z","2018-05-29T20:49:41.342Z","2018-05-29T20:49:41.342Z","2018-05-29T20:49:41.390Z","65200","1.9619791666667","0","33.434","1358.3333333333","6"
"2373","video","2018-05-29T20:49:34.457Z","2018-05-29T20:49:33.909Z","2018-05-29T20:49:34.113Z","2018-05-29T20:49:34.438Z","8318272","2","2","3893.089","25594.683076923","5"
"2374","audio","2018-05-29T20:49:44.009Z","2018-05-29T20:49:43.902Z","2018-05-29T20:49:43.902Z","2018-05-29T20:49:43.972Z","66232","1.9619791666667","0","33.434","946.17142857143","6"
"2375","video","2018-05-29T20:49:36.805Z","2018-05-29T20:49:36.444Z","2018-05-29T20:49:36.570Z","2018-05-29T20:49:36.785Z","8269432","2","2","3893.089","38462.474418605","5"
"2376","audio","2018-05-29T20:49:46.836Z","2018-05-29T20:49:46.771Z","2018-05-29T20:49:46.771Z","2018-05-29T20:49:46.828Z","65496","1.9619791666667","0","33.434","1149.0526315789","6"
"2377","video","2018-05-29T20:49:37.927Z","2018-05-29T20:49:37.266Z","2018-05-29T20:49:37.501Z","2018-05-29T20:49:37.910Z","9592896","2","2","3893.089","23454.513447433","5"
"2378","audio","2018-05-29T20:49:51.664Z","2018-05-29T20:49:51.594Z","2018-05-29T20:49:51.594Z","2018-05-29T20:49:51.646Z","65408","1.9619791666667","0","33.434","1257.8461538462","6"
"2379","video","2018-05-29T20:49:39.404Z","2018-05-29T20:49:39.061Z","2018-05-29T20:49:39.164Z","2018-05-29T20:49:39.402Z","5466176","2","2","3893.089","22967.12605042","5"
"2380","audio","2018-05-29T20:49:54.143Z","2018-05-29T20:49:54.105Z","2018-05-29T20:49:54.105Z","2018-05-29T20:49:54.141Z","65824","1.9619791666667","0","33.434","1828.4444444444","6"
"2381","video","2018-05-29T20:49:44.117Z","2018-05-29T20:49:43.897Z","2018-05-29T20:49:43.910Z","2018-05-29T20:49:44.107Z","2179584","2","2","3893.089","11063.878172589","5"
"2382","audio","2018-05-29T20:49:56.547Z","2018-05-29T20:49:56.411Z","2018-05-29T20:49:56.411Z","2018-05-29T20:49:56.545Z","65512","1.9619791666667","0","33.434","488.89552238806","6"
"2383","video","2018-05-29T20:49:46.974Z","2018-05-29T20:49:46.741Z","2018-05-29T20:49:46.801Z","2018-05-29T20:49:46.944Z","7794960","2","2","3893.089","54510.20979021","5"
"2384","audio","2018-05-29T20:50:01.406Z","2018-05-29T20:50:01.389Z","2018-05-29T20:50:01.389Z","2018-05-29T20:50:01.403Z","65712","1.9619791666667","0","33.434","4693.7142857143","6"
"2385","video","2018-05-29T20:49:49.365Z","2018-05-29T20:49:49.281Z","2018-05-29T20:49:49.313Z","2018-05-29T20:49:49.362Z","6775192","2","2","3893.089","138269.2244898","5"
"2386","audio","2018-05-29T20:50:01.741Z","2018-05-29T20:50:01.596Z","2018-05-29T20:50:01.596Z","2018-05-29T20:50:01.667Z","48304","1.9619791666667","0","33.434","680.33802816901","6"
"2387","video","2018-05-29T20:49:52.041Z","2018-05-29T20:49:51.586Z","2018-05-29T20:49:51.613Z","2018-05-29T20:49:52.035Z","5222840","2","2","3893.089","12376.398104265","5"
"2388","video","2018-05-29T20:49:54.616Z","2018-05-29T20:49:54.102Z","2018-05-29T20:49:54.127Z","2018-05-29T20:49:54.600Z","10179168","2","2","3893.089","21520.4397463","5"
"2389","video","2018-05-29T20:49:56.855Z","2018-05-29T20:49:56.306Z","2018-05-29T20:49:56.498Z","2018-05-29T20:49:56.853Z","9200216","2","2","3893.089","25916.101408451","5"
"2390","video","2018-05-29T20:49:59.068Z","2018-05-29T20:49:58.954Z","2018-05-29T20:49:58.984Z","2018-05-29T20:49:59.064Z","9076632","2","2","3893.089","113457.9","5"
